2 , 8.84 , 8.0 , 8 , 16
2 , 8.64 , 8.0 , 8 , 16
2 , 8.52 , 8.0 , 8 , 16
2 , 8.5 , 8.0 , 8 , 14
2 , 8.38 , 8.0 , 8 , 14
2 , 8.22 , 8.0 , 8 , 14
2 , 8.14 , 8.0 , 8 , 14
2 , 8.02 , 8.0 , 8 , 14
2 , 7.98 , 8.0 , 8 , 12
2 , 7.94 , 8.0 , 8 , 12
2 , 7.94 , 8.0 , 8 , 12
2 , 7.84 , 8.0 , 8 , 12
2 , 7.82 , 8.0 , 8 , 12
2 , 7.78 , 8.0 , 8 , 12
2 , 7.7 , 8.0 , 8 , 12
2 , 7.66 , 8.0 , 8 , 12
2 , 7.56 , 8.0 , 8 , 12
2 , 7.44 , 8.0 , 8 , 12
2 , 7.36 , 8.0 , 8 , 12
2 , 7.28 , 8.0 , 8 , 12
2 , 7.28 , 8.0 , 8 , 12
2 , 7.2 , 8.0 , 8 , 10
2 , 7.18 , 8.0 , 8 , 10
2 , 7.18 , 8.0 , 8 , 10
2 , 7.12 , 8.0 , 8 , 10
2 , 7.12 , 8.0 , 8 , 10
2 , 7.02 , 8.0 , 8 , 10
2 , 6.92 , 8.0 , 8 , 10
2 , 6.88 , 8.0 , 8 , 10
2 , 6.82 , 8.0 , 8 , 10
2 , 6.82 , 8.0 , 8 , 10
2 , 6.76 , 8.0 , 8 , 10
2 , 6.76 , 8.0 , 8 , 10
0 , 6.66 , 8.0 , 8 , 10
0 , 6.62 , 8.0 , 8 , 10
0 , 6.6 , 8.0 , 8 , 10
0 , 6.58 , 8.0 , 8 , 10
0 , 6.58 , 8.0 , 8 , 10
0 , 6.5 , 8.0 , 8 , 10
0 , 6.46 , 7.0 , 8 , 10
0 , 6.42 , 6.0 , 8 , 10
0 , 6.42 , 6.0 , 8 , 10
0 , 6.42 , 6.0 , 8 , 10
0 , 6.34 , 6.0 , 8 , 10
0 , 6.3 , 6.0 , 8 , 10
0 , 6.3 , 6.0 , 8 , 10
0 , 6.28 , 6.0 , 8 , 10
0 , 6.2 , 6.0 , 8 , 8
0 , 6.12 , 6.0 , 8 , 8
0 , 6.12 , 6.0 , 8 , 8
0 , 6.12 , 6.0 , 8 , 8
0 , 6.1 , 6.0 , 8 , 8
0 , 6.04 , 6.0 , 8 , 8
0 , 6.04 , 6.0 , 8 , 8
0 , 6.04 , 6.0 , 8 , 8
0 , 6.04 , 6.0 , 8 , 8
0 , 6.0 , 6.0 , 8 , 8
0 , 5.98 , 6.0 , 8 , 8
0 , 5.94 , 6.0 , 8 , 8
0 , 5.9 , 6.0 , 8 , 8
0 , 5.88 , 6.0 , 8 , 8
0 , 5.86 , 6.0 , 8 , 8
0 , 5.84 , 6.0 , 8 , 8
0 , 5.8 , 6.0 , 8 , 8
0 , 5.8 , 6.0 , 8 , 8
0 , 5.78 , 6.0 , 6 , 8
0 , 5.7 , 6.0 , 6 , 8
0 , 5.7 , 6.0 , 6 , 8
0 , 5.7 , 6.0 , 6 , 8
0 , 5.68 , 6.0 , 6 , 8
0 , 5.68 , 6.0 , 6 , 8
0 , 5.68 , 6.0 , 6 , 8
0 , 5.6 , 6.0 , 6 , 8
0 , 5.6 , 6.0 , 6 , 8
0 , 5.6 , 6.0 , 6 , 8
0 , 5.6 , 6.0 , 6 , 8
0 , 5.6 , 6.0 , 6 , 8
0 , 5.6 , 6.0 , 6 , 8
0 , 5.56 , 6.0 , 6 , 8
0 , 5.56 , 6.0 , 6 , 8
0 , 5.56 , 6.0 , 6 , 8
0 , 5.54 , 6.0 , 6 , 8
0 , 5.52 , 6.0 , 6 , 8
0 , 5.48 , 6.0 , 6 , 8
0 , 5.48 , 6.0 , 6 , 8
0 , 5.46 , 6.0 , 6 , 8
0 , 5.46 , 6.0 , 6 , 8
0 , 5.42 , 6.0 , 6 , 8
0 , 5.42 , 6.0 , 6 , 8
0 , 5.38 , 6.0 , 6 , 8
0 , 5.38 , 6.0 , 6 , 8
0 , 5.34 , 6.0 , 6 , 8
0 , 5.34 , 6.0 , 6 , 8
0 , 5.32 , 6.0 , 6 , 8
0 , 5.28 , 6.0 , 6 , 8
0 , 5.26 , 6.0 , 6 , 8
0 , 5.24 , 6.0 , 6 , 8
0 , 5.24 , 6.0 , 6 , 8
0 , 5.18 , 6.0 , 6 , 8
0 , 5.16 , 6.0 , 6 , 8
0 , 5.14 , 6.0 , 6 , 8
0 , 5.1 , 6.0 , 6 , 8
0 , 5.1 , 6.0 , 6 , 8
0 , 5.08 , 6.0 , 6 , 8
0 , 5.02 , 6.0 , 6 , 8
0 , 4.96 , 6.0 , 6 , 8
0 , 4.96 , 6.0 , 6 , 8
0 , 4.96 , 6.0 , 6 , 8
0 , 4.9 , 6.0 , 6 , 8
0 , 4.88 , 6.0 , 6 , 8
0 , 4.8 , 6.0 , 6 , 8
0 , 4.8 , 6.0 , 6 , 8
0 , 4.8 , 6.0 , 6 , 8
0 , 4.78 , 6.0 , 6 , 8
0 , 4.76 , 6.0 , 6 , 6
0 , 4.76 , 6.0 , 6 , 6
0 , 4.76 , 6.0 , 6 , 6
0 , 4.72 , 6.0 , 6 , 6
0 , 4.72 , 6.0 , 6 , 6
0 , 4.72 , 6.0 , 6 , 6
0 , 4.72 , 6.0 , 6 , 6
0 , 4.7 , 6.0 , 6 , 6
0 , 4.68 , 6.0 , 6 , 6
0 , 4.68 , 6.0 , 6 , 6
0 , 4.68 , 6.0 , 6 , 6
0 , 4.68 , 6.0 , 6 , 6
0 , 4.68 , 6.0 , 6 , 6
0 , 4.68 , 6.0 , 6 , 6
0 , 4.68 , 6.0 , 6 , 6
0 , 4.68 , 6.0 , 6 , 6
0 , 4.66 , 6.0 , 6 , 6
0 , 4.66 , 6.0 , 6 , 6
0 , 4.62 , 5.0 , 6 , 6
0 , 4.62 , 5.0 , 6 , 6
0 , 4.62 , 5.0 , 6 , 6
0 , 4.62 , 5.0 , 6 , 6
0 , 4.62 , 5.0 , 6 , 6
0 , 4.62 , 5.0 , 6 , 6
0 , 4.62 , 5.0 , 6 , 6
0 , 4.62 , 5.0 , 6 , 6
0 , 4.62 , 5.0 , 6 , 6
0 , 4.58 , 4.0 , 6 , 6
0 , 4.58 , 4.0 , 6 , 6
0 , 4.58 , 4.0 , 6 , 6
0 , 4.58 , 4.0 , 6 , 6
0 , 4.58 , 4.0 , 6 , 6
0 , 4.54 , 4.0 , 6 , 6
0 , 4.48 , 4.0 , 6 , 6
0 , 4.44 , 4.0 , 6 , 6
0 , 4.42 , 4.0 , 6 , 6
0 , 4.4 , 4.0 , 6 , 6
0 , 4.4 , 4.0 , 6 , 6
0 , 4.4 , 4.0 , 6 , 6
0 , 4.36 , 4.0 , 6 , 6
0 , 4.36 , 4.0 , 6 , 6
0 , 4.36 , 4.0 , 6 , 6
0 , 4.36 , 4.0 , 6 , 6
0 , 4.36 , 4.0 , 6 , 6
0 , 4.36 , 4.0 , 6 , 6
0 , 4.36 , 4.0 , 6 , 6
0 , 4.32 , 4.0 , 6 , 6
0 , 4.32 , 4.0 , 6 , 6
0 , 4.3 , 4.0 , 4 , 6
0 , 4.28 , 4.0 , 4 , 6
0 , 4.28 , 4.0 , 4 , 6
0 , 4.22 , 4.0 , 4 , 6
0 , 4.22 , 4.0 , 4 , 6
0 , 4.22 , 4.0 , 4 , 6
0 , 4.2 , 4.0 , 4 , 6
0 , 4.2 , 4.0 , 4 , 6
0 , 4.2 , 4.0 , 4 , 6
0 , 4.18 , 4.0 , 4 , 6
0 , 4.16 , 4.0 , 4 , 6
0 , 4.16 , 4.0 , 4 , 6
0 , 4.16 , 4.0 , 4 , 6
0 , 4.16 , 4.0 , 4 , 6
0 , 4.16 , 4.0 , 4 , 6
0 , 4.16 , 4.0 , 4 , 6
0 , 4.1 , 4.0 , 4 , 6
0 , 4.1 , 4.0 , 4 , 6
0 , 4.1 , 4.0 , 4 , 6
0 , 4.1 , 4.0 , 4 , 6
0 , 4.08 , 4.0 , 4 , 6
0 , 4.08 , 4.0 , 4 , 6
0 , 4.04 , 4.0 , 4 , 6
0 , 4.0 , 4.0 , 4 , 6
0 , 4.0 , 4.0 , 4 , 6
0 , 4.0 , 4.0 , 4 , 6
0 , 4.0 , 4.0 , 4 , 6
0 , 4.0 , 4.0 , 4 , 6
0 , 4.0 , 4.0 , 4 , 6
0 , 4.0 , 4.0 , 4 , 6
0 , 4.0 , 4.0 , 4 , 6
0 , 4.0 , 4.0 , 4 , 6
0 , 3.96 , 4.0 , 4 , 6
0 , 3.96 , 4.0 , 4 , 6
0 , 3.96 , 4.0 , 4 , 6
0 , 3.96 , 4.0 , 4 , 6
0 , 3.96 , 4.0 , 4 , 6
0 , 3.94 , 4.0 , 4 , 6
0 , 3.94 , 4.0 , 4 , 6
0 , 3.94 , 4.0 , 4 , 6
0 , 3.92 , 4.0 , 4 , 6
0 , 3.92 , 4.0 , 4 , 6
0 , 3.92 , 4.0 , 4 , 6
0 , 3.9 , 4.0 , 4 , 6
0 , 3.9 , 4.0 , 4 , 6
0 , 3.9 , 4.0 , 4 , 6
0 , 3.86 , 4.0 , 4 , 6
0 , 3.86 , 4.0 , 4 , 6
0 , 3.84 , 4.0 , 4 , 6
0 , 3.78 , 4.0 , 4 , 6
0 , 3.76 , 4.0 , 4 , 6
0 , 3.76 , 4.0 , 4 , 6
0 , 3.76 , 4.0 , 4 , 6
0 , 3.68 , 4.0 , 4 , 6
0 , 3.66 , 4.0 , 4 , 6
0 , 3.66 , 4.0 , 4 , 6
0 , 3.64 , 4.0 , 4 , 6
0 , 3.6 , 4.0 , 4 , 6
0 , 3.58 , 4.0 , 4 , 6
0 , 3.58 , 4.0 , 4 , 6
0 , 3.58 , 4.0 , 4 , 6
0 , 3.58 , 4.0 , 4 , 6
0 , 3.54 , 4.0 , 4 , 6
0 , 3.5 , 4.0 , 4 , 6
0 , 3.46 , 4.0 , 4 , 6
0 , 3.46 , 4.0 , 4 , 6
0 , 3.46 , 4.0 , 4 , 6
0 , 3.46 , 4.0 , 4 , 6
0 , 3.46 , 4.0 , 4 , 6
0 , 3.44 , 4.0 , 4 , 6
0 , 3.44 , 4.0 , 4 , 6
0 , 3.38 , 4.0 , 4 , 6
0 , 3.36 , 4.0 , 4 , 6
0 , 3.34 , 4.0 , 4 , 6
0 , 3.34 , 4.0 , 4 , 6
0 , 3.34 , 4.0 , 4 , 6
0 , 3.34 , 4.0 , 4 , 6
0 , 3.32 , 4.0 , 4 , 6
0 , 3.32 , 4.0 , 4 , 6
0 , 3.3 , 4.0 , 4 , 6
0 , 3.3 , 4.0 , 4 , 6
0 , 3.26 , 4.0 , 4 , 6
0 , 3.24 , 4.0 , 4 , 6
0 , 3.18 , 4.0 , 4 , 6
0 , 3.16 , 4.0 , 4 , 6
0 , 3.16 , 4.0 , 4 , 6
0 , 3.14 , 4.0 , 4 , 4
0 , 3.14 , 4.0 , 4 , 4
0 , 3.14 , 4.0 , 4 , 4
0 , 3.14 , 4.0 , 4 , 4
0 , 3.14 , 4.0 , 4 , 4
0 , 3.14 , 4.0 , 4 , 4
0 , 3.14 , 4.0 , 4 , 4
0 , 3.14 , 4.0 , 4 , 4
0 , 3.14 , 4.0 , 4 , 4
0 , 3.14 , 4.0 , 4 , 4
0 , 3.14 , 4.0 , 4 , 4
0 , 3.14 , 4.0 , 4 , 4
0 , 3.14 , 4.0 , 4 , 4
0 , 3.14 , 4.0 , 4 , 4
0 , 3.14 , 4.0 , 4 , 4
0 , 3.14 , 4.0 , 4 , 4
0 , 3.14 , 4.0 , 4 , 4
0 , 3.14 , 4.0 , 4 , 4
0 , 3.14 , 4.0 , 4 , 4
0 , 3.14 , 4.0 , 4 , 4
0 , 3.14 , 4.0 , 4 , 4
0 , 3.14 , 4.0 , 4 , 4
0 , 3.1 , 4.0 , 4 , 4
0 , 3.1 , 4.0 , 4 , 4
0 , 3.1 , 4.0 , 4 , 4
0 , 3.1 , 4.0 , 4 , 4
0 , 3.08 , 4.0 , 4 , 4
0 , 3.08 , 4.0 , 4 , 4
0 , 3.08 , 4.0 , 4 , 4
0 , 3.08 , 4.0 , 4 , 4
0 , 3.08 , 4.0 , 4 , 4
0 , 3.08 , 4.0 , 4 , 4
0 , 3.08 , 4.0 , 4 , 4
0 , 3.08 , 4.0 , 4 , 4
0 , 3.08 , 4.0 , 4 , 4
0 , 3.08 , 4.0 , 4 , 4
0 , 3.08 , 4.0 , 4 , 4
0 , 3.08 , 4.0 , 4 , 4
0 , 3.08 , 4.0 , 4 , 4
0 , 3.08 , 4.0 , 4 , 4
0 , 3.08 , 4.0 , 4 , 4
0 , 3.08 , 4.0 , 4 , 4
0 , 3.08 , 4.0 , 4 , 4
0 , 3.08 , 4.0 , 4 , 4
0 , 3.06 , 4.0 , 4 , 4
0 , 3.06 , 4.0 , 4 , 4
0 , 3.06 , 4.0 , 4 , 4
0 , 3.06 , 4.0 , 4 , 4
0 , 3.06 , 4.0 , 4 , 4
0 , 3.04 , 4.0 , 4 , 4
0 , 3.04 , 4.0 , 4 , 4
0 , 3.04 , 4.0 , 4 , 4
0 , 3.04 , 4.0 , 4 , 4
0 , 3.04 , 4.0 , 4 , 4
0 , 3.04 , 4.0 , 4 , 4
0 , 3.04 , 4.0 , 4 , 4
0 , 3.04 , 4.0 , 4 , 4
0 , 3.04 , 4.0 , 4 , 4
0 , 3.04 , 4.0 , 4 , 4
0 , 3.04 , 4.0 , 4 , 4
0 , 3.04 , 4.0 , 4 , 4
0 , 3.04 , 4.0 , 4 , 4
0 , 3.04 , 4.0 , 4 , 4
0 , 3.04 , 4.0 , 4 , 4
0 , 3.04 , 4.0 , 4 , 4
0 , 3.04 , 4.0 , 4 , 4
0 , 3.04 , 4.0 , 4 , 4
0 , 3.04 , 4.0 , 4 , 4
0 , 3.04 , 4.0 , 4 , 4
0 , 3.04 , 4.0 , 4 , 4
0 , 3.04 , 4.0 , 4 , 4
0 , 3.04 , 4.0 , 4 , 4
0 , 3.04 , 4.0 , 4 , 4
0 , 3.04 , 4.0 , 4 , 4
0 , 3.02 , 4.0 , 4 , 4
0 , 3.02 , 4.0 , 4 , 4
0 , 3.02 , 4.0 , 4 , 4
0 , 3.02 , 4.0 , 4 , 4
0 , 3.02 , 4.0 , 4 , 4
0 , 3.02 , 4.0 , 4 , 4
0 , 3.02 , 4.0 , 4 , 4
0 , 3.02 , 4.0 , 4 , 4
0 , 3.02 , 4.0 , 4 , 4
0 , 3.02 , 4.0 , 4 , 4
0 , 3.02 , 4.0 , 4 , 4
0 , 3.02 , 4.0 , 4 , 4
0 , 3.02 , 4.0 , 4 , 4
0 , 3.02 , 4.0 , 4 , 4
0 , 3.02 , 4.0 , 4 , 4
0 , 3.02 , 4.0 , 4 , 4
0 , 3.02 , 4.0 , 4 , 4
0 , 3.0 , 4.0 , 4 , 4
0 , 3.0 , 4.0 , 4 , 4
0 , 3.0 , 4.0 , 4 , 4
0 , 3.0 , 4.0 , 4 , 4
0 , 3.0 , 4.0 , 4 , 4
0 , 2.96 , 4.0 , 4 , 4
0 , 2.96 , 4.0 , 4 , 4
0 , 2.96 , 4.0 , 4 , 4
0 , 2.94 , 4.0 , 4 , 4
0 , 2.94 , 4.0 , 4 , 4
0 , 2.94 , 4.0 , 4 , 4
0 , 2.92 , 4.0 , 4 , 4
0 , 2.92 , 4.0 , 4 , 4
0 , 2.92 , 4.0 , 4 , 4
0 , 2.92 , 4.0 , 4 , 4
0 , 2.92 , 4.0 , 4 , 4
0 , 2.92 , 4.0 , 4 , 4
0 , 2.92 , 4.0 , 4 , 4
0 , 2.9 , 4.0 , 4 , 4
0 , 2.88 , 4.0 , 4 , 4
0 , 2.88 , 4.0 , 4 , 4
0 , 2.88 , 4.0 , 4 , 4
0 , 2.88 , 4.0 , 4 , 4
0 , 2.88 , 4.0 , 4 , 4
0 , 2.88 , 4.0 , 4 , 4
0 , 2.88 , 4.0 , 4 , 4
0 , 2.86 , 4.0 , 4 , 4
0 , 2.86 , 4.0 , 4 , 4
0 , 2.86 , 4.0 , 4 , 4
0 , 2.86 , 4.0 , 4 , 4
0 , 2.86 , 4.0 , 4 , 4
0 , 2.86 , 4.0 , 4 , 4
0 , 2.86 , 4.0 , 4 , 4
0 , 2.86 , 4.0 , 4 , 4
0 , 2.86 , 4.0 , 4 , 4
0 , 2.86 , 4.0 , 4 , 4
0 , 2.86 , 4.0 , 4 , 4
0 , 2.86 , 4.0 , 4 , 4
0 , 2.84 , 4.0 , 4 , 4
0 , 2.84 , 4.0 , 4 , 4
0 , 2.84 , 4.0 , 4 , 4
0 , 2.84 , 4.0 , 4 , 4
0 , 2.84 , 4.0 , 4 , 4
0 , 2.84 , 4.0 , 4 , 4
0 , 2.84 , 4.0 , 4 , 4
0 , 2.84 , 4.0 , 4 , 4
0 , 2.82 , 4.0 , 4 , 4
0 , 2.82 , 4.0 , 4 , 4
0 , 2.82 , 4.0 , 4 , 4
0 , 2.82 , 4.0 , 4 , 4
0 , 2.82 , 4.0 , 4 , 4
0 , 2.8 , 3.0 , 4 , 4
0 , 2.8 , 3.0 , 4 , 4
0 , 2.8 , 3.0 , 4 , 4
0 , 2.8 , 3.0 , 4 , 4
0 , 2.8 , 3.0 , 4 , 4
0 , 2.8 , 3.0 , 4 , 4
0 , 2.8 , 3.0 , 4 , 4
0 , 2.8 , 3.0 , 4 , 4
0 , 2.8 , 3.0 , 4 , 4
0 , 2.8 , 3.0 , 4 , 4
0 , 2.8 , 3.0 , 4 , 4
0 , 2.8 , 3.0 , 4 , 4
0 , 2.8 , 3.0 , 4 , 4
0 , 2.8 , 3.0 , 4 , 4
0 , 2.8 , 3.0 , 4 , 4
0 , 2.8 , 3.0 , 4 , 4
0 , 2.8 , 3.0 , 4 , 4
0 , 2.8 , 3.0 , 4 , 4
0 , 2.8 , 3.0 , 4 , 4
0 , 2.78 , 2.0 , 4 , 4
0 , 2.78 , 2.0 , 4 , 4
0 , 2.78 , 2.0 , 4 , 4
0 , 2.74 , 2.0 , 4 , 4
0 , 2.74 , 2.0 , 4 , 4
0 , 2.72 , 2.0 , 4 , 4
0 , 2.7 , 2.0 , 4 , 4
0 , 2.7 , 2.0 , 4 , 4
0 , 2.68 , 2.0 , 4 , 4
0 , 2.64 , 2.0 , 2 , 4
0 , 2.64 , 2.0 , 2 , 4
0 , 2.64 , 2.0 , 2 , 4
0 , 2.64 , 2.0 , 2 , 4
0 , 2.64 , 2.0 , 2 , 4
0 , 2.64 , 2.0 , 2 , 4
0 , 2.64 , 2.0 , 2 , 4
0 , 2.64 , 2.0 , 2 , 4
0 , 2.64 , 2.0 , 2 , 4
0 , 2.64 , 2.0 , 2 , 4
0 , 2.64 , 2.0 , 2 , 4
0 , 2.62 , 2.0 , 2 , 4
0 , 2.62 , 2.0 , 2 , 4
0 , 2.62 , 2.0 , 2 , 4
0 , 2.62 , 2.0 , 2 , 4
0 , 2.62 , 2.0 , 2 , 4
0 , 2.62 , 2.0 , 2 , 4
0 , 2.62 , 2.0 , 2 , 4
0 , 2.62 , 2.0 , 2 , 4
0 , 2.62 , 2.0 , 2 , 4
0 , 2.62 , 2.0 , 2 , 4
0 , 2.62 , 2.0 , 2 , 4
0 , 2.62 , 2.0 , 2 , 4
0 , 2.62 , 2.0 , 2 , 4
0 , 2.62 , 2.0 , 2 , 4
0 , 2.62 , 2.0 , 2 , 4
0 , 2.62 , 2.0 , 2 , 4
0 , 2.6 , 2.0 , 2 , 4
0 , 2.6 , 2.0 , 2 , 4
0 , 2.6 , 2.0 , 2 , 4
0 , 2.6 , 2.0 , 2 , 4
0 , 2.6 , 2.0 , 2 , 4
0 , 2.6 , 2.0 , 2 , 4
0 , 2.6 , 2.0 , 2 , 4
0 , 2.58 , 2.0 , 2 , 4
0 , 2.58 , 2.0 , 2 , 4
0 , 2.58 , 2.0 , 2 , 4
0 , 2.58 , 2.0 , 2 , 4
0 , 2.58 , 2.0 , 2 , 4
0 , 2.58 , 2.0 , 2 , 4
0 , 2.58 , 2.0 , 2 , 4
0 , 2.56 , 2.0 , 2 , 4
0 , 2.56 , 2.0 , 2 , 4
0 , 2.56 , 2.0 , 2 , 4
0 , 2.56 , 2.0 , 2 , 4
0 , 2.56 , 2.0 , 2 , 4
0 , 2.56 , 2.0 , 2 , 4
0 , 2.56 , 2.0 , 2 , 4
0 , 2.56 , 2.0 , 2 , 4
0 , 2.56 , 2.0 , 2 , 4
0 , 2.56 , 2.0 , 2 , 4
0 , 2.56 , 2.0 , 2 , 4
0 , 2.56 , 2.0 , 2 , 4
0 , 2.56 , 2.0 , 2 , 4
0 , 2.56 , 2.0 , 2 , 4
0 , 2.56 , 2.0 , 2 , 4
0 , 2.56 , 2.0 , 2 , 4
0 , 2.56 , 2.0 , 2 , 4
0 , 2.56 , 2.0 , 2 , 4
0 , 2.56 , 2.0 , 2 , 4
0 , 2.54 , 2.0 , 2 , 4
0 , 2.54 , 2.0 , 2 , 4
0 , 2.54 , 2.0 , 2 , 4
0 , 2.54 , 2.0 , 2 , 4
0 , 2.54 , 2.0 , 2 , 4
0 , 2.54 , 2.0 , 2 , 4
0 , 2.54 , 2.0 , 2 , 4
0 , 2.54 , 2.0 , 2 , 4
0 , 2.5 , 2.0 , 2 , 4
0 , 2.5 , 2.0 , 2 , 4
0 , 2.5 , 2.0 , 2 , 4
0 , 2.5 , 2.0 , 2 , 4
0 , 2.48 , 2.0 , 2 , 4
0 , 2.48 , 2.0 , 2 , 4
0 , 2.48 , 2.0 , 2 , 4
0 , 2.48 , 2.0 , 2 , 4
0 , 2.48 , 2.0 , 2 , 4
0 , 2.48 , 2.0 , 2 , 4
0 , 2.48 , 2.0 , 2 , 4
0 , 2.46 , 2.0 , 2 , 4
0 , 2.46 , 2.0 , 2 , 4
0 , 2.46 , 2.0 , 2 , 4
0 , 2.46 , 2.0 , 2 , 4
0 , 2.46 , 2.0 , 2 , 4
0 , 2.42 , 2.0 , 2 , 4
0 , 2.42 , 2.0 , 2 , 4
0 , 2.42 , 2.0 , 2 , 4
0 , 2.42 , 2.0 , 2 , 4
0 , 2.42 , 2.0 , 2 , 4
0 , 2.42 , 2.0 , 2 , 4
0 , 2.42 , 2.0 , 2 , 4
0 , 2.42 , 2.0 , 2 , 4
0 , 2.42 , 2.0 , 2 , 4
0 , 2.42 , 2.0 , 2 , 4
0 , 2.42 , 2.0 , 2 , 4
0 , 2.42 , 2.0 , 2 , 4
0 , 2.42 , 2.0 , 2 , 4
0 , 2.42 , 2.0 , 2 , 4
0 , 2.42 , 2.0 , 2 , 4
0 , 2.42 , 2.0 , 2 , 4
0 , 2.42 , 2.0 , 2 , 4
0 , 2.42 , 2.0 , 2 , 4
0 , 2.42 , 2.0 , 2 , 4
0 , 2.42 , 2.0 , 2 , 4
0 , 2.4 , 2.0 , 2 , 4
0 , 2.4 , 2.0 , 2 , 4
0 , 2.4 , 2.0 , 2 , 4
0 , 2.4 , 2.0 , 2 , 4
0 , 2.4 , 2.0 , 2 , 4
0 , 2.4 , 2.0 , 2 , 4
0 , 2.4 , 2.0 , 2 , 4
0 , 2.4 , 2.0 , 2 , 4
0 , 2.38 , 2.0 , 2 , 4
0 , 2.38 , 2.0 , 2 , 4
0 , 2.36 , 2.0 , 2 , 4
0 , 2.36 , 2.0 , 2 , 4
0 , 2.34 , 2.0 , 2 , 4
0 , 2.3 , 2.0 , 2 , 4
0 , 2.3 , 2.0 , 2 , 4
0 , 2.3 , 2.0 , 2 , 4
0 , 2.3 , 2.0 , 2 , 4
0 , 2.28 , 2.0 , 2 , 4
0 , 2.28 , 2.0 , 2 , 4
0 , 2.28 , 2.0 , 2 , 4
0 , 2.28 , 2.0 , 2 , 4
0 , 2.28 , 2.0 , 2 , 4
0 , 2.28 , 2.0 , 2 , 4
0 , 2.28 , 2.0 , 2 , 4
0 , 2.26 , 2.0 , 2 , 4
0 , 2.26 , 2.0 , 2 , 4
0 , 2.26 , 2.0 , 2 , 4
0 , 2.26 , 2.0 , 2 , 4
0 , 2.26 , 2.0 , 2 , 4
0 , 2.24 , 2.0 , 2 , 4
0 , 2.24 , 2.0 , 2 , 4
0 , 2.24 , 2.0 , 2 , 4
0 , 2.24 , 2.0 , 2 , 4
0 , 2.24 , 2.0 , 2 , 4
0 , 2.24 , 2.0 , 2 , 4
0 , 2.24 , 2.0 , 2 , 4
0 , 2.24 , 2.0 , 2 , 4
0 , 2.24 , 2.0 , 2 , 4
0 , 2.24 , 2.0 , 2 , 4
0 , 2.24 , 2.0 , 2 , 4
0 , 2.24 , 2.0 , 2 , 4
0 , 2.22 , 2.0 , 2 , 4
0 , 2.22 , 2.0 , 2 , 4
0 , 2.22 , 2.0 , 2 , 4
0 , 2.22 , 2.0 , 2 , 4
0 , 2.22 , 2.0 , 2 , 4
0 , 2.22 , 2.0 , 2 , 4
0 , 2.22 , 2.0 , 2 , 4
0 , 2.2 , 2.0 , 2 , 4
0 , 2.2 , 2.0 , 2 , 4
0 , 2.2 , 2.0 , 2 , 4
0 , 2.2 , 2.0 , 2 , 4
0 , 2.2 , 2.0 , 2 , 4
0 , 2.2 , 2.0 , 2 , 4
0 , 2.2 , 2.0 , 2 , 4
0 , 2.2 , 2.0 , 2 , 4
0 , 2.2 , 2.0 , 2 , 4
0 , 2.16 , 2.0 , 2 , 4
0 , 2.14 , 2.0 , 2 , 4
0 , 2.1 , 2.0 , 2 , 4
0 , 2.1 , 2.0 , 2 , 4
0 , 2.06 , 2.0 , 2 , 4
0 , 2.06 , 2.0 , 2 , 4
0 , 2.06 , 2.0 , 2 , 4
0 , 2.06 , 2.0 , 2 , 4
0 , 2.06 , 2.0 , 2 , 4
0 , 2.06 , 2.0 , 2 , 4
0 , 2.04 , 2.0 , 2 , 4
0 , 2.04 , 2.0 , 2 , 4
0 , 2.04 , 2.0 , 2 , 4
0 , 2.04 , 2.0 , 2 , 4
0 , 2.04 , 2.0 , 2 , 4
0 , 2.04 , 2.0 , 2 , 4
0 , 2.04 , 2.0 , 2 , 4
0 , 2.02 , 2.0 , 2 , 4
0 , 2.02 , 2.0 , 2 , 4
0 , 2.02 , 2.0 , 2 , 4
0 , 1.98 , 2.0 , 2 , 4
0 , 1.98 , 2.0 , 2 , 4
0 , 1.98 , 2.0 , 2 , 4
0 , 1.98 , 2.0 , 2 , 4
0 , 1.98 , 2.0 , 2 , 4
0 , 1.98 , 2.0 , 2 , 4
0 , 1.98 , 2.0 , 2 , 4
0 , 1.96 , 2.0 , 2 , 4
0 , 1.94 , 2.0 , 2 , 4
0 , 1.94 , 2.0 , 2 , 4
0 , 1.94 , 2.0 , 2 , 4
0 , 1.94 , 2.0 , 2 , 4
0 , 1.92 , 2.0 , 2 , 4
0 , 1.92 , 2.0 , 2 , 4
0 , 1.92 , 2.0 , 2 , 4
0 , 1.88 , 2.0 , 2 , 4
0 , 1.88 , 2.0 , 2 , 4
0 , 1.86 , 2.0 , 2 , 4
0 , 1.86 , 2.0 , 2 , 4
0 , 1.86 , 2.0 , 2 , 4
0 , 1.86 , 2.0 , 2 , 4
0 , 1.84 , 2.0 , 2 , 4
0 , 1.84 , 2.0 , 2 , 4
0 , 1.84 , 2.0 , 2 , 4
0 , 1.84 , 2.0 , 2 , 4
0 , 1.84 , 2.0 , 2 , 4
0 , 1.82 , 2.0 , 2 , 4
0 , 1.82 , 2.0 , 2 , 4
0 , 1.82 , 2.0 , 2 , 4
0 , 1.82 , 2.0 , 2 , 4
0 , 1.82 , 2.0 , 2 , 4
0 , 1.82 , 2.0 , 2 , 4
0 , 1.82 , 2.0 , 2 , 4
0 , 1.78 , 2.0 , 2 , 4
0 , 1.76 , 2.0 , 2 , 4
0 , 1.76 , 2.0 , 2 , 4
0 , 1.76 , 2.0 , 2 , 4
0 , 1.76 , 2.0 , 2 , 4
0 , 1.76 , 2.0 , 2 , 4
0 , 1.76 , 2.0 , 2 , 4
0 , 1.76 , 2.0 , 2 , 4
0 , 1.76 , 2.0 , 2 , 4
0 , 1.76 , 2.0 , 2 , 4
0 , 1.74 , 2.0 , 2 , 4
0 , 1.74 , 2.0 , 2 , 4
0 , 1.74 , 2.0 , 2 , 4
0 , 1.74 , 2.0 , 2 , 4
0 , 1.74 , 2.0 , 2 , 4
0 , 1.74 , 2.0 , 2 , 4
0 , 1.74 , 2.0 , 2 , 4
0 , 1.74 , 2.0 , 2 , 4
0 , 1.74 , 2.0 , 2 , 4
0 , 1.74 , 2.0 , 2 , 4
0 , 1.72 , 2.0 , 2 , 4
0 , 1.72 , 2.0 , 2 , 4
0 , 1.72 , 2.0 , 2 , 4
0 , 1.72 , 2.0 , 2 , 4
0 , 1.72 , 2.0 , 2 , 4
0 , 1.72 , 2.0 , 2 , 4
0 , 1.72 , 2.0 , 2 , 4
0 , 1.72 , 2.0 , 2 , 4
0 , 1.68 , 2.0 , 2 , 4
0 , 1.68 , 2.0 , 2 , 4
0 , 1.68 , 2.0 , 2 , 4
0 , 1.68 , 2.0 , 2 , 4
0 , 1.68 , 2.0 , 2 , 4
0 , 1.68 , 2.0 , 2 , 4
0 , 1.68 , 2.0 , 2 , 4
0 , 1.68 , 2.0 , 2 , 4
0 , 1.68 , 2.0 , 2 , 4
0 , 1.66 , 2.0 , 2 , 4
0 , 1.66 , 2.0 , 2 , 4
0 , 1.66 , 2.0 , 2 , 4
0 , 1.66 , 2.0 , 2 , 4
0 , 1.66 , 2.0 , 2 , 4
0 , 1.66 , 2.0 , 2 , 4
0 , 1.6 , 2.0 , 2 , 4
0 , 1.6 , 2.0 , 2 , 4
0 , 1.6 , 2.0 , 2 , 4
0 , 1.6 , 2.0 , 2 , 4
0 , 1.6 , 2.0 , 2 , 4
0 , 1.6 , 2.0 , 2 , 4
0 , 1.6 , 2.0 , 2 , 4
0 , 1.6 , 2.0 , 2 , 4
0 , 1.6 , 2.0 , 2 , 4
0 , 1.6 , 2.0 , 2 , 4
0 , 1.6 , 2.0 , 2 , 4
0 , 1.6 , 2.0 , 2 , 4
0 , 1.6 , 2.0 , 2 , 4
0 , 1.6 , 2.0 , 2 , 4
0 , 1.6 , 2.0 , 2 , 4
0 , 1.6 , 2.0 , 2 , 4
0 , 1.6 , 2.0 , 2 , 4
0 , 1.6 , 2.0 , 2 , 4
0 , 1.6 , 2.0 , 2 , 4
0 , 1.6 , 2.0 , 2 , 4
0 , 1.6 , 2.0 , 2 , 4
0 , 1.6 , 2.0 , 2 , 4
0 , 1.6 , 2.0 , 2 , 4
0 , 1.6 , 2.0 , 2 , 4
0 , 1.6 , 2.0 , 2 , 4
0 , 1.6 , 2.0 , 2 , 4
0 , 1.6 , 2.0 , 2 , 4
0 , 1.6 , 2.0 , 2 , 4
0 , 1.6 , 2.0 , 2 , 4
0 , 1.6 , 2.0 , 2 , 4
0 , 1.6 , 2.0 , 2 , 4
0 , 1.58 , 2.0 , 2 , 4
0 , 1.58 , 2.0 , 2 , 4
0 , 1.58 , 2.0 , 2 , 4
0 , 1.58 , 2.0 , 2 , 4
0 , 1.58 , 2.0 , 2 , 4
0 , 1.58 , 2.0 , 2 , 4
0 , 1.58 , 2.0 , 2 , 4
0 , 1.58 , 2.0 , 2 , 4
0 , 1.58 , 2.0 , 2 , 4
0 , 1.58 , 2.0 , 2 , 4
0 , 1.58 , 2.0 , 2 , 4
0 , 1.58 , 2.0 , 2 , 4
0 , 1.58 , 2.0 , 2 , 4
0 , 1.58 , 2.0 , 2 , 4
0 , 1.54 , 2.0 , 2 , 2
0 , 1.54 , 2.0 , 2 , 2
0 , 1.54 , 2.0 , 2 , 2
0 , 1.54 , 2.0 , 2 , 2
0 , 1.54 , 2.0 , 2 , 2
0 , 1.54 , 2.0 , 2 , 2
0 , 1.54 , 2.0 , 2 , 2
0 , 1.54 , 2.0 , 2 , 2
0 , 1.54 , 2.0 , 2 , 2
0 , 1.54 , 2.0 , 2 , 2
0 , 1.54 , 2.0 , 2 , 2
0 , 1.54 , 2.0 , 2 , 2
0 , 1.54 , 2.0 , 2 , 2
0 , 1.54 , 2.0 , 2 , 2
0 , 1.54 , 2.0 , 2 , 2
0 , 1.54 , 2.0 , 2 , 2
0 , 1.54 , 2.0 , 2 , 2
0 , 1.54 , 2.0 , 2 , 2
0 , 1.54 , 2.0 , 2 , 2
0 , 1.54 , 2.0 , 2 , 2
0 , 1.54 , 2.0 , 2 , 2
0 , 1.54 , 2.0 , 2 , 2
0 , 1.54 , 2.0 , 2 , 2
0 , 1.54 , 2.0 , 2 , 2
0 , 1.54 , 2.0 , 2 , 2
0 , 1.54 , 2.0 , 2 , 2
0 , 1.54 , 2.0 , 2 , 2
0 , 1.54 , 2.0 , 2 , 2
0 , 1.54 , 2.0 , 2 , 2
0 , 1.54 , 2.0 , 2 , 2
0 , 1.54 , 2.0 , 2 , 2
0 , 1.54 , 2.0 , 2 , 2
0 , 1.54 , 2.0 , 2 , 2
0 , 1.54 , 2.0 , 2 , 2
0 , 1.54 , 2.0 , 2 , 2
0 , 1.54 , 2.0 , 2 , 2
0 , 1.52 , 2.0 , 2 , 2
0 , 1.52 , 2.0 , 2 , 2
0 , 1.52 , 2.0 , 2 , 2
0 , 1.52 , 2.0 , 2 , 2
0 , 1.52 , 2.0 , 2 , 2
0 , 1.52 , 2.0 , 2 , 2
0 , 1.52 , 2.0 , 2 , 2
0 , 1.52 , 2.0 , 2 , 2
0 , 1.52 , 2.0 , 2 , 2
0 , 1.52 , 2.0 , 2 , 2
0 , 1.52 , 2.0 , 2 , 2
0 , 1.52 , 2.0 , 2 , 2
0 , 1.52 , 2.0 , 2 , 2
0 , 1.52 , 2.0 , 2 , 2
0 , 1.52 , 2.0 , 2 , 2
0 , 1.52 , 2.0 , 2 , 2
0 , 1.52 , 2.0 , 2 , 2
0 , 1.52 , 2.0 , 2 , 2
0 , 1.52 , 2.0 , 2 , 2
0 , 1.52 , 2.0 , 2 , 2
0 , 1.52 , 2.0 , 2 , 2
0 , 1.52 , 2.0 , 2 , 2
0 , 1.52 , 2.0 , 2 , 2
0 , 1.52 , 2.0 , 2 , 2
0 , 1.52 , 2.0 , 2 , 2
0 , 1.52 , 2.0 , 2 , 2
0 , 1.52 , 2.0 , 2 , 2
0 , 1.52 , 2.0 , 2 , 2
0 , 1.52 , 2.0 , 2 , 2
0 , 1.52 , 2.0 , 2 , 2
0 , 1.52 , 2.0 , 2 , 2
0 , 1.52 , 2.0 , 2 , 2
0 , 1.52 , 2.0 , 2 , 2
0 , 1.52 , 2.0 , 2 , 2
0 , 1.52 , 2.0 , 2 , 2
0 , 1.52 , 2.0 , 2 , 2
0 , 1.52 , 2.0 , 2 , 2
0 , 1.52 , 2.0 , 2 , 2
0 , 1.52 , 2.0 , 2 , 2
0 , 1.52 , 2.0 , 2 , 2
0 , 1.52 , 2.0 , 2 , 2
0 , 1.52 , 2.0 , 2 , 2
0 , 1.52 , 2.0 , 2 , 2
0 , 1.52 , 2.0 , 2 , 2
0 , 1.52 , 2.0 , 2 , 2
0 , 1.52 , 2.0 , 2 , 2
0 , 1.52 , 2.0 , 2 , 2
0 , 1.52 , 2.0 , 2 , 2
0 , 1.52 , 2.0 , 2 , 2
0 , 1.52 , 2.0 , 2 , 2
0 , 1.52 , 2.0 , 2 , 2
0 , 1.52 , 2.0 , 2 , 2
0 , 1.52 , 2.0 , 2 , 2
0 , 1.52 , 2.0 , 2 , 2
0 , 1.52 , 2.0 , 2 , 2
0 , 1.52 , 2.0 , 2 , 2
0 , 1.52 , 2.0 , 2 , 2
0 , 1.52 , 2.0 , 2 , 2
0 , 1.52 , 2.0 , 2 , 2
0 , 1.52 , 2.0 , 2 , 2
0 , 1.52 , 2.0 , 2 , 2
0 , 1.52 , 2.0 , 2 , 2
0 , 1.52 , 2.0 , 2 , 2
0 , 1.52 , 2.0 , 2 , 2
0 , 1.52 , 2.0 , 2 , 2
0 , 1.52 , 2.0 , 2 , 2
0 , 1.52 , 2.0 , 2 , 2
0 , 1.52 , 2.0 , 2 , 2
0 , 1.52 , 2.0 , 2 , 2
0 , 1.52 , 2.0 , 2 , 2
0 , 1.52 , 2.0 , 2 , 2
0 , 1.52 , 2.0 , 2 , 2
0 , 1.52 , 2.0 , 2 , 2
0 , 1.52 , 2.0 , 2 , 2
0 , 1.52 , 2.0 , 2 , 2
0 , 1.52 , 2.0 , 2 , 2
0 , 1.52 , 2.0 , 2 , 2
0 , 1.52 , 2.0 , 2 , 2
0 , 1.52 , 2.0 , 2 , 2
0 , 1.52 , 2.0 , 2 , 2
0 , 1.52 , 2.0 , 2 , 2
0 , 1.52 , 2.0 , 2 , 2
0 , 1.52 , 2.0 , 2 , 2
0 , 1.52 , 2.0 , 2 , 2
0 , 1.5 , 2.0 , 2 , 2
0 , 1.5 , 2.0 , 2 , 2
0 , 1.5 , 2.0 , 2 , 2
0 , 1.5 , 2.0 , 2 , 2
0 , 1.5 , 2.0 , 2 , 2
0 , 1.5 , 2.0 , 2 , 2
0 , 1.5 , 2.0 , 2 , 2
0 , 1.5 , 2.0 , 2 , 2
0 , 1.5 , 2.0 , 2 , 2
0 , 1.5 , 2.0 , 2 , 2
0 , 1.5 , 2.0 , 2 , 2
0 , 1.5 , 2.0 , 2 , 2
0 , 1.5 , 2.0 , 2 , 2
0 , 1.5 , 2.0 , 2 , 2
0 , 1.5 , 2.0 , 2 , 2
0 , 1.5 , 2.0 , 2 , 2
0 , 1.5 , 2.0 , 2 , 2
0 , 1.48 , 2.0 , 2 , 2
0 , 1.48 , 2.0 , 2 , 2
0 , 1.48 , 2.0 , 2 , 2
0 , 1.48 , 2.0 , 2 , 2
0 , 1.48 , 2.0 , 2 , 2
0 , 1.48 , 2.0 , 2 , 2
0 , 1.48 , 2.0 , 2 , 2
0 , 1.48 , 2.0 , 2 , 2
0 , 1.48 , 2.0 , 2 , 2
0 , 1.48 , 2.0 , 2 , 2
0 , 1.48 , 2.0 , 2 , 2
0 , 1.48 , 2.0 , 2 , 2
0 , 1.48 , 2.0 , 2 , 2
0 , 1.48 , 2.0 , 2 , 2
0 , 1.48 , 2.0 , 2 , 2
0 , 1.48 , 2.0 , 2 , 2
0 , 1.48 , 2.0 , 2 , 2
0 , 1.48 , 2.0 , 2 , 2
0 , 1.48 , 2.0 , 2 , 2
0 , 1.48 , 2.0 , 2 , 2
0 , 1.48 , 2.0 , 2 , 2
0 , 1.48 , 2.0 , 2 , 2
0 , 1.48 , 2.0 , 2 , 2
0 , 1.48 , 2.0 , 2 , 2
0 , 1.48 , 2.0 , 2 , 2
0 , 1.48 , 2.0 , 2 , 2
0 , 1.48 , 2.0 , 2 , 2
0 , 1.48 , 2.0 , 2 , 2
0 , 1.48 , 2.0 , 2 , 2
0 , 1.48 , 2.0 , 2 , 2
0 , 1.48 , 2.0 , 2 , 2
0 , 1.48 , 2.0 , 2 , 2
0 , 1.48 , 2.0 , 2 , 2
0 , 1.48 , 2.0 , 2 , 2
0 , 1.48 , 2.0 , 2 , 2
0 , 1.48 , 2.0 , 2 , 2
0 , 1.48 , 2.0 , 2 , 2
0 , 1.48 , 2.0 , 2 , 2
0 , 1.48 , 2.0 , 2 , 2
0 , 1.48 , 2.0 , 2 , 2
0 , 1.48 , 2.0 , 2 , 2
0 , 1.48 , 2.0 , 2 , 2
0 , 1.48 , 2.0 , 2 , 2
0 , 1.48 , 2.0 , 2 , 2
0 , 1.48 , 2.0 , 2 , 2
0 , 1.48 , 2.0 , 2 , 2
0 , 1.48 , 2.0 , 2 , 2
0 , 1.48 , 2.0 , 2 , 2
0 , 1.48 , 2.0 , 2 , 2
0 , 1.48 , 2.0 , 2 , 2
0 , 1.48 , 2.0 , 2 , 2
0 , 1.48 , 2.0 , 2 , 2
0 , 1.48 , 2.0 , 2 , 2
0 , 1.48 , 2.0 , 2 , 2
0 , 1.48 , 2.0 , 2 , 2
0 , 1.48 , 2.0 , 2 , 2
0 , 1.48 , 2.0 , 2 , 2
0 , 1.48 , 2.0 , 2 , 2
0 , 1.46 , 2.0 , 2 , 2
0 , 1.46 , 2.0 , 2 , 2
0 , 1.46 , 2.0 , 2 , 2
0 , 1.46 , 2.0 , 2 , 2
0 , 1.46 , 2.0 , 2 , 2
0 , 1.46 , 2.0 , 2 , 2
0 , 1.46 , 2.0 , 2 , 2
0 , 1.46 , 2.0 , 2 , 2
0 , 1.46 , 2.0 , 2 , 2
0 , 1.46 , 2.0 , 2 , 2
0 , 1.46 , 2.0 , 2 , 2
0 , 1.46 , 2.0 , 2 , 2
0 , 1.46 , 2.0 , 2 , 2
0 , 1.46 , 2.0 , 2 , 2
0 , 1.46 , 2.0 , 2 , 2
0 , 1.46 , 2.0 , 2 , 2
0 , 1.46 , 2.0 , 2 , 2
0 , 1.46 , 2.0 , 2 , 2
0 , 1.46 , 2.0 , 2 , 2
0 , 1.46 , 2.0 , 2 , 2
0 , 1.46 , 2.0 , 2 , 2
0 , 1.46 , 2.0 , 2 , 2
0 , 1.46 , 2.0 , 2 , 2
0 , 1.46 , 2.0 , 2 , 2
0 , 1.46 , 2.0 , 2 , 2
0 , 1.46 , 2.0 , 2 , 2
0 , 1.46 , 2.0 , 2 , 2
0 , 1.46 , 2.0 , 2 , 2
0 , 1.46 , 2.0 , 2 , 2
0 , 1.46 , 2.0 , 2 , 2
0 , 1.46 , 2.0 , 2 , 2
0 , 1.46 , 2.0 , 2 , 2
0 , 1.46 , 2.0 , 2 , 2
0 , 1.46 , 2.0 , 2 , 2
0 , 1.46 , 2.0 , 2 , 2
0 , 1.46 , 2.0 , 2 , 2
0 , 1.44 , 2.0 , 2 , 2
0 , 1.44 , 2.0 , 2 , 2
0 , 1.44 , 2.0 , 2 , 2
0 , 1.44 , 2.0 , 2 , 2
0 , 1.44 , 2.0 , 2 , 2
0 , 1.44 , 2.0 , 2 , 2
0 , 1.44 , 2.0 , 2 , 2
0 , 1.44 , 2.0 , 2 , 2
0 , 1.44 , 2.0 , 2 , 2
0 , 1.44 , 2.0 , 2 , 2
0 , 1.44 , 2.0 , 2 , 2
0 , 1.44 , 2.0 , 2 , 2
0 , 1.44 , 2.0 , 2 , 2
0 , 1.44 , 2.0 , 2 , 2
0 , 1.44 , 2.0 , 2 , 2
0 , 1.44 , 2.0 , 2 , 2
0 , 1.44 , 2.0 , 2 , 2
0 , 1.44 , 2.0 , 2 , 2
0 , 1.44 , 2.0 , 2 , 2
0 , 1.44 , 2.0 , 2 , 2
0 , 1.44 , 2.0 , 2 , 2
0 , 1.44 , 2.0 , 2 , 2
0 , 1.44 , 2.0 , 2 , 2
0 , 1.44 , 2.0 , 2 , 2
0 , 1.44 , 2.0 , 2 , 2
0 , 1.44 , 2.0 , 2 , 2
0 , 1.44 , 2.0 , 2 , 2
0 , 1.44 , 2.0 , 2 , 2
0 , 1.44 , 2.0 , 2 , 2
0 , 1.44 , 2.0 , 2 , 2
0 , 1.44 , 2.0 , 2 , 2
0 , 1.44 , 2.0 , 2 , 2
0 , 1.44 , 2.0 , 2 , 2
0 , 1.44 , 2.0 , 2 , 2
0 , 1.44 , 2.0 , 2 , 2
0 , 1.44 , 2.0 , 2 , 2
0 , 1.44 , 2.0 , 2 , 2
0 , 1.44 , 2.0 , 2 , 2
0 , 1.44 , 2.0 , 2 , 2
0 , 1.44 , 2.0 , 2 , 2
0 , 1.44 , 2.0 , 2 , 2
0 , 1.44 , 2.0 , 2 , 2
0 , 1.44 , 2.0 , 2 , 2
0 , 1.44 , 2.0 , 2 , 2
0 , 1.44 , 2.0 , 2 , 2
0 , 1.44 , 2.0 , 2 , 2
0 , 1.44 , 2.0 , 2 , 2
0 , 1.44 , 2.0 , 2 , 2
0 , 1.44 , 2.0 , 2 , 2
28  Perfect solutions
perfect solution individuals [[4, 1, 5, 0, 6, 3, 7, 2], [2, 6, 1, 7, 5, 3, 0, 4], [2, 5, 1, 6, 4, 0, 7, 3], [7, 1, 3, 0, 6, 4, 2, 5], [1, 6, 4, 7, 0, 3, 5, 2], [4, 1, 5, 0, 6, 3, 7, 2], [4, 0, 7, 3, 1, 6, 2, 5], [1, 7, 5, 0, 2, 4, 6, 3], [2, 0, 6, 4, 7, 1, 3, 5], [1, 3, 5, 7, 2, 0, 6, 4], [4, 7, 3, 0, 6, 1, 5, 2], [1, 5, 0, 6, 3, 7, 2, 4], [4, 2, 7, 3, 6, 0, 5, 1], [2, 5, 3, 0, 7, 4, 6, 1], [5, 2, 4, 7, 0, 3, 1, 6], [4, 2, 7, 3, 6, 0, 5, 1], [7, 1, 3, 0, 6, 4, 2, 5], [6, 1, 3, 0, 7, 4, 2, 5], [7, 1, 3, 0, 6, 4, 2, 5], [2, 4, 1, 7, 5, 3, 6, 0], [1, 6, 4, 7, 0, 3, 5, 2], [5, 2, 4, 7, 0, 3, 1, 6], [2, 6, 1, 7, 4, 0, 3, 5], [2, 6, 1, 7, 4, 0, 3, 5], [7, 1, 3, 0, 6, 4, 2, 5], [5, 2, 4, 7, 0, 3, 1, 6], [4, 7, 3, 0, 6, 1, 5, 2], [2, 5, 1, 4, 7, 0, 6, 3]]
