0 , 9.54 , 10.0 , 8 , 18
0 , 9.32 , 8.0 , 8 , 18
0 , 9.16 , 8.0 , 8 , 16
0 , 9.04 , 8.0 , 8 , 16
0 , 8.98 , 8.0 , 8 , 16
0 , 8.84 , 8.0 , 6 , 16
0 , 8.74 , 8.0 , 6 , 14
0 , 8.52 , 8.0 , 6 , 14
0 , 8.48 , 8.0 , 6 , 14
0 , 8.34 , 8.0 , 6 , 14
0 , 8.2 , 8.0 , 6 , 14
0 , 7.98 , 8.0 , 6 , 14
0 , 7.84 , 8.0 , 6 , 14
0 , 7.68 , 8.0 , 8 , 14
0 , 7.58 , 8.0 , 8 , 12
0 , 7.5 , 8.0 , 8 , 12
0 , 7.46 , 8.0 , 8 , 12
0 , 7.3 , 8.0 , 8 , 12
0 , 7.24 , 8.0 , 8 , 12
0 , 7.16 , 8.0 , 8 , 12
0 , 7.12 , 8.0 , 8 , 12
0 , 7.06 , 8.0 , 8 , 12
0 , 6.98 , 8.0 , 8 , 12
0 , 6.94 , 8.0 , 8 , 10
0 , 6.9 , 8.0 , 8 , 10
0 , 6.82 , 8.0 , 8 , 10
0 , 6.8 , 8.0 , 8 , 10
0 , 6.72 , 7.0 , 8 , 10
0 , 6.72 , 7.0 , 8 , 10
0 , 6.68 , 6.0 , 8 , 10
0 , 6.62 , 6.0 , 8 , 10
0 , 6.62 , 6.0 , 8 , 10
0 , 6.58 , 6.0 , 8 , 10
0 , 6.48 , 6.0 , 8 , 10
0 , 6.42 , 6.0 , 8 , 10
0 , 6.34 , 6.0 , 8 , 10
0 , 6.3 , 6.0 , 6 , 10
0 , 6.3 , 6.0 , 6 , 10
0 , 6.26 , 6.0 , 6 , 10
0 , 6.16 , 6.0 , 6 , 10
0 , 6.1 , 6.0 , 6 , 10
0 , 6.0 , 6.0 , 6 , 8
0 , 6.0 , 6.0 , 6 , 8
0 , 5.96 , 6.0 , 6 , 8
0 , 5.94 , 6.0 , 6 , 8
0 , 5.92 , 6.0 , 6 , 8
0 , 5.88 , 6.0 , 6 , 8
0 , 5.86 , 6.0 , 6 , 8
0 , 5.82 , 6.0 , 6 , 8
0 , 5.74 , 6.0 , 6 , 8
0 , 5.72 , 6.0 , 6 , 8
0 , 5.72 , 6.0 , 6 , 8
0 , 5.72 , 6.0 , 6 , 8
0 , 5.68 , 6.0 , 6 , 8
0 , 5.62 , 6.0 , 6 , 8
0 , 5.62 , 6.0 , 6 , 8
0 , 5.56 , 6.0 , 6 , 8
0 , 5.56 , 6.0 , 6 , 8
0 , 5.5 , 6.0 , 6 , 8
0 , 5.46 , 6.0 , 6 , 8
0 , 5.4 , 6.0 , 6 , 8
0 , 5.4 , 6.0 , 6 , 8
0 , 5.38 , 6.0 , 6 , 8
0 , 5.34 , 6.0 , 6 , 8
0 , 5.3 , 6.0 , 6 , 8
0 , 5.24 , 6.0 , 6 , 8
0 , 5.22 , 6.0 , 6 , 8
0 , 5.18 , 6.0 , 6 , 8
0 , 5.16 , 6.0 , 6 , 8
0 , 5.14 , 6.0 , 6 , 8
0 , 5.1 , 6.0 , 6 , 8
0 , 5.08 , 6.0 , 6 , 8
0 , 5.02 , 6.0 , 6 , 8
0 , 5.0 , 6.0 , 6 , 8
0 , 4.92 , 6.0 , 6 , 8
0 , 4.86 , 6.0 , 6 , 6
0 , 4.86 , 6.0 , 6 , 6
0 , 4.86 , 6.0 , 6 , 6
0 , 4.86 , 6.0 , 6 , 6
0 , 4.86 , 6.0 , 6 , 6
0 , 4.86 , 6.0 , 6 , 6
0 , 4.86 , 6.0 , 6 , 6
0 , 4.86 , 6.0 , 6 , 6
0 , 4.86 , 6.0 , 6 , 6
0 , 4.86 , 6.0 , 6 , 6
0 , 4.84 , 6.0 , 6 , 6
0 , 4.84 , 6.0 , 6 , 6
0 , 4.84 , 6.0 , 6 , 6
0 , 4.82 , 6.0 , 6 , 6
0 , 4.82 , 6.0 , 6 , 6
0 , 4.82 , 6.0 , 6 , 6
0 , 4.8 , 6.0 , 6 , 6
0 , 4.8 , 6.0 , 6 , 6
0 , 4.8 , 6.0 , 6 , 6
0 , 4.8 , 6.0 , 6 , 6
0 , 4.8 , 6.0 , 6 , 6
0 , 4.8 , 6.0 , 6 , 6
0 , 4.8 , 6.0 , 6 , 6
0 , 4.78 , 5.0 , 6 , 6
0 , 4.78 , 5.0 , 6 , 6
0 , 4.74 , 4.0 , 6 , 6
0 , 4.74 , 4.0 , 6 , 6
0 , 4.74 , 4.0 , 6 , 6
0 , 4.74 , 4.0 , 6 , 6
0 , 4.74 , 4.0 , 6 , 6
0 , 4.7 , 4.0 , 6 , 6
0 , 4.7 , 4.0 , 6 , 6
0 , 4.7 , 4.0 , 6 , 6
0 , 4.7 , 4.0 , 6 , 6
0 , 4.7 , 4.0 , 6 , 6
0 , 4.7 , 4.0 , 6 , 6
0 , 4.68 , 4.0 , 6 , 6
0 , 4.68 , 4.0 , 6 , 6
0 , 4.68 , 4.0 , 6 , 6
0 , 4.64 , 4.0 , 4 , 6
0 , 4.64 , 4.0 , 4 , 6
0 , 4.62 , 4.0 , 4 , 6
0 , 4.58 , 4.0 , 4 , 6
0 , 4.58 , 4.0 , 4 , 6
0 , 4.58 , 4.0 , 4 , 6
0 , 4.58 , 4.0 , 4 , 6
0 , 4.58 , 4.0 , 4 , 6
0 , 4.54 , 4.0 , 4 , 6
0 , 4.54 , 4.0 , 4 , 6
0 , 4.5 , 4.0 , 4 , 6
0 , 4.46 , 4.0 , 4 , 6
0 , 4.46 , 4.0 , 4 , 6
0 , 4.46 , 4.0 , 4 , 6
0 , 4.46 , 4.0 , 4 , 6
0 , 4.46 , 4.0 , 4 , 6
0 , 4.46 , 4.0 , 4 , 6
0 , 4.38 , 4.0 , 4 , 6
0 , 4.38 , 4.0 , 4 , 6
0 , 4.36 , 4.0 , 4 , 6
0 , 4.36 , 4.0 , 4 , 6
0 , 4.34 , 4.0 , 4 , 6
0 , 4.34 , 4.0 , 4 , 6
0 , 4.3 , 4.0 , 4 , 6
0 , 4.3 , 4.0 , 4 , 6
0 , 4.28 , 4.0 , 4 , 6
0 , 4.28 , 4.0 , 4 , 6
0 , 4.26 , 4.0 , 4 , 6
0 , 4.26 , 4.0 , 4 , 6
0 , 4.22 , 4.0 , 4 , 6
0 , 4.22 , 4.0 , 4 , 6
0 , 4.2 , 4.0 , 4 , 6
0 , 4.2 , 4.0 , 4 , 6
0 , 4.2 , 4.0 , 4 , 6
0 , 4.2 , 4.0 , 4 , 6
0 , 4.16 , 4.0 , 4 , 6
0 , 4.12 , 4.0 , 4 , 6
0 , 4.12 , 4.0 , 4 , 6
0 , 4.12 , 4.0 , 4 , 6
0 , 4.12 , 4.0 , 4 , 6
0 , 4.12 , 4.0 , 4 , 6
0 , 4.12 , 4.0 , 4 , 6
0 , 4.12 , 4.0 , 4 , 6
0 , 4.12 , 4.0 , 4 , 6
0 , 4.12 , 4.0 , 4 , 6
0 , 4.1 , 4.0 , 4 , 6
0 , 4.08 , 4.0 , 4 , 6
0 , 4.06 , 4.0 , 4 , 6
0 , 4.06 , 4.0 , 4 , 6
0 , 4.06 , 4.0 , 4 , 6
0 , 4.06 , 4.0 , 4 , 6
0 , 4.04 , 4.0 , 4 , 6
0 , 4.04 , 4.0 , 4 , 6
0 , 4.0 , 4.0 , 4 , 6
0 , 4.0 , 4.0 , 4 , 6
0 , 4.0 , 4.0 , 4 , 6
0 , 4.0 , 4.0 , 4 , 6
0 , 4.0 , 4.0 , 4 , 6
0 , 4.0 , 4.0 , 4 , 6
0 , 3.96 , 4.0 , 4 , 6
0 , 3.96 , 4.0 , 4 , 6
0 , 3.96 , 4.0 , 4 , 6
0 , 3.94 , 4.0 , 4 , 6
0 , 3.92 , 4.0 , 4 , 6
0 , 3.92 , 4.0 , 4 , 6
0 , 3.92 , 4.0 , 4 , 6
0 , 3.88 , 4.0 , 4 , 6
0 , 3.88 , 4.0 , 4 , 6
0 , 3.88 , 4.0 , 4 , 6
0 , 3.88 , 4.0 , 4 , 6
0 , 3.88 , 4.0 , 4 , 6
0 , 3.88 , 4.0 , 4 , 6
0 , 3.88 , 4.0 , 4 , 6
0 , 3.88 , 4.0 , 4 , 6
0 , 3.88 , 4.0 , 4 , 6
0 , 3.88 , 4.0 , 4 , 6
0 , 3.88 , 4.0 , 4 , 6
0 , 3.84 , 4.0 , 4 , 6
0 , 3.84 , 4.0 , 4 , 6
0 , 3.84 , 4.0 , 4 , 6
0 , 3.84 , 4.0 , 4 , 6
0 , 3.82 , 4.0 , 4 , 6
0 , 3.8 , 4.0 , 4 , 6
0 , 3.8 , 4.0 , 4 , 6
0 , 3.8 , 4.0 , 4 , 6
0 , 3.76 , 4.0 , 4 , 6
0 , 3.72 , 4.0 , 4 , 6
0 , 3.72 , 4.0 , 4 , 6
0 , 3.66 , 4.0 , 4 , 6
0 , 3.66 , 4.0 , 4 , 6
0 , 3.64 , 4.0 , 4 , 6
0 , 3.64 , 4.0 , 4 , 6
0 , 3.64 , 4.0 , 4 , 6
0 , 3.6 , 4.0 , 4 , 6
0 , 3.58 , 4.0 , 4 , 6
0 , 3.58 , 4.0 , 4 , 6
0 , 3.58 , 4.0 , 4 , 6
0 , 3.56 , 4.0 , 4 , 6
0 , 3.56 , 4.0 , 4 , 6
0 , 3.56 , 4.0 , 4 , 6
0 , 3.56 , 4.0 , 4 , 6
0 , 3.56 , 4.0 , 4 , 6
0 , 3.56 , 4.0 , 4 , 6
0 , 3.56 , 4.0 , 4 , 6
0 , 3.54 , 4.0 , 4 , 6
0 , 3.54 , 4.0 , 4 , 6
0 , 3.54 , 4.0 , 4 , 6
0 , 3.54 , 4.0 , 4 , 6
0 , 3.5 , 4.0 , 4 , 6
0 , 3.5 , 4.0 , 4 , 6
0 , 3.5 , 4.0 , 4 , 6
0 , 3.5 , 4.0 , 4 , 6
0 , 3.5 , 4.0 , 4 , 6
0 , 3.48 , 4.0 , 4 , 6
0 , 3.44 , 4.0 , 4 , 6
0 , 3.44 , 4.0 , 4 , 6
0 , 3.44 , 4.0 , 4 , 6
0 , 3.44 , 4.0 , 4 , 6
0 , 3.42 , 4.0 , 4 , 4
0 , 3.4 , 4.0 , 4 , 4
0 , 3.4 , 4.0 , 4 , 4
0 , 3.4 , 4.0 , 4 , 4
0 , 3.4 , 4.0 , 4 , 4
0 , 3.4 , 4.0 , 4 , 4
0 , 3.4 , 4.0 , 4 , 4
0 , 3.4 , 4.0 , 4 , 4
0 , 3.4 , 4.0 , 4 , 4
0 , 3.4 , 4.0 , 4 , 4
0 , 3.4 , 4.0 , 4 , 4
0 , 3.4 , 4.0 , 4 , 4
0 , 3.4 , 4.0 , 4 , 4
0 , 3.4 , 4.0 , 4 , 4
0 , 3.38 , 4.0 , 4 , 4
0 , 3.38 , 4.0 , 4 , 4
0 , 3.38 , 4.0 , 4 , 4
0 , 3.38 , 4.0 , 4 , 4
0 , 3.38 , 4.0 , 4 , 4
0 , 3.38 , 4.0 , 4 , 4
0 , 3.38 , 4.0 , 4 , 4
0 , 3.38 , 4.0 , 4 , 4
0 , 3.38 , 4.0 , 4 , 4
0 , 3.36 , 4.0 , 4 , 4
0 , 3.36 , 4.0 , 4 , 4
0 , 3.36 , 4.0 , 4 , 4
0 , 3.36 , 4.0 , 4 , 4
0 , 3.36 , 4.0 , 4 , 4
0 , 3.36 , 4.0 , 4 , 4
0 , 3.34 , 4.0 , 4 , 4
0 , 3.34 , 4.0 , 4 , 4
0 , 3.34 , 4.0 , 4 , 4
0 , 3.32 , 4.0 , 4 , 4
0 , 3.32 , 4.0 , 4 , 4
0 , 3.32 , 4.0 , 4 , 4
0 , 3.32 , 4.0 , 4 , 4
0 , 3.32 , 4.0 , 4 , 4
0 , 3.3 , 4.0 , 4 , 4
0 , 3.3 , 4.0 , 4 , 4
0 , 3.3 , 4.0 , 4 , 4
0 , 3.3 , 4.0 , 4 , 4
0 , 3.28 , 4.0 , 4 , 4
0 , 3.28 , 4.0 , 4 , 4
0 , 3.28 , 4.0 , 4 , 4
0 , 3.28 , 4.0 , 4 , 4
0 , 3.26 , 4.0 , 4 , 4
0 , 3.26 , 4.0 , 4 , 4
0 , 3.26 , 4.0 , 4 , 4
0 , 3.26 , 4.0 , 4 , 4
0 , 3.26 , 4.0 , 4 , 4
0 , 3.26 , 4.0 , 4 , 4
0 , 3.26 , 4.0 , 4 , 4
0 , 3.26 , 4.0 , 4 , 4
0 , 3.26 , 4.0 , 4 , 4
0 , 3.26 , 4.0 , 4 , 4
0 , 3.26 , 4.0 , 4 , 4
0 , 3.26 , 4.0 , 4 , 4
0 , 3.26 , 4.0 , 4 , 4
0 , 3.26 , 4.0 , 4 , 4
0 , 3.26 , 4.0 , 4 , 4
0 , 3.26 , 4.0 , 4 , 4
0 , 3.26 , 4.0 , 4 , 4
0 , 3.26 , 4.0 , 4 , 4
0 , 3.26 , 4.0 , 4 , 4
0 , 3.26 , 4.0 , 4 , 4
0 , 3.26 , 4.0 , 4 , 4
0 , 3.26 , 4.0 , 4 , 4
0 , 3.26 , 4.0 , 4 , 4
0 , 3.24 , 4.0 , 4 , 4
0 , 3.24 , 4.0 , 4 , 4
0 , 3.24 , 4.0 , 4 , 4
0 , 3.24 , 4.0 , 4 , 4
0 , 3.24 , 4.0 , 4 , 4
0 , 3.24 , 4.0 , 4 , 4
0 , 3.24 , 4.0 , 4 , 4
0 , 3.24 , 4.0 , 4 , 4
0 , 3.24 , 4.0 , 4 , 4
0 , 3.24 , 4.0 , 4 , 4
0 , 3.24 , 4.0 , 4 , 4
0 , 3.24 , 4.0 , 4 , 4
0 , 3.24 , 4.0 , 4 , 4
0 , 3.24 , 4.0 , 4 , 4
0 , 3.24 , 4.0 , 4 , 4
0 , 3.24 , 4.0 , 4 , 4
0 , 3.24 , 4.0 , 4 , 4
0 , 3.24 , 4.0 , 4 , 4
0 , 3.24 , 4.0 , 4 , 4
0 , 3.24 , 4.0 , 4 , 4
0 , 3.24 , 4.0 , 4 , 4
0 , 3.24 , 4.0 , 4 , 4
0 , 3.24 , 4.0 , 4 , 4
0 , 3.24 , 4.0 , 4 , 4
0 , 3.2 , 4.0 , 4 , 4
0 , 3.2 , 4.0 , 4 , 4
0 , 3.2 , 4.0 , 4 , 4
0 , 3.2 , 4.0 , 4 , 4
0 , 3.2 , 4.0 , 4 , 4
0 , 3.2 , 4.0 , 4 , 4
0 , 3.2 , 4.0 , 4 , 4
0 , 3.2 , 4.0 , 4 , 4
0 , 3.2 , 4.0 , 4 , 4
0 , 3.2 , 4.0 , 4 , 4
0 , 3.2 , 4.0 , 4 , 4
0 , 3.2 , 4.0 , 4 , 4
0 , 3.18 , 4.0 , 4 , 4
0 , 3.18 , 4.0 , 4 , 4
0 , 3.18 , 4.0 , 4 , 4
0 , 3.18 , 4.0 , 4 , 4
0 , 3.18 , 4.0 , 4 , 4
0 , 3.18 , 4.0 , 4 , 4
0 , 3.18 , 4.0 , 4 , 4
0 , 3.18 , 4.0 , 4 , 4
0 , 3.18 , 4.0 , 4 , 4
0 , 3.18 , 4.0 , 4 , 4
0 , 3.18 , 4.0 , 4 , 4
0 , 3.18 , 4.0 , 4 , 4
0 , 3.18 , 4.0 , 4 , 4
0 , 3.18 , 4.0 , 4 , 4
0 , 3.18 , 4.0 , 4 , 4
0 , 3.18 , 4.0 , 4 , 4
0 , 3.18 , 4.0 , 4 , 4
0 , 3.18 , 4.0 , 4 , 4
0 , 3.18 , 4.0 , 4 , 4
0 , 3.18 , 4.0 , 4 , 4
0 , 3.18 , 4.0 , 4 , 4
0 , 3.18 , 4.0 , 4 , 4
0 , 3.18 , 4.0 , 4 , 4
0 , 3.18 , 4.0 , 4 , 4
0 , 3.18 , 4.0 , 4 , 4
0 , 3.18 , 4.0 , 4 , 4
0 , 3.18 , 4.0 , 4 , 4
0 , 3.18 , 4.0 , 4 , 4
0 , 3.16 , 4.0 , 4 , 4
0 , 3.16 , 4.0 , 4 , 4
0 , 3.16 , 4.0 , 4 , 4
0 , 3.16 , 4.0 , 4 , 4
0 , 3.16 , 4.0 , 4 , 4
0 , 3.16 , 4.0 , 4 , 4
0 , 3.16 , 4.0 , 4 , 4
0 , 3.16 , 4.0 , 4 , 4
0 , 3.16 , 4.0 , 4 , 4
0 , 3.16 , 4.0 , 4 , 4
0 , 3.16 , 4.0 , 4 , 4
0 , 3.16 , 4.0 , 4 , 4
0 , 3.14 , 4.0 , 4 , 4
0 , 3.14 , 4.0 , 4 , 4
0 , 3.14 , 4.0 , 4 , 4
0 , 3.14 , 4.0 , 4 , 4
0 , 3.12 , 4.0 , 4 , 4
0 , 3.12 , 4.0 , 4 , 4
0 , 3.12 , 4.0 , 4 , 4
0 , 3.1 , 4.0 , 4 , 4
0 , 3.1 , 4.0 , 4 , 4
0 , 3.1 , 4.0 , 4 , 4
0 , 3.1 , 4.0 , 4 , 4
0 , 3.1 , 4.0 , 4 , 4
0 , 3.1 , 4.0 , 4 , 4
0 , 3.1 , 4.0 , 4 , 4
0 , 3.1 , 4.0 , 4 , 4
0 , 3.1 , 4.0 , 4 , 4
0 , 3.1 , 4.0 , 4 , 4
0 , 3.1 , 4.0 , 4 , 4
0 , 3.1 , 4.0 , 4 , 4
0 , 3.1 , 4.0 , 4 , 4
0 , 3.1 , 4.0 , 4 , 4
0 , 3.1 , 4.0 , 4 , 4
0 , 3.1 , 4.0 , 4 , 4
0 , 3.08 , 4.0 , 4 , 4
0 , 3.08 , 4.0 , 4 , 4
0 , 3.08 , 4.0 , 4 , 4
0 , 3.08 , 4.0 , 4 , 4
0 , 3.06 , 4.0 , 4 , 4
0 , 3.06 , 4.0 , 4 , 4
0 , 3.06 , 4.0 , 4 , 4
0 , 3.06 , 4.0 , 4 , 4
0 , 3.06 , 4.0 , 4 , 4
0 , 3.06 , 4.0 , 4 , 4
0 , 3.06 , 4.0 , 4 , 4
0 , 3.04 , 4.0 , 4 , 4
0 , 3.04 , 4.0 , 4 , 4
0 , 3.04 , 4.0 , 4 , 4
0 , 3.04 , 4.0 , 4 , 4
0 , 3.04 , 4.0 , 4 , 4
0 , 3.04 , 4.0 , 4 , 4
0 , 3.04 , 4.0 , 4 , 4
0 , 3.04 , 4.0 , 4 , 4
0 , 3.04 , 4.0 , 4 , 4
0 , 3.04 , 4.0 , 4 , 4
0 , 3.04 , 4.0 , 4 , 4
0 , 3.04 , 4.0 , 4 , 4
0 , 3.04 , 4.0 , 4 , 4
0 , 3.04 , 4.0 , 4 , 4
0 , 3.04 , 4.0 , 4 , 4
0 , 3.04 , 4.0 , 4 , 4
0 , 3.04 , 4.0 , 4 , 4
0 , 3.04 , 4.0 , 4 , 4
0 , 3.04 , 4.0 , 4 , 4
0 , 3.04 , 4.0 , 4 , 4
0 , 3.04 , 4.0 , 4 , 4
0 , 3.04 , 4.0 , 4 , 4
0 , 3.04 , 4.0 , 4 , 4
0 , 3.02 , 4.0 , 4 , 4
0 , 3.0 , 4.0 , 4 , 4
0 , 3.0 , 4.0 , 4 , 4
0 , 3.0 , 4.0 , 4 , 4
0 , 3.0 , 4.0 , 4 , 4
0 , 2.98 , 3.0 , 4 , 4
0 , 2.98 , 3.0 , 4 , 4
0 , 2.98 , 3.0 , 4 , 4
0 , 2.98 , 3.0 , 4 , 4
0 , 2.98 , 3.0 , 4 , 4
0 , 2.98 , 3.0 , 4 , 4
0 , 2.98 , 3.0 , 4 , 4
0 , 2.98 , 3.0 , 4 , 4
0 , 2.98 , 3.0 , 4 , 4
0 , 2.98 , 3.0 , 4 , 4
0 , 2.98 , 3.0 , 4 , 4
0 , 2.98 , 3.0 , 4 , 4
0 , 2.96 , 2.0 , 2 , 4
0 , 2.96 , 2.0 , 2 , 4
0 , 2.96 , 2.0 , 2 , 4
0 , 2.96 , 2.0 , 2 , 4
0 , 2.96 , 2.0 , 2 , 4
0 , 2.96 , 2.0 , 2 , 4
0 , 2.96 , 2.0 , 2 , 4
0 , 2.96 , 2.0 , 2 , 4
0 , 2.96 , 2.0 , 2 , 4
0 , 2.96 , 2.0 , 2 , 4
0 , 2.96 , 2.0 , 2 , 4
0 , 2.94 , 2.0 , 2 , 4
0 , 2.94 , 2.0 , 2 , 4
0 , 2.94 , 2.0 , 2 , 4
0 , 2.92 , 2.0 , 2 , 4
0 , 2.92 , 2.0 , 2 , 4
0 , 2.9 , 2.0 , 2 , 4
0 , 2.9 , 2.0 , 2 , 4
0 , 2.9 , 2.0 , 2 , 4
0 , 2.9 , 2.0 , 2 , 4
0 , 2.9 , 2.0 , 2 , 4
0 , 2.9 , 2.0 , 2 , 4
0 , 2.9 , 2.0 , 2 , 4
0 , 2.9 , 2.0 , 2 , 4
0 , 2.9 , 2.0 , 2 , 4
0 , 2.9 , 2.0 , 2 , 4
0 , 2.9 , 2.0 , 2 , 4
0 , 2.9 , 2.0 , 2 , 4
0 , 2.9 , 2.0 , 2 , 4
0 , 2.9 , 2.0 , 2 , 4
0 , 2.9 , 2.0 , 2 , 4
0 , 2.9 , 2.0 , 2 , 4
0 , 2.9 , 2.0 , 2 , 4
0 , 2.9 , 2.0 , 2 , 4
0 , 2.9 , 2.0 , 2 , 4
0 , 2.9 , 2.0 , 2 , 4
0 , 2.9 , 2.0 , 2 , 4
0 , 2.9 , 2.0 , 2 , 4
0 , 2.9 , 2.0 , 2 , 4
0 , 2.9 , 2.0 , 2 , 4
0 , 2.9 , 2.0 , 2 , 4
0 , 2.9 , 2.0 , 2 , 4
0 , 2.88 , 2.0 , 2 , 4
0 , 2.88 , 2.0 , 2 , 4
0 , 2.88 , 2.0 , 2 , 4
0 , 2.88 , 2.0 , 2 , 4
0 , 2.88 , 2.0 , 2 , 4
0 , 2.88 , 2.0 , 2 , 4
0 , 2.88 , 2.0 , 2 , 4
0 , 2.88 , 2.0 , 2 , 4
0 , 2.88 , 2.0 , 2 , 4
0 , 2.88 , 2.0 , 2 , 4
0 , 2.88 , 2.0 , 2 , 4
0 , 2.88 , 2.0 , 2 , 4
0 , 2.88 , 2.0 , 2 , 4
0 , 2.88 , 2.0 , 2 , 4
0 , 2.88 , 2.0 , 2 , 4
0 , 2.88 , 2.0 , 2 , 4
0 , 2.88 , 2.0 , 2 , 4
0 , 2.88 , 2.0 , 2 , 4
0 , 2.88 , 2.0 , 2 , 4
0 , 2.88 , 2.0 , 2 , 4
0 , 2.88 , 2.0 , 2 , 4
0 , 2.88 , 2.0 , 2 , 4
0 , 2.88 , 2.0 , 2 , 4
0 , 2.88 , 2.0 , 2 , 4
0 , 2.88 , 2.0 , 2 , 4
0 , 2.88 , 2.0 , 2 , 4
0 , 2.86 , 2.0 , 2 , 4
0 , 2.86 , 2.0 , 2 , 4
0 , 2.86 , 2.0 , 2 , 4
0 , 2.86 , 2.0 , 2 , 4
0 , 2.86 , 2.0 , 2 , 4
0 , 2.86 , 2.0 , 2 , 4
0 , 2.86 , 2.0 , 2 , 4
0 , 2.86 , 2.0 , 2 , 4
0 , 2.86 , 2.0 , 2 , 4
0 , 2.86 , 2.0 , 2 , 4
0 , 2.86 , 2.0 , 2 , 4
0 , 2.86 , 2.0 , 2 , 4
0 , 2.86 , 2.0 , 2 , 4
0 , 2.86 , 2.0 , 2 , 4
0 , 2.86 , 2.0 , 2 , 4
0 , 2.86 , 2.0 , 2 , 4
0 , 2.86 , 2.0 , 2 , 4
0 , 2.86 , 2.0 , 2 , 4
0 , 2.86 , 2.0 , 2 , 4
0 , 2.86 , 2.0 , 2 , 4
0 , 2.86 , 2.0 , 2 , 4
0 , 2.86 , 2.0 , 2 , 4
0 , 2.84 , 2.0 , 2 , 4
0 , 2.84 , 2.0 , 2 , 4
0 , 2.84 , 2.0 , 2 , 4
0 , 2.84 , 2.0 , 2 , 4
0 , 2.84 , 2.0 , 2 , 4
0 , 2.84 , 2.0 , 2 , 4
0 , 2.84 , 2.0 , 2 , 4
0 , 2.84 , 2.0 , 2 , 4
0 , 2.84 , 2.0 , 2 , 4
0 , 2.82 , 2.0 , 2 , 4
0 , 2.82 , 2.0 , 2 , 4
0 , 2.82 , 2.0 , 2 , 4
0 , 2.82 , 2.0 , 2 , 4
0 , 2.82 , 2.0 , 2 , 4
0 , 2.82 , 2.0 , 2 , 4
0 , 2.78 , 2.0 , 2 , 4
0 , 2.78 , 2.0 , 2 , 4
0 , 2.78 , 2.0 , 2 , 4
0 , 2.78 , 2.0 , 2 , 4
0 , 2.78 , 2.0 , 2 , 4
0 , 2.78 , 2.0 , 2 , 4
0 , 2.78 , 2.0 , 2 , 4
0 , 2.78 , 2.0 , 2 , 4
0 , 2.78 , 2.0 , 2 , 4
0 , 2.78 , 2.0 , 2 , 4
0 , 2.78 , 2.0 , 2 , 4
0 , 2.78 , 2.0 , 2 , 4
0 , 2.76 , 2.0 , 2 , 4
0 , 2.76 , 2.0 , 2 , 4
0 , 2.76 , 2.0 , 2 , 4
0 , 2.76 , 2.0 , 2 , 4
0 , 2.76 , 2.0 , 2 , 4
0 , 2.76 , 2.0 , 2 , 4
0 , 2.76 , 2.0 , 2 , 4
0 , 2.74 , 2.0 , 2 , 4
0 , 2.74 , 2.0 , 2 , 4
0 , 2.74 , 2.0 , 2 , 4
0 , 2.74 , 2.0 , 2 , 4
0 , 2.74 , 2.0 , 2 , 4
0 , 2.74 , 2.0 , 2 , 4
0 , 2.74 , 2.0 , 2 , 4
0 , 2.74 , 2.0 , 2 , 4
0 , 2.74 , 2.0 , 2 , 4
0 , 2.74 , 2.0 , 2 , 4
0 , 2.74 , 2.0 , 2 , 4
0 , 2.74 , 2.0 , 2 , 4
0 , 2.74 , 2.0 , 2 , 4
0 , 2.74 , 2.0 , 2 , 4
0 , 2.74 , 2.0 , 2 , 4
0 , 2.74 , 2.0 , 2 , 4
0 , 2.74 , 2.0 , 2 , 4
0 , 2.74 , 2.0 , 2 , 4
0 , 2.74 , 2.0 , 2 , 4
0 , 2.74 , 2.0 , 2 , 4
0 , 2.74 , 2.0 , 2 , 4
0 , 2.74 , 2.0 , 2 , 4
0 , 2.74 , 2.0 , 2 , 4
0 , 2.74 , 2.0 , 2 , 4
0 , 2.74 , 2.0 , 2 , 4
0 , 2.74 , 2.0 , 2 , 4
0 , 2.72 , 2.0 , 2 , 4
0 , 2.72 , 2.0 , 2 , 4
0 , 2.72 , 2.0 , 2 , 4
0 , 2.72 , 2.0 , 2 , 4
0 , 2.72 , 2.0 , 2 , 4
0 , 2.7 , 2.0 , 2 , 4
0 , 2.66 , 2.0 , 2 , 4
0 , 2.66 , 2.0 , 2 , 4
0 , 2.66 , 2.0 , 2 , 4
0 , 2.66 , 2.0 , 2 , 4
0 , 2.66 , 2.0 , 2 , 4
0 , 2.66 , 2.0 , 2 , 4
0 , 2.64 , 2.0 , 2 , 4
0 , 2.62 , 2.0 , 2 , 4
0 , 2.62 , 2.0 , 2 , 4
0 , 2.62 , 2.0 , 2 , 4
0 , 2.62 , 2.0 , 2 , 4
0 , 2.62 , 2.0 , 2 , 4
0 , 2.62 , 2.0 , 2 , 4
0 , 2.62 , 2.0 , 2 , 4
0 , 2.62 , 2.0 , 2 , 4
0 , 2.62 , 2.0 , 2 , 4
0 , 2.62 , 2.0 , 2 , 4
0 , 2.62 , 2.0 , 2 , 4
0 , 2.6 , 2.0 , 2 , 4
0 , 2.6 , 2.0 , 2 , 4
0 , 2.6 , 2.0 , 2 , 4
0 , 2.6 , 2.0 , 2 , 4
0 , 2.6 , 2.0 , 2 , 4
0 , 2.6 , 2.0 , 2 , 4
0 , 2.6 , 2.0 , 2 , 4
0 , 2.56 , 2.0 , 2 , 4
0 , 2.56 , 2.0 , 2 , 4
0 , 2.56 , 2.0 , 2 , 4
0 , 2.56 , 2.0 , 2 , 4
0 , 2.54 , 2.0 , 2 , 4
0 , 2.54 , 2.0 , 2 , 4
0 , 2.5 , 2.0 , 2 , 4
0 , 2.5 , 2.0 , 2 , 4
0 , 2.5 , 2.0 , 2 , 4
0 , 2.5 , 2.0 , 2 , 4
0 , 2.5 , 2.0 , 2 , 4
0 , 2.5 , 2.0 , 2 , 4
0 , 2.5 , 2.0 , 2 , 4
0 , 2.46 , 2.0 , 2 , 4
0 , 2.46 , 2.0 , 2 , 4
0 , 2.46 , 2.0 , 2 , 4
0 , 2.46 , 2.0 , 2 , 4
0 , 2.46 , 2.0 , 2 , 4
0 , 2.44 , 2.0 , 2 , 4
0 , 2.44 , 2.0 , 2 , 4
0 , 2.44 , 2.0 , 2 , 4
0 , 2.44 , 2.0 , 2 , 4
0 , 2.42 , 2.0 , 2 , 4
0 , 2.42 , 2.0 , 2 , 4
0 , 2.42 , 2.0 , 2 , 4
0 , 2.42 , 2.0 , 2 , 4
0 , 2.42 , 2.0 , 2 , 4
0 , 2.42 , 2.0 , 2 , 4
0 , 2.42 , 2.0 , 2 , 4
0 , 2.42 , 2.0 , 2 , 4
0 , 2.42 , 2.0 , 2 , 4
0 , 2.42 , 2.0 , 2 , 4
0 , 2.42 , 2.0 , 2 , 4
0 , 2.42 , 2.0 , 2 , 4
0 , 2.42 , 2.0 , 2 , 4
0 , 2.42 , 2.0 , 2 , 4
0 , 2.42 , 2.0 , 2 , 4
0 , 2.4 , 2.0 , 2 , 4
0 , 2.4 , 2.0 , 2 , 4
0 , 2.4 , 2.0 , 2 , 4
0 , 2.4 , 2.0 , 2 , 4
0 , 2.4 , 2.0 , 2 , 4
0 , 2.4 , 2.0 , 2 , 4
0 , 2.4 , 2.0 , 2 , 4
0 , 2.4 , 2.0 , 2 , 4
0 , 2.4 , 2.0 , 2 , 4
0 , 2.38 , 2.0 , 2 , 4
0 , 2.38 , 2.0 , 2 , 4
0 , 2.38 , 2.0 , 2 , 4
0 , 2.38 , 2.0 , 2 , 4
0 , 2.38 , 2.0 , 2 , 4
0 , 2.36 , 2.0 , 2 , 4
0 , 2.36 , 2.0 , 2 , 4
0 , 2.36 , 2.0 , 2 , 4
0 , 2.36 , 2.0 , 2 , 4
0 , 2.36 , 2.0 , 2 , 4
0 , 2.36 , 2.0 , 2 , 4
0 , 2.36 , 2.0 , 2 , 4
0 , 2.36 , 2.0 , 2 , 4
0 , 2.36 , 2.0 , 2 , 4
0 , 2.36 , 2.0 , 2 , 4
0 , 2.36 , 2.0 , 2 , 4
0 , 2.36 , 2.0 , 2 , 4
0 , 2.36 , 2.0 , 2 , 4
0 , 2.36 , 2.0 , 2 , 4
0 , 2.36 , 2.0 , 2 , 4
0 , 2.36 , 2.0 , 2 , 4
0 , 2.36 , 2.0 , 2 , 4
0 , 2.36 , 2.0 , 2 , 4
0 , 2.36 , 2.0 , 2 , 4
0 , 2.36 , 2.0 , 2 , 4
0 , 2.36 , 2.0 , 2 , 4
0 , 2.36 , 2.0 , 2 , 4
0 , 2.36 , 2.0 , 2 , 4
0 , 2.36 , 2.0 , 2 , 4
0 , 2.36 , 2.0 , 2 , 4
0 , 2.36 , 2.0 , 2 , 4
0 , 2.36 , 2.0 , 2 , 4
0 , 2.36 , 2.0 , 2 , 4
0 , 2.36 , 2.0 , 2 , 4
0 , 2.34 , 2.0 , 2 , 4
0 , 2.34 , 2.0 , 2 , 4
0 , 2.34 , 2.0 , 2 , 4
0 , 2.32 , 2.0 , 2 , 4
0 , 2.32 , 2.0 , 2 , 4
0 , 2.32 , 2.0 , 2 , 4
0 , 2.32 , 2.0 , 2 , 4
0 , 2.32 , 2.0 , 2 , 4
0 , 2.32 , 2.0 , 2 , 4
0 , 2.32 , 2.0 , 2 , 4
0 , 2.32 , 2.0 , 2 , 4
0 , 2.32 , 2.0 , 2 , 4
0 , 2.32 , 2.0 , 2 , 4
0 , 2.32 , 2.0 , 2 , 4
0 , 2.32 , 2.0 , 2 , 4
0 , 2.32 , 2.0 , 2 , 4
0 , 2.3 , 2.0 , 2 , 4
0 , 2.3 , 2.0 , 2 , 4
0 , 2.3 , 2.0 , 2 , 4
0 , 2.3 , 2.0 , 2 , 4
0 , 2.3 , 2.0 , 2 , 4
0 , 2.3 , 2.0 , 2 , 4
0 , 2.28 , 2.0 , 2 , 4
0 , 2.26 , 2.0 , 2 , 4
0 , 2.26 , 2.0 , 2 , 4
0 , 2.26 , 2.0 , 2 , 4
0 , 2.26 , 2.0 , 2 , 4
0 , 2.26 , 2.0 , 2 , 4
0 , 2.26 , 2.0 , 2 , 4
0 , 2.26 , 2.0 , 2 , 4
0 , 2.26 , 2.0 , 2 , 4
0 , 2.26 , 2.0 , 2 , 4
0 , 2.26 , 2.0 , 2 , 4
0 , 2.26 , 2.0 , 2 , 4
0 , 2.26 , 2.0 , 2 , 4
0 , 2.24 , 2.0 , 2 , 4
0 , 2.24 , 2.0 , 2 , 4
0 , 2.24 , 2.0 , 2 , 4
0 , 2.24 , 2.0 , 2 , 4
0 , 2.24 , 2.0 , 2 , 4
0 , 2.24 , 2.0 , 2 , 4
0 , 2.22 , 2.0 , 2 , 4
0 , 2.2 , 2.0 , 2 , 4
0 , 2.2 , 2.0 , 2 , 4
0 , 2.2 , 2.0 , 2 , 4
0 , 2.2 , 2.0 , 2 , 4
0 , 2.2 , 2.0 , 2 , 4
0 , 2.2 , 2.0 , 2 , 4
0 , 2.2 , 2.0 , 2 , 4
0 , 2.18 , 2.0 , 2 , 4
0 , 2.18 , 2.0 , 2 , 4
0 , 2.18 , 2.0 , 2 , 4
0 , 2.18 , 2.0 , 2 , 4
0 , 2.16 , 2.0 , 2 , 4
0 , 2.16 , 2.0 , 2 , 4
0 , 2.16 , 2.0 , 2 , 4
0 , 2.16 , 2.0 , 2 , 4
0 , 2.16 , 2.0 , 2 , 4
0 , 2.16 , 2.0 , 2 , 4
0 , 2.16 , 2.0 , 2 , 4
0 , 2.16 , 2.0 , 2 , 4
0 , 2.16 , 2.0 , 2 , 4
0 , 2.16 , 2.0 , 2 , 4
0 , 2.16 , 2.0 , 2 , 4
0 , 2.14 , 2.0 , 2 , 4
0 , 2.14 , 2.0 , 2 , 4
0 , 2.14 , 2.0 , 2 , 4
0 , 2.14 , 2.0 , 2 , 4
0 , 2.14 , 2.0 , 2 , 4
0 , 2.1 , 2.0 , 2 , 4
0 , 2.1 , 2.0 , 2 , 4
0 , 2.1 , 2.0 , 2 , 4
0 , 2.1 , 2.0 , 2 , 4
0 , 2.1 , 2.0 , 2 , 4
0 , 2.1 , 2.0 , 2 , 4
0 , 2.1 , 2.0 , 2 , 4
0 , 2.1 , 2.0 , 2 , 4
0 , 2.1 , 2.0 , 2 , 4
0 , 2.1 , 2.0 , 2 , 4
0 , 2.1 , 2.0 , 2 , 4
0 , 2.06 , 2.0 , 2 , 4
0 , 2.06 , 2.0 , 2 , 4
0 , 2.06 , 2.0 , 2 , 4
0 , 2.06 , 2.0 , 2 , 4
0 , 2.06 , 2.0 , 2 , 4
0 , 2.06 , 2.0 , 2 , 4
0 , 2.06 , 2.0 , 2 , 4
0 , 2.06 , 2.0 , 2 , 4
0 , 2.06 , 2.0 , 2 , 4
0 , 2.06 , 2.0 , 2 , 4
0 , 2.06 , 2.0 , 2 , 4
0 , 2.02 , 2.0 , 2 , 4
0 , 2.02 , 2.0 , 2 , 4
0 , 2.02 , 2.0 , 2 , 4
0 , 2.0 , 2.0 , 2 , 4
0 , 2.0 , 2.0 , 2 , 4
0 , 2.0 , 2.0 , 2 , 4
0 , 2.0 , 2.0 , 2 , 4
0 , 2.0 , 2.0 , 2 , 4
0 , 2.0 , 2.0 , 2 , 4
0 , 2.0 , 2.0 , 2 , 4
0 , 2.0 , 2.0 , 2 , 4
0 , 1.98 , 2.0 , 2 , 4
0 , 1.98 , 2.0 , 2 , 4
0 , 1.96 , 2.0 , 2 , 4
0 , 1.96 , 2.0 , 2 , 4
0 , 1.96 , 2.0 , 2 , 4
0 , 1.96 , 2.0 , 2 , 4
0 , 1.96 , 2.0 , 2 , 4
0 , 1.96 , 2.0 , 2 , 4
0 , 1.94 , 2.0 , 2 , 4
0 , 1.94 , 2.0 , 2 , 4
0 , 1.94 , 2.0 , 2 , 4
0 , 1.94 , 2.0 , 2 , 4
0 , 1.94 , 2.0 , 2 , 4
0 , 1.94 , 2.0 , 2 , 4
0 , 1.94 , 2.0 , 2 , 4
0 , 1.94 , 2.0 , 2 , 4
0 , 1.94 , 2.0 , 2 , 4
0 , 1.94 , 2.0 , 2 , 4
0 , 1.94 , 2.0 , 2 , 4
0 , 1.94 , 2.0 , 2 , 4
0 , 1.9 , 2.0 , 2 , 4
0 , 1.9 , 2.0 , 2 , 4
0 , 1.88 , 2.0 , 2 , 4
0 , 1.88 , 2.0 , 2 , 4
0 , 1.88 , 2.0 , 2 , 4
0 , 1.88 , 2.0 , 2 , 4
0 , 1.88 , 2.0 , 2 , 4
0 , 1.88 , 2.0 , 2 , 4
0 , 1.88 , 2.0 , 2 , 4
0 , 1.86 , 2.0 , 2 , 4
0 , 1.86 , 2.0 , 2 , 4
0 , 1.86 , 2.0 , 2 , 4
0 , 1.86 , 2.0 , 2 , 4
0 , 1.86 , 2.0 , 2 , 4
0 , 1.86 , 2.0 , 2 , 4
0 , 1.86 , 2.0 , 2 , 4
0 , 1.86 , 2.0 , 2 , 4
0 , 1.86 , 2.0 , 2 , 4
0 , 1.86 , 2.0 , 2 , 4
0 , 1.86 , 2.0 , 2 , 4
0 , 1.86 , 2.0 , 2 , 4
0 , 1.86 , 2.0 , 2 , 4
0 , 1.86 , 2.0 , 2 , 4
0 , 1.86 , 2.0 , 2 , 4
0 , 1.86 , 2.0 , 2 , 4
0 , 1.86 , 2.0 , 2 , 4
0 , 1.86 , 2.0 , 2 , 4
0 , 1.86 , 2.0 , 2 , 4
0 , 1.86 , 2.0 , 2 , 4
0 , 1.86 , 2.0 , 2 , 4
0 , 1.86 , 2.0 , 2 , 4
0 , 1.86 , 2.0 , 2 , 4
0 , 1.86 , 2.0 , 2 , 4
0 , 1.86 , 2.0 , 2 , 4
0 , 1.86 , 2.0 , 2 , 4
0 , 1.84 , 2.0 , 2 , 2
0 , 1.84 , 2.0 , 2 , 2
0 , 1.84 , 2.0 , 2 , 2
0 , 1.84 , 2.0 , 2 , 2
0 , 1.84 , 2.0 , 2 , 2
0 , 1.84 , 2.0 , 2 , 2
0 , 1.84 , 2.0 , 2 , 2
0 , 1.84 , 2.0 , 2 , 2
0 , 1.84 , 2.0 , 2 , 2
0 , 1.84 , 2.0 , 2 , 2
0 , 1.84 , 2.0 , 2 , 2
0 , 1.84 , 2.0 , 2 , 2
0 , 1.84 , 2.0 , 2 , 2
0 , 1.84 , 2.0 , 2 , 2
0 , 1.84 , 2.0 , 2 , 2
0 , 1.84 , 2.0 , 2 , 2
0 , 1.84 , 2.0 , 2 , 2
0 , 1.84 , 2.0 , 2 , 2
0 , 1.84 , 2.0 , 2 , 2
0 , 1.84 , 2.0 , 2 , 2
0 , 1.84 , 2.0 , 2 , 2
0 , 1.84 , 2.0 , 2 , 2
0 , 1.84 , 2.0 , 2 , 2
0 , 1.84 , 2.0 , 2 , 2
0 , 1.84 , 2.0 , 2 , 2
0 , 1.84 , 2.0 , 2 , 2
0 , 1.84 , 2.0 , 2 , 2
0 , 1.84 , 2.0 , 2 , 2
0 , 1.84 , 2.0 , 2 , 2
0 , 1.84 , 2.0 , 2 , 2
0 , 1.84 , 2.0 , 2 , 2
0 , 1.84 , 2.0 , 2 , 2
0 , 1.84 , 2.0 , 2 , 2
0 , 1.84 , 2.0 , 2 , 2
0 , 1.84 , 2.0 , 2 , 2
0 , 1.84 , 2.0 , 2 , 2
0 , 1.84 , 2.0 , 2 , 2
0 , 1.84 , 2.0 , 2 , 2
0 , 1.84 , 2.0 , 2 , 2
0 , 1.84 , 2.0 , 2 , 2
0 , 1.84 , 2.0 , 2 , 2
0 , 1.84 , 2.0 , 2 , 2
0 , 1.84 , 2.0 , 2 , 2
0 , 1.84 , 2.0 , 2 , 2
0 , 1.84 , 2.0 , 2 , 2
0 , 1.84 , 2.0 , 2 , 2
0 , 1.84 , 2.0 , 2 , 2
0 , 1.84 , 2.0 , 2 , 2
0 , 1.84 , 2.0 , 2 , 2
0 , 1.84 , 2.0 , 2 , 2
0 , 1.84 , 2.0 , 2 , 2
0 , 1.84 , 2.0 , 2 , 2
0 , 1.84 , 2.0 , 2 , 2
0 , 1.84 , 2.0 , 2 , 2
0 , 1.84 , 2.0 , 2 , 2
0 , 1.84 , 2.0 , 2 , 2
0 , 1.84 , 2.0 , 2 , 2
0 , 1.84 , 2.0 , 2 , 2
0 , 1.84 , 2.0 , 2 , 2
0 , 1.84 , 2.0 , 2 , 2
0 , 1.84 , 2.0 , 2 , 2
0 , 1.84 , 2.0 , 2 , 2
0 , 1.84 , 2.0 , 2 , 2
0 , 1.84 , 2.0 , 2 , 2
0 , 1.84 , 2.0 , 2 , 2
0 , 1.84 , 2.0 , 2 , 2
0 , 1.84 , 2.0 , 2 , 2
0 , 1.84 , 2.0 , 2 , 2
0 , 1.84 , 2.0 , 2 , 2
0 , 1.82 , 2.0 , 2 , 2
0 , 1.82 , 2.0 , 2 , 2
0 , 1.82 , 2.0 , 2 , 2
0 , 1.82 , 2.0 , 2 , 2
0 , 1.82 , 2.0 , 2 , 2
0 , 1.82 , 2.0 , 2 , 2
0 , 1.82 , 2.0 , 2 , 2
0 , 1.82 , 2.0 , 2 , 2
0 , 1.82 , 2.0 , 2 , 2
0 , 1.82 , 2.0 , 2 , 2
0 , 1.82 , 2.0 , 2 , 2
0 , 1.82 , 2.0 , 2 , 2
0 , 1.82 , 2.0 , 2 , 2
0 , 1.82 , 2.0 , 2 , 2
0 , 1.82 , 2.0 , 2 , 2
0 , 1.82 , 2.0 , 2 , 2
0 , 1.82 , 2.0 , 2 , 2
0 , 1.82 , 2.0 , 2 , 2
0 , 1.82 , 2.0 , 2 , 2
0 , 1.82 , 2.0 , 2 , 2
0 , 1.82 , 2.0 , 2 , 2
0 , 1.82 , 2.0 , 2 , 2
0 , 1.82 , 2.0 , 2 , 2
0 , 1.82 , 2.0 , 2 , 2
0 , 1.82 , 2.0 , 2 , 2
0 , 1.82 , 2.0 , 2 , 2
0 , 1.82 , 2.0 , 2 , 2
0 , 1.82 , 2.0 , 2 , 2
0 , 1.82 , 2.0 , 2 , 2
0 , 1.82 , 2.0 , 2 , 2
0 , 1.82 , 2.0 , 2 , 2
0 , 1.82 , 2.0 , 2 , 2
0 , 1.82 , 2.0 , 2 , 2
0 , 1.82 , 2.0 , 2 , 2
0 , 1.82 , 2.0 , 2 , 2
0 , 1.8 , 2.0 , 2 , 2
0 , 1.8 , 2.0 , 2 , 2
0 , 1.8 , 2.0 , 2 , 2
0 , 1.8 , 2.0 , 2 , 2
0 , 1.8 , 2.0 , 2 , 2
0 , 1.8 , 2.0 , 2 , 2
0 , 1.8 , 2.0 , 2 , 2
0 , 1.8 , 2.0 , 2 , 2
0 , 1.8 , 2.0 , 2 , 2
0 , 1.8 , 2.0 , 2 , 2
0 , 1.8 , 2.0 , 2 , 2
0 , 1.8 , 2.0 , 2 , 2
0 , 1.8 , 2.0 , 2 , 2
0 , 1.8 , 2.0 , 2 , 2
0 , 1.8 , 2.0 , 2 , 2
0 , 1.8 , 2.0 , 2 , 2
0 , 1.8 , 2.0 , 2 , 2
0 , 1.8 , 2.0 , 2 , 2
0 , 1.8 , 2.0 , 2 , 2
0 , 1.8 , 2.0 , 2 , 2
0 , 1.8 , 2.0 , 2 , 2
0 , 1.8 , 2.0 , 2 , 2
0 , 1.8 , 2.0 , 2 , 2
0 , 1.8 , 2.0 , 2 , 2
0 , 1.8 , 2.0 , 2 , 2
0 , 1.8 , 2.0 , 2 , 2
0 , 1.8 , 2.0 , 2 , 2
0 , 1.8 , 2.0 , 2 , 2
10  Perfect solutions
perfect solution individuals [[2, 6, 1, 7, 5, 3, 0, 4], [2, 4, 1, 7, 5, 3, 6, 0], [2, 5, 3, 0, 7, 4, 6, 1], [6, 0, 2, 7, 5, 3, 1, 4], [6, 3, 1, 7, 5, 0, 2, 4], [2, 4, 1, 7, 5, 3, 6, 0], [2, 5, 3, 0, 7, 4, 6, 1], [1, 7, 5, 0, 2, 4, 6, 3], [5, 3, 1, 7, 4, 6, 0, 2], [2, 4, 1, 7, 0, 6, 3, 5]]
