2 , 9.2 , 8.0 , 8 , 22
2 , 8.94 , 8.0 , 8 , 20
2 , 8.68 , 8.0 , 8 , 16
2 , 8.54 , 8.0 , 8 , 14
2 , 8.46 , 8.0 , 8 , 14
2 , 8.38 , 8.0 , 8 , 14
2 , 8.22 , 8.0 , 8 , 14
2 , 8.22 , 8.0 , 8 , 14
2 , 8.22 , 8.0 , 8 , 14
2 , 8.2 , 8.0 , 8 , 14
2 , 8.08 , 8.0 , 8 , 14
2 , 8.04 , 8.0 , 8 , 12
2 , 7.9 , 8.0 , 8 , 12
2 , 7.84 , 8.0 , 8 , 12
2 , 7.78 , 8.0 , 8 , 12
2 , 7.7 , 8.0 , 8 , 12
2 , 7.66 , 8.0 , 8 , 12
2 , 7.58 , 8.0 , 8 , 12
2 , 7.52 , 8.0 , 6 , 12
2 , 7.52 , 8.0 , 6 , 12
2 , 7.42 , 8.0 , 6 , 12
2 , 7.36 , 8.0 , 6 , 10
2 , 7.28 , 8.0 , 6 , 10
2 , 7.26 , 8.0 , 6 , 10
2 , 7.2 , 8.0 , 6 , 10
2 , 7.18 , 8.0 , 8 , 10
2 , 7.16 , 8.0 , 8 , 10
2 , 7.08 , 8.0 , 8 , 10
2 , 7.06 , 8.0 , 8 , 10
2 , 7.06 , 8.0 , 8 , 10
2 , 7.06 , 8.0 , 8 , 10
2 , 6.94 , 8.0 , 8 , 10
2 , 6.94 , 8.0 , 8 , 10
2 , 6.84 , 7.0 , 8 , 10
2 , 6.78 , 6.0 , 8 , 10
2 , 6.76 , 6.0 , 8 , 10
2 , 6.76 , 6.0 , 8 , 10
2 , 6.76 , 6.0 , 8 , 10
2 , 6.68 , 6.0 , 8 , 10
2 , 6.64 , 6.0 , 6 , 10
2 , 6.6 , 6.0 , 6 , 10
2 , 6.56 , 6.0 , 8 , 10
2 , 6.5 , 6.0 , 8 , 10
2 , 6.4 , 6.0 , 8 , 10
2 , 6.4 , 6.0 , 8 , 10
2 , 6.36 , 6.0 , 8 , 10
2 , 6.28 , 6.0 , 8 , 10
2 , 6.18 , 6.0 , 6 , 8
2 , 6.14 , 6.0 , 6 , 8
2 , 6.1 , 6.0 , 6 , 8
2 , 6.1 , 6.0 , 6 , 8
2 , 6.1 , 6.0 , 6 , 8
2 , 6.1 , 6.0 , 6 , 8
2 , 6.06 , 6.0 , 6 , 8
2 , 6.04 , 6.0 , 6 , 8
2 , 6.04 , 6.0 , 6 , 8
2 , 6.04 , 6.0 , 6 , 8
2 , 6.04 , 6.0 , 6 , 8
2 , 6.04 , 6.0 , 6 , 8
2 , 6.0 , 6.0 , 6 , 8
2 , 5.98 , 6.0 , 6 , 8
2 , 5.98 , 6.0 , 6 , 8
2 , 5.94 , 6.0 , 6 , 8
2 , 5.9 , 6.0 , 6 , 8
2 , 5.9 , 6.0 , 6 , 8
2 , 5.9 , 6.0 , 6 , 8
2 , 5.88 , 6.0 , 6 , 8
2 , 5.88 , 6.0 , 6 , 8
2 , 5.88 , 6.0 , 6 , 8
2 , 5.86 , 6.0 , 6 , 8
2 , 5.86 , 6.0 , 6 , 8
2 , 5.82 , 6.0 , 6 , 8
2 , 5.8 , 6.0 , 6 , 8
2 , 5.78 , 6.0 , 6 , 8
2 , 5.76 , 6.0 , 6 , 8
2 , 5.74 , 6.0 , 6 , 8
2 , 5.7 , 6.0 , 6 , 8
2 , 5.68 , 6.0 , 6 , 8
2 , 5.66 , 6.0 , 6 , 8
2 , 5.66 , 6.0 , 6 , 8
2 , 5.6 , 6.0 , 6 , 8
2 , 5.6 , 6.0 , 6 , 8
2 , 5.5 , 6.0 , 6 , 8
2 , 5.48 , 6.0 , 6 , 8
2 , 5.42 , 6.0 , 6 , 8
2 , 5.38 , 6.0 , 6 , 8
2 , 5.36 , 6.0 , 6 , 8
2 , 5.32 , 6.0 , 6 , 8
2 , 5.24 , 6.0 , 6 , 8
2 , 5.22 , 6.0 , 6 , 8
2 , 5.16 , 6.0 , 6 , 8
2 , 5.1 , 6.0 , 6 , 8
2 , 5.0 , 6.0 , 6 , 8
2 , 4.98 , 6.0 , 6 , 8
2 , 4.92 , 6.0 , 6 , 8
2 , 4.9 , 6.0 , 6 , 8
2 , 4.88 , 6.0 , 6 , 6
2 , 4.88 , 6.0 , 6 , 6
2 , 4.84 , 6.0 , 6 , 6
2 , 4.84 , 6.0 , 6 , 6
2 , 4.84 , 6.0 , 6 , 6
2 , 4.84 , 6.0 , 6 , 6
2 , 4.8 , 6.0 , 6 , 6
2 , 4.8 , 6.0 , 6 , 6
2 , 4.8 , 6.0 , 6 , 6
2 , 4.8 , 6.0 , 6 , 6
2 , 4.8 , 6.0 , 6 , 6
2 , 4.8 , 6.0 , 6 , 6
0 , 4.74 , 6.0 , 6 , 6
0 , 4.74 , 6.0 , 6 , 6
0 , 4.74 , 6.0 , 6 , 6
0 , 4.7 , 6.0 , 6 , 6
0 , 4.7 , 6.0 , 6 , 6
0 , 4.7 , 6.0 , 6 , 6
0 , 4.66 , 6.0 , 6 , 6
0 , 4.66 , 6.0 , 6 , 6
0 , 4.64 , 6.0 , 6 , 6
0 , 4.64 , 6.0 , 6 , 6
0 , 4.64 , 6.0 , 6 , 6
0 , 4.64 , 6.0 , 6 , 6
0 , 4.62 , 6.0 , 6 , 6
0 , 4.62 , 6.0 , 6 , 6
0 , 4.62 , 6.0 , 6 , 6
0 , 4.62 , 6.0 , 6 , 6
0 , 4.62 , 6.0 , 6 , 6
0 , 4.62 , 6.0 , 6 , 6
0 , 4.62 , 6.0 , 6 , 6
0 , 4.62 , 6.0 , 6 , 6
0 , 4.62 , 6.0 , 6 , 6
0 , 4.62 , 6.0 , 6 , 6
0 , 4.6 , 6.0 , 6 , 6
0 , 4.58 , 6.0 , 6 , 6
0 , 4.54 , 5.0 , 6 , 6
0 , 4.52 , 4.0 , 6 , 6
0 , 4.5 , 4.0 , 6 , 6
0 , 4.5 , 4.0 , 6 , 6
0 , 4.5 , 4.0 , 6 , 6
0 , 4.46 , 4.0 , 6 , 6
0 , 4.46 , 4.0 , 6 , 6
0 , 4.42 , 4.0 , 6 , 6
0 , 4.4 , 4.0 , 6 , 6
0 , 4.4 , 4.0 , 6 , 6
0 , 4.4 , 4.0 , 6 , 6
0 , 4.4 , 4.0 , 6 , 6
0 , 4.4 , 4.0 , 6 , 6
0 , 4.4 , 4.0 , 6 , 6
0 , 4.4 , 4.0 , 6 , 6
0 , 4.4 , 4.0 , 6 , 6
0 , 4.38 , 4.0 , 6 , 6
0 , 4.38 , 4.0 , 6 , 6
0 , 4.38 , 4.0 , 6 , 6
0 , 4.36 , 4.0 , 6 , 6
0 , 4.3 , 4.0 , 6 , 6
0 , 4.3 , 4.0 , 6 , 6
0 , 4.3 , 4.0 , 6 , 6
0 , 4.28 , 4.0 , 6 , 6
0 , 4.28 , 4.0 , 6 , 6
0 , 4.28 , 4.0 , 6 , 6
0 , 4.28 , 4.0 , 6 , 6
0 , 4.28 , 4.0 , 6 , 6
0 , 4.28 , 4.0 , 6 , 6
0 , 4.26 , 4.0 , 6 , 6
0 , 4.26 , 4.0 , 6 , 6
0 , 4.22 , 4.0 , 6 , 6
0 , 4.22 , 4.0 , 6 , 6
0 , 4.22 , 4.0 , 6 , 6
0 , 4.22 , 4.0 , 6 , 6
0 , 4.2 , 4.0 , 4 , 6
0 , 4.18 , 4.0 , 4 , 6
0 , 4.18 , 4.0 , 4 , 6
0 , 4.18 , 4.0 , 4 , 6
0 , 4.18 , 4.0 , 4 , 6
0 , 4.18 , 4.0 , 4 , 6
0 , 4.16 , 4.0 , 4 , 6
0 , 4.16 , 4.0 , 4 , 6
0 , 4.16 , 4.0 , 4 , 6
0 , 4.16 , 4.0 , 4 , 6
0 , 4.16 , 4.0 , 4 , 6
0 , 4.16 , 4.0 , 4 , 6
0 , 4.16 , 4.0 , 4 , 6
0 , 4.16 , 4.0 , 4 , 6
0 , 4.16 , 4.0 , 4 , 6
0 , 4.12 , 4.0 , 4 , 6
0 , 4.12 , 4.0 , 4 , 6
0 , 4.12 , 4.0 , 4 , 6
0 , 4.12 , 4.0 , 4 , 6
0 , 4.1 , 4.0 , 4 , 6
0 , 4.1 , 4.0 , 4 , 6
0 , 4.1 , 4.0 , 4 , 6
0 , 4.1 , 4.0 , 4 , 6
0 , 4.08 , 4.0 , 4 , 6
0 , 4.08 , 4.0 , 4 , 6
0 , 4.08 , 4.0 , 4 , 6
0 , 4.08 , 4.0 , 4 , 6
0 , 4.0 , 4.0 , 4 , 6
0 , 4.0 , 4.0 , 4 , 6
0 , 4.0 , 4.0 , 4 , 6
0 , 4.0 , 4.0 , 4 , 6
0 , 3.96 , 4.0 , 4 , 6
0 , 3.96 , 4.0 , 4 , 6
0 , 3.96 , 4.0 , 4 , 6
0 , 3.96 , 4.0 , 4 , 6
0 , 3.9 , 4.0 , 4 , 6
0 , 3.86 , 4.0 , 4 , 6
0 , 3.86 , 4.0 , 4 , 6
0 , 3.86 , 4.0 , 4 , 6
0 , 3.82 , 4.0 , 4 , 6
0 , 3.82 , 4.0 , 4 , 6
0 , 3.8 , 4.0 , 4 , 6
0 , 3.8 , 4.0 , 4 , 6
0 , 3.78 , 4.0 , 4 , 6
0 , 3.78 , 4.0 , 4 , 6
0 , 3.76 , 4.0 , 4 , 6
0 , 3.76 , 4.0 , 4 , 6
0 , 3.76 , 4.0 , 4 , 6
0 , 3.76 , 4.0 , 4 , 6
0 , 3.74 , 4.0 , 4 , 6
0 , 3.74 , 4.0 , 4 , 6
0 , 3.68 , 4.0 , 4 , 6
0 , 3.66 , 4.0 , 4 , 6
0 , 3.66 , 4.0 , 4 , 6
0 , 3.64 , 4.0 , 4 , 6
0 , 3.64 , 4.0 , 4 , 6
0 , 3.64 , 4.0 , 4 , 6
0 , 3.62 , 4.0 , 4 , 6
0 , 3.6 , 4.0 , 4 , 6
0 , 3.56 , 4.0 , 4 , 6
0 , 3.56 , 4.0 , 4 , 6
0 , 3.56 , 4.0 , 4 , 6
0 , 3.54 , 4.0 , 4 , 6
0 , 3.52 , 4.0 , 4 , 6
0 , 3.52 , 4.0 , 4 , 6
0 , 3.52 , 4.0 , 4 , 6
0 , 3.48 , 4.0 , 4 , 6
0 , 3.48 , 4.0 , 4 , 6
0 , 3.44 , 4.0 , 4 , 6
0 , 3.44 , 4.0 , 4 , 6
0 , 3.44 , 4.0 , 4 , 6
0 , 3.44 , 4.0 , 4 , 6
0 , 3.42 , 4.0 , 4 , 6
0 , 3.42 , 4.0 , 4 , 6
0 , 3.42 , 4.0 , 4 , 6
0 , 3.42 , 4.0 , 4 , 6
0 , 3.38 , 4.0 , 4 , 6
0 , 3.36 , 4.0 , 4 , 6
0 , 3.36 , 4.0 , 4 , 6
0 , 3.36 , 4.0 , 4 , 6
0 , 3.34 , 4.0 , 4 , 6
0 , 3.32 , 4.0 , 4 , 6
0 , 3.32 , 4.0 , 4 , 6
0 , 3.28 , 4.0 , 4 , 6
0 , 3.28 , 4.0 , 4 , 6
0 , 3.28 , 4.0 , 4 , 6
0 , 3.28 , 4.0 , 4 , 6
0 , 3.26 , 4.0 , 4 , 6
0 , 3.26 , 4.0 , 4 , 6
0 , 3.2 , 4.0 , 4 , 6
0 , 3.18 , 4.0 , 4 , 4
0 , 3.18 , 4.0 , 4 , 4
0 , 3.18 , 4.0 , 4 , 4
0 , 3.18 , 4.0 , 4 , 4
0 , 3.18 , 4.0 , 4 , 4
0 , 3.18 , 4.0 , 4 , 4
0 , 3.16 , 4.0 , 4 , 4
0 , 3.16 , 4.0 , 4 , 4
0 , 3.16 , 4.0 , 4 , 4
0 , 3.16 , 4.0 , 4 , 4
0 , 3.16 , 4.0 , 4 , 4
0 , 3.16 , 4.0 , 4 , 4
0 , 3.16 , 4.0 , 4 , 4
0 , 3.16 , 4.0 , 4 , 4
0 , 3.14 , 4.0 , 4 , 4
0 , 3.14 , 4.0 , 4 , 4
0 , 3.14 , 4.0 , 4 , 4
0 , 3.14 , 4.0 , 4 , 4
0 , 3.14 , 4.0 , 4 , 4
0 , 3.14 , 4.0 , 4 , 4
0 , 3.14 , 4.0 , 4 , 4
0 , 3.14 , 4.0 , 4 , 4
0 , 3.14 , 4.0 , 4 , 4
0 , 3.14 , 4.0 , 4 , 4
0 , 3.14 , 4.0 , 4 , 4
0 , 3.14 , 4.0 , 4 , 4
0 , 3.14 , 4.0 , 4 , 4
0 , 3.12 , 4.0 , 4 , 4
0 , 3.12 , 4.0 , 4 , 4
0 , 3.12 , 4.0 , 4 , 4
0 , 3.12 , 4.0 , 4 , 4
0 , 3.1 , 4.0 , 4 , 4
0 , 3.1 , 4.0 , 4 , 4
0 , 3.1 , 4.0 , 4 , 4
0 , 3.1 , 4.0 , 4 , 4
0 , 3.1 , 4.0 , 4 , 4
0 , 3.1 , 4.0 , 4 , 4
0 , 3.1 , 4.0 , 4 , 4
0 , 3.1 , 4.0 , 4 , 4
0 , 3.1 , 4.0 , 4 , 4
0 , 3.1 , 4.0 , 4 , 4
0 , 3.1 , 4.0 , 4 , 4
0 , 3.1 , 4.0 , 4 , 4
0 , 3.1 , 4.0 , 4 , 4
0 , 3.1 , 4.0 , 4 , 4
0 , 3.08 , 4.0 , 4 , 4
0 , 3.08 , 4.0 , 4 , 4
0 , 3.08 , 4.0 , 4 , 4
0 , 3.08 , 4.0 , 4 , 4
0 , 3.08 , 4.0 , 4 , 4
0 , 3.08 , 4.0 , 4 , 4
0 , 3.08 , 4.0 , 4 , 4
0 , 3.08 , 4.0 , 4 , 4
0 , 3.06 , 4.0 , 4 , 4
0 , 3.06 , 4.0 , 4 , 4
0 , 3.06 , 4.0 , 4 , 4
0 , 3.06 , 4.0 , 4 , 4
0 , 3.06 , 4.0 , 4 , 4
0 , 3.06 , 4.0 , 4 , 4
0 , 3.06 , 4.0 , 4 , 4
0 , 3.06 , 4.0 , 4 , 4
0 , 3.04 , 4.0 , 4 , 4
0 , 3.04 , 4.0 , 4 , 4
0 , 3.04 , 4.0 , 4 , 4
0 , 3.04 , 4.0 , 4 , 4
0 , 3.04 , 4.0 , 4 , 4
0 , 3.04 , 4.0 , 4 , 4
0 , 3.04 , 4.0 , 4 , 4
0 , 3.02 , 4.0 , 4 , 4
0 , 3.0 , 4.0 , 4 , 4
0 , 3.0 , 4.0 , 4 , 4
0 , 3.0 , 4.0 , 4 , 4
0 , 3.0 , 4.0 , 4 , 4
0 , 2.98 , 4.0 , 4 , 4
0 , 2.98 , 4.0 , 4 , 4
0 , 2.98 , 4.0 , 4 , 4
0 , 2.98 , 4.0 , 4 , 4
0 , 2.98 , 4.0 , 4 , 4
0 , 2.98 , 4.0 , 4 , 4
0 , 2.98 , 4.0 , 4 , 4
0 , 2.98 , 4.0 , 4 , 4
0 , 2.98 , 4.0 , 4 , 4
0 , 2.98 , 4.0 , 4 , 4
0 , 2.96 , 4.0 , 4 , 4
0 , 2.96 , 4.0 , 4 , 4
0 , 2.96 , 4.0 , 4 , 4
0 , 2.96 , 4.0 , 4 , 4
0 , 2.96 , 4.0 , 4 , 4
0 , 2.96 , 4.0 , 4 , 4
0 , 2.96 , 4.0 , 4 , 4
0 , 2.94 , 3.0 , 4 , 4
0 , 2.94 , 3.0 , 4 , 4
0 , 2.94 , 3.0 , 4 , 4
0 , 2.94 , 3.0 , 4 , 4
0 , 2.94 , 3.0 , 4 , 4
0 , 2.94 , 3.0 , 4 , 4
0 , 2.94 , 3.0 , 4 , 4
0 , 2.94 , 3.0 , 4 , 4
0 , 2.94 , 3.0 , 4 , 4
0 , 2.92 , 2.0 , 4 , 4
0 , 2.92 , 2.0 , 4 , 4
0 , 2.9 , 2.0 , 2 , 4
0 , 2.9 , 2.0 , 2 , 4
0 , 2.9 , 2.0 , 2 , 4
0 , 2.9 , 2.0 , 2 , 4
0 , 2.9 , 2.0 , 2 , 4
0 , 2.9 , 2.0 , 2 , 4
0 , 2.9 , 2.0 , 2 , 4
0 , 2.9 , 2.0 , 2 , 4
0 , 2.9 , 2.0 , 2 , 4
0 , 2.88 , 2.0 , 2 , 4
0 , 2.88 , 2.0 , 2 , 4
0 , 2.88 , 2.0 , 2 , 4
0 , 2.88 , 2.0 , 2 , 4
0 , 2.88 , 2.0 , 2 , 4
0 , 2.88 , 2.0 , 2 , 4
0 , 2.88 , 2.0 , 2 , 4
0 , 2.88 , 2.0 , 2 , 4
0 , 2.88 , 2.0 , 2 , 4
0 , 2.88 , 2.0 , 2 , 4
0 , 2.88 , 2.0 , 2 , 4
0 , 2.88 , 2.0 , 2 , 4
0 , 2.88 , 2.0 , 2 , 4
0 , 2.88 , 2.0 , 2 , 4
0 , 2.88 , 2.0 , 2 , 4
0 , 2.88 , 2.0 , 2 , 4
0 , 2.88 , 2.0 , 2 , 4
0 , 2.86 , 2.0 , 2 , 4
0 , 2.86 , 2.0 , 2 , 4
0 , 2.86 , 2.0 , 2 , 4
0 , 2.86 , 2.0 , 2 , 4
0 , 2.86 , 2.0 , 2 , 4
0 , 2.86 , 2.0 , 2 , 4
0 , 2.86 , 2.0 , 2 , 4
0 , 2.84 , 2.0 , 2 , 4
0 , 2.82 , 2.0 , 2 , 4
0 , 2.8 , 2.0 , 2 , 4
0 , 2.8 , 2.0 , 2 , 4
0 , 2.8 , 2.0 , 2 , 4
0 , 2.8 , 2.0 , 2 , 4
0 , 2.8 , 2.0 , 2 , 4
0 , 2.8 , 2.0 , 2 , 4
0 , 2.8 , 2.0 , 2 , 4
0 , 2.8 , 2.0 , 2 , 4
0 , 2.8 , 2.0 , 2 , 4
0 , 2.8 , 2.0 , 2 , 4
0 , 2.8 , 2.0 , 2 , 4
0 , 2.8 , 2.0 , 2 , 4
0 , 2.8 , 2.0 , 2 , 4
0 , 2.8 , 2.0 , 2 , 4
0 , 2.8 , 2.0 , 2 , 4
0 , 2.8 , 2.0 , 2 , 4
0 , 2.8 , 2.0 , 2 , 4
0 , 2.8 , 2.0 , 2 , 4
0 , 2.8 , 2.0 , 2 , 4
0 , 2.8 , 2.0 , 2 , 4
0 , 2.8 , 2.0 , 2 , 4
0 , 2.8 , 2.0 , 2 , 4
0 , 2.8 , 2.0 , 2 , 4
0 , 2.8 , 2.0 , 2 , 4
0 , 2.8 , 2.0 , 2 , 4
0 , 2.8 , 2.0 , 2 , 4
0 , 2.8 , 2.0 , 2 , 4
0 , 2.8 , 2.0 , 2 , 4
0 , 2.8 , 2.0 , 2 , 4
0 , 2.8 , 2.0 , 2 , 4
0 , 2.8 , 2.0 , 2 , 4
0 , 2.8 , 2.0 , 2 , 4
0 , 2.8 , 2.0 , 2 , 4
0 , 2.8 , 2.0 , 2 , 4
0 , 2.8 , 2.0 , 2 , 4
0 , 2.8 , 2.0 , 2 , 4
0 , 2.78 , 2.0 , 2 , 4
0 , 2.78 , 2.0 , 2 , 4
0 , 2.78 , 2.0 , 2 , 4
0 , 2.78 , 2.0 , 2 , 4
0 , 2.78 , 2.0 , 2 , 4
0 , 2.76 , 2.0 , 2 , 4
0 , 2.76 , 2.0 , 2 , 4
0 , 2.76 , 2.0 , 2 , 4
0 , 2.76 , 2.0 , 2 , 4
0 , 2.76 , 2.0 , 2 , 4
0 , 2.76 , 2.0 , 2 , 4
0 , 2.76 , 2.0 , 2 , 4
0 , 2.76 , 2.0 , 2 , 4
0 , 2.74 , 2.0 , 2 , 4
0 , 2.74 , 2.0 , 2 , 4
0 , 2.74 , 2.0 , 2 , 4
0 , 2.74 , 2.0 , 2 , 4
0 , 2.74 , 2.0 , 2 , 4
0 , 2.74 , 2.0 , 2 , 4
0 , 2.74 , 2.0 , 2 , 4
0 , 2.74 , 2.0 , 2 , 4
0 , 2.74 , 2.0 , 2 , 4
0 , 2.74 , 2.0 , 2 , 4
0 , 2.74 , 2.0 , 2 , 4
0 , 2.74 , 2.0 , 2 , 4
0 , 2.74 , 2.0 , 2 , 4
0 , 2.74 , 2.0 , 2 , 4
0 , 2.74 , 2.0 , 2 , 4
0 , 2.74 , 2.0 , 2 , 4
0 , 2.74 , 2.0 , 2 , 4
0 , 2.74 , 2.0 , 2 , 4
0 , 2.74 , 2.0 , 2 , 4
0 , 2.7 , 2.0 , 2 , 4
0 , 2.7 , 2.0 , 2 , 4
0 , 2.7 , 2.0 , 2 , 4
0 , 2.7 , 2.0 , 2 , 4
0 , 2.7 , 2.0 , 2 , 4
0 , 2.7 , 2.0 , 2 , 4
0 , 2.7 , 2.0 , 2 , 4
0 , 2.7 , 2.0 , 2 , 4
0 , 2.7 , 2.0 , 2 , 4
0 , 2.7 , 2.0 , 2 , 4
0 , 2.7 , 2.0 , 2 , 4
0 , 2.7 , 2.0 , 2 , 4
0 , 2.7 , 2.0 , 2 , 4
0 , 2.7 , 2.0 , 2 , 4
0 , 2.7 , 2.0 , 2 , 4
0 , 2.7 , 2.0 , 2 , 4
0 , 2.7 , 2.0 , 2 , 4
0 , 2.7 , 2.0 , 2 , 4
0 , 2.7 , 2.0 , 2 , 4
0 , 2.68 , 2.0 , 2 , 4
0 , 2.68 , 2.0 , 2 , 4
0 , 2.68 , 2.0 , 2 , 4
0 , 2.68 , 2.0 , 2 , 4
0 , 2.68 , 2.0 , 2 , 4
0 , 2.64 , 2.0 , 2 , 4
0 , 2.64 , 2.0 , 2 , 4
0 , 2.64 , 2.0 , 2 , 4
0 , 2.64 , 2.0 , 2 , 4
0 , 2.64 , 2.0 , 2 , 4
0 , 2.62 , 2.0 , 2 , 4
0 , 2.62 , 2.0 , 2 , 4
0 , 2.62 , 2.0 , 2 , 4
0 , 2.62 , 2.0 , 2 , 4
0 , 2.62 , 2.0 , 2 , 4
0 , 2.58 , 2.0 , 2 , 4
0 , 2.58 , 2.0 , 2 , 4
0 , 2.58 , 2.0 , 2 , 4
0 , 2.56 , 2.0 , 2 , 4
0 , 2.56 , 2.0 , 2 , 4
0 , 2.54 , 2.0 , 2 , 4
0 , 2.52 , 2.0 , 2 , 4
0 , 2.5 , 2.0 , 2 , 4
0 , 2.5 , 2.0 , 2 , 4
0 , 2.5 , 2.0 , 2 , 4
0 , 2.5 , 2.0 , 2 , 4
0 , 2.5 , 2.0 , 2 , 4
0 , 2.5 , 2.0 , 2 , 4
0 , 2.5 , 2.0 , 2 , 4
0 , 2.5 , 2.0 , 2 , 4
0 , 2.5 , 2.0 , 2 , 4
0 , 2.5 , 2.0 , 2 , 4
0 , 2.5 , 2.0 , 2 , 4
0 , 2.5 , 2.0 , 2 , 4
0 , 2.5 , 2.0 , 2 , 4
0 , 2.5 , 2.0 , 2 , 4
0 , 2.5 , 2.0 , 2 , 4
0 , 2.5 , 2.0 , 2 , 4
0 , 2.5 , 2.0 , 2 , 4
0 , 2.5 , 2.0 , 2 , 4
0 , 2.5 , 2.0 , 2 , 4
0 , 2.5 , 2.0 , 2 , 4
0 , 2.5 , 2.0 , 2 , 4
0 , 2.5 , 2.0 , 2 , 4
0 , 2.5 , 2.0 , 2 , 4
0 , 2.48 , 2.0 , 2 , 4
0 , 2.48 , 2.0 , 2 , 4
0 , 2.48 , 2.0 , 2 , 4
0 , 2.48 , 2.0 , 2 , 4
0 , 2.48 , 2.0 , 2 , 4
0 , 2.48 , 2.0 , 2 , 4
0 , 2.48 , 2.0 , 2 , 4
0 , 2.48 , 2.0 , 2 , 4
0 , 2.48 , 2.0 , 2 , 4
0 , 2.48 , 2.0 , 2 , 4
0 , 2.48 , 2.0 , 2 , 4
0 , 2.48 , 2.0 , 2 , 4
0 , 2.48 , 2.0 , 2 , 4
0 , 2.48 , 2.0 , 2 , 4
0 , 2.46 , 2.0 , 2 , 4
0 , 2.46 , 2.0 , 2 , 4
0 , 2.46 , 2.0 , 2 , 4
0 , 2.46 , 2.0 , 2 , 4
0 , 2.44 , 2.0 , 2 , 4
0 , 2.44 , 2.0 , 2 , 4
0 , 2.44 , 2.0 , 2 , 4
0 , 2.44 , 2.0 , 2 , 4
0 , 2.42 , 2.0 , 2 , 4
0 , 2.42 , 2.0 , 2 , 4
0 , 2.4 , 2.0 , 2 , 4
0 , 2.4 , 2.0 , 2 , 4
0 , 2.4 , 2.0 , 2 , 4
0 , 2.4 , 2.0 , 2 , 4
0 , 2.4 , 2.0 , 2 , 4
0 , 2.4 , 2.0 , 2 , 4
0 , 2.4 , 2.0 , 2 , 4
0 , 2.4 , 2.0 , 2 , 4
0 , 2.4 , 2.0 , 2 , 4
0 , 2.4 , 2.0 , 2 , 4
0 , 2.4 , 2.0 , 2 , 4
0 , 2.4 , 2.0 , 2 , 4
0 , 2.4 , 2.0 , 2 , 4
0 , 2.4 , 2.0 , 2 , 4
0 , 2.4 , 2.0 , 2 , 4
0 , 2.4 , 2.0 , 2 , 4
0 , 2.4 , 2.0 , 2 , 4
0 , 2.4 , 2.0 , 2 , 4
0 , 2.4 , 2.0 , 2 , 4
0 , 2.4 , 2.0 , 2 , 4
0 , 2.4 , 2.0 , 2 , 4
0 , 2.4 , 2.0 , 2 , 4
0 , 2.4 , 2.0 , 2 , 4
0 , 2.4 , 2.0 , 2 , 4
0 , 2.4 , 2.0 , 2 , 4
0 , 2.4 , 2.0 , 2 , 4
0 , 2.4 , 2.0 , 2 , 4
0 , 2.4 , 2.0 , 2 , 4
0 , 2.4 , 2.0 , 2 , 4
0 , 2.4 , 2.0 , 2 , 4
0 , 2.4 , 2.0 , 2 , 4
0 , 2.4 , 2.0 , 2 , 4
0 , 2.4 , 2.0 , 2 , 4
0 , 2.4 , 2.0 , 2 , 4
0 , 2.4 , 2.0 , 2 , 4
0 , 2.38 , 2.0 , 2 , 4
0 , 2.38 , 2.0 , 2 , 4
0 , 2.38 , 2.0 , 2 , 4
0 , 2.38 , 2.0 , 2 , 4
0 , 2.38 , 2.0 , 2 , 4
0 , 2.38 , 2.0 , 2 , 4
0 , 2.38 , 2.0 , 2 , 4
0 , 2.38 , 2.0 , 2 , 4
0 , 2.38 , 2.0 , 2 , 4
0 , 2.38 , 2.0 , 2 , 4
0 , 2.38 , 2.0 , 2 , 4
0 , 2.38 , 2.0 , 2 , 4
0 , 2.36 , 2.0 , 2 , 4
0 , 2.36 , 2.0 , 2 , 4
0 , 2.36 , 2.0 , 2 , 4
0 , 2.36 , 2.0 , 2 , 4
0 , 2.36 , 2.0 , 2 , 4
0 , 2.36 , 2.0 , 2 , 4
0 , 2.36 , 2.0 , 2 , 4
0 , 2.36 , 2.0 , 2 , 4
0 , 2.36 , 2.0 , 2 , 4
0 , 2.36 , 2.0 , 2 , 4
0 , 2.36 , 2.0 , 2 , 4
0 , 2.36 , 2.0 , 2 , 4
0 , 2.36 , 2.0 , 2 , 4
0 , 2.36 , 2.0 , 2 , 4
0 , 2.36 , 2.0 , 2 , 4
0 , 2.36 , 2.0 , 2 , 4
0 , 2.36 , 2.0 , 2 , 4
0 , 2.36 , 2.0 , 2 , 4
0 , 2.36 , 2.0 , 2 , 4
0 , 2.36 , 2.0 , 2 , 4
0 , 2.36 , 2.0 , 2 , 4
0 , 2.36 , 2.0 , 2 , 4
0 , 2.36 , 2.0 , 2 , 4
0 , 2.36 , 2.0 , 2 , 4
0 , 2.36 , 2.0 , 2 , 4
0 , 2.34 , 2.0 , 2 , 4
0 , 2.32 , 2.0 , 2 , 4
0 , 2.3 , 2.0 , 2 , 4
0 , 2.3 , 2.0 , 2 , 4
0 , 2.28 , 2.0 , 2 , 4
0 , 2.28 , 2.0 , 2 , 4
0 , 2.26 , 2.0 , 2 , 4
0 , 2.26 , 2.0 , 2 , 4
0 , 2.26 , 2.0 , 2 , 4
0 , 2.24 , 2.0 , 2 , 4
0 , 2.24 , 2.0 , 2 , 4
0 , 2.24 , 2.0 , 2 , 4
0 , 2.24 , 2.0 , 2 , 4
0 , 2.24 , 2.0 , 2 , 4
0 , 2.24 , 2.0 , 2 , 4
0 , 2.24 , 2.0 , 2 , 4
0 , 2.24 , 2.0 , 2 , 4
0 , 2.24 , 2.0 , 2 , 4
0 , 2.24 , 2.0 , 2 , 4
0 , 2.24 , 2.0 , 2 , 4
0 , 2.24 , 2.0 , 2 , 4
0 , 2.22 , 2.0 , 2 , 4
0 , 2.22 , 2.0 , 2 , 4
0 , 2.22 , 2.0 , 2 , 4
0 , 2.22 , 2.0 , 2 , 4
0 , 2.22 , 2.0 , 2 , 4
0 , 2.22 , 2.0 , 2 , 4
0 , 2.22 , 2.0 , 2 , 4
0 , 2.22 , 2.0 , 2 , 4
0 , 2.22 , 2.0 , 2 , 4
0 , 2.2 , 2.0 , 2 , 4
0 , 2.2 , 2.0 , 2 , 4
0 , 2.18 , 2.0 , 2 , 4
0 , 2.18 , 2.0 , 2 , 4
0 , 2.18 , 2.0 , 2 , 4
0 , 2.18 , 2.0 , 2 , 4
0 , 2.18 , 2.0 , 2 , 4
0 , 2.16 , 2.0 , 2 , 4
0 , 2.16 , 2.0 , 2 , 4
0 , 2.16 , 2.0 , 2 , 4
0 , 2.16 , 2.0 , 2 , 4
0 , 2.16 , 2.0 , 2 , 4
0 , 2.16 , 2.0 , 2 , 4
0 , 2.16 , 2.0 , 2 , 4
0 , 2.16 , 2.0 , 2 , 4
0 , 2.14 , 2.0 , 2 , 4
0 , 2.14 , 2.0 , 2 , 4
0 , 2.14 , 2.0 , 2 , 4
0 , 2.12 , 2.0 , 2 , 4
0 , 2.12 , 2.0 , 2 , 4
0 , 2.12 , 2.0 , 2 , 4
0 , 2.12 , 2.0 , 2 , 4
0 , 2.12 , 2.0 , 2 , 4
0 , 2.12 , 2.0 , 2 , 4
0 , 2.12 , 2.0 , 2 , 4
0 , 2.12 , 2.0 , 2 , 4
0 , 2.12 , 2.0 , 2 , 4
0 , 2.12 , 2.0 , 2 , 4
0 , 2.12 , 2.0 , 2 , 4
0 , 2.12 , 2.0 , 2 , 4
0 , 2.12 , 2.0 , 2 , 4
0 , 2.12 , 2.0 , 2 , 4
0 , 2.12 , 2.0 , 2 , 4
0 , 2.12 , 2.0 , 2 , 4
0 , 2.1 , 2.0 , 2 , 4
0 , 2.1 , 2.0 , 2 , 4
0 , 2.1 , 2.0 , 2 , 4
0 , 2.08 , 2.0 , 2 , 4
0 , 2.08 , 2.0 , 2 , 4
0 , 2.08 , 2.0 , 2 , 4
0 , 2.08 , 2.0 , 2 , 4
0 , 2.08 , 2.0 , 2 , 4
0 , 2.08 , 2.0 , 2 , 4
0 , 2.08 , 2.0 , 2 , 4
0 , 2.06 , 2.0 , 2 , 4
0 , 2.04 , 2.0 , 2 , 4
0 , 2.04 , 2.0 , 2 , 4
0 , 2.04 , 2.0 , 2 , 4
0 , 2.04 , 2.0 , 2 , 4
0 , 2.04 , 2.0 , 2 , 4
0 , 2.04 , 2.0 , 2 , 4
0 , 2.04 , 2.0 , 2 , 4
0 , 2.02 , 2.0 , 2 , 4
0 , 2.02 , 2.0 , 2 , 4
0 , 2.02 , 2.0 , 2 , 4
0 , 2.02 , 2.0 , 2 , 4
0 , 2.02 , 2.0 , 2 , 4
0 , 2.02 , 2.0 , 2 , 4
0 , 2.02 , 2.0 , 2 , 4
0 , 2.02 , 2.0 , 2 , 4
0 , 2.02 , 2.0 , 2 , 4
0 , 2.02 , 2.0 , 2 , 4
0 , 2.02 , 2.0 , 2 , 4
0 , 2.0 , 2.0 , 2 , 4
0 , 2.0 , 2.0 , 2 , 4
0 , 2.0 , 2.0 , 2 , 4
0 , 2.0 , 2.0 , 2 , 4
0 , 2.0 , 2.0 , 2 , 4
0 , 2.0 , 2.0 , 2 , 4
0 , 2.0 , 2.0 , 2 , 4
0 , 2.0 , 2.0 , 2 , 4
0 , 2.0 , 2.0 , 2 , 4
0 , 2.0 , 2.0 , 2 , 4
0 , 2.0 , 2.0 , 2 , 4
0 , 2.0 , 2.0 , 2 , 4
0 , 2.0 , 2.0 , 2 , 4
0 , 2.0 , 2.0 , 2 , 4
0 , 2.0 , 2.0 , 2 , 4
0 , 2.0 , 2.0 , 2 , 4
0 , 2.0 , 2.0 , 2 , 4
0 , 2.0 , 2.0 , 2 , 4
0 , 1.96 , 2.0 , 2 , 4
0 , 1.96 , 2.0 , 2 , 4
0 , 1.92 , 2.0 , 2 , 4
0 , 1.92 , 2.0 , 2 , 4
0 , 1.92 , 2.0 , 2 , 4
0 , 1.92 , 2.0 , 2 , 4
0 , 1.92 , 2.0 , 2 , 4
0 , 1.92 , 2.0 , 2 , 4
0 , 1.9 , 2.0 , 2 , 4
0 , 1.9 , 2.0 , 2 , 4
0 , 1.9 , 2.0 , 2 , 4
0 , 1.9 , 2.0 , 2 , 4
0 , 1.9 , 2.0 , 2 , 4
0 , 1.9 , 2.0 , 2 , 4
0 , 1.9 , 2.0 , 2 , 4
0 , 1.9 , 2.0 , 2 , 4
0 , 1.9 , 2.0 , 2 , 4
0 , 1.9 , 2.0 , 2 , 4
0 , 1.9 , 2.0 , 2 , 4
0 , 1.9 , 2.0 , 2 , 4
0 , 1.88 , 2.0 , 2 , 4
0 , 1.88 , 2.0 , 2 , 4
0 , 1.88 , 2.0 , 2 , 4
0 , 1.88 , 2.0 , 2 , 4
0 , 1.88 , 2.0 , 2 , 4
0 , 1.88 , 2.0 , 2 , 4
0 , 1.88 , 2.0 , 2 , 4
0 , 1.88 , 2.0 , 2 , 4
0 , 1.88 , 2.0 , 2 , 4
0 , 1.88 , 2.0 , 2 , 4
0 , 1.88 , 2.0 , 2 , 4
0 , 1.88 , 2.0 , 2 , 4
0 , 1.88 , 2.0 , 2 , 4
0 , 1.88 , 2.0 , 2 , 4
0 , 1.84 , 2.0 , 2 , 2
0 , 1.84 , 2.0 , 2 , 2
0 , 1.84 , 2.0 , 2 , 2
0 , 1.84 , 2.0 , 2 , 2
0 , 1.84 , 2.0 , 2 , 2
0 , 1.84 , 2.0 , 2 , 2
0 , 1.84 , 2.0 , 2 , 2
0 , 1.84 , 2.0 , 2 , 2
0 , 1.84 , 2.0 , 2 , 2
0 , 1.84 , 2.0 , 2 , 2
0 , 1.84 , 2.0 , 2 , 2
0 , 1.84 , 2.0 , 2 , 2
0 , 1.84 , 2.0 , 2 , 2
0 , 1.84 , 2.0 , 2 , 2
0 , 1.84 , 2.0 , 2 , 2
0 , 1.84 , 2.0 , 2 , 2
0 , 1.84 , 2.0 , 2 , 2
0 , 1.84 , 2.0 , 2 , 2
0 , 1.84 , 2.0 , 2 , 2
0 , 1.84 , 2.0 , 2 , 2
0 , 1.84 , 2.0 , 2 , 2
0 , 1.84 , 2.0 , 2 , 2
0 , 1.84 , 2.0 , 2 , 2
0 , 1.84 , 2.0 , 2 , 2
0 , 1.84 , 2.0 , 2 , 2
0 , 1.84 , 2.0 , 2 , 2
0 , 1.84 , 2.0 , 2 , 2
0 , 1.84 , 2.0 , 2 , 2
0 , 1.84 , 2.0 , 2 , 2
0 , 1.84 , 2.0 , 2 , 2
0 , 1.84 , 2.0 , 2 , 2
0 , 1.84 , 2.0 , 2 , 2
0 , 1.84 , 2.0 , 2 , 2
0 , 1.84 , 2.0 , 2 , 2
0 , 1.84 , 2.0 , 2 , 2
0 , 1.84 , 2.0 , 2 , 2
0 , 1.84 , 2.0 , 2 , 2
0 , 1.84 , 2.0 , 2 , 2
0 , 1.84 , 2.0 , 2 , 2
0 , 1.84 , 2.0 , 2 , 2
0 , 1.84 , 2.0 , 2 , 2
0 , 1.84 , 2.0 , 2 , 2
0 , 1.84 , 2.0 , 2 , 2
0 , 1.84 , 2.0 , 2 , 2
0 , 1.84 , 2.0 , 2 , 2
0 , 1.84 , 2.0 , 2 , 2
0 , 1.82 , 2.0 , 2 , 2
0 , 1.82 , 2.0 , 2 , 2
0 , 1.82 , 2.0 , 2 , 2
0 , 1.82 , 2.0 , 2 , 2
0 , 1.82 , 2.0 , 2 , 2
0 , 1.82 , 2.0 , 2 , 2
0 , 1.82 , 2.0 , 2 , 2
0 , 1.82 , 2.0 , 2 , 2
0 , 1.82 , 2.0 , 2 , 2
0 , 1.82 , 2.0 , 2 , 2
0 , 1.82 , 2.0 , 2 , 2
0 , 1.82 , 2.0 , 2 , 2
0 , 1.82 , 2.0 , 2 , 2
0 , 1.82 , 2.0 , 2 , 2
0 , 1.82 , 2.0 , 2 , 2
0 , 1.82 , 2.0 , 2 , 2
0 , 1.82 , 2.0 , 2 , 2
0 , 1.82 , 2.0 , 2 , 2
0 , 1.82 , 2.0 , 2 , 2
0 , 1.82 , 2.0 , 2 , 2
0 , 1.82 , 2.0 , 2 , 2
0 , 1.82 , 2.0 , 2 , 2
0 , 1.82 , 2.0 , 2 , 2
0 , 1.82 , 2.0 , 2 , 2
0 , 1.82 , 2.0 , 2 , 2
0 , 1.82 , 2.0 , 2 , 2
0 , 1.82 , 2.0 , 2 , 2
0 , 1.82 , 2.0 , 2 , 2
0 , 1.82 , 2.0 , 2 , 2
0 , 1.82 , 2.0 , 2 , 2
0 , 1.82 , 2.0 , 2 , 2
0 , 1.82 , 2.0 , 2 , 2
0 , 1.82 , 2.0 , 2 , 2
0 , 1.82 , 2.0 , 2 , 2
0 , 1.82 , 2.0 , 2 , 2
0 , 1.82 , 2.0 , 2 , 2
0 , 1.82 , 2.0 , 2 , 2
0 , 1.8 , 2.0 , 2 , 2
0 , 1.8 , 2.0 , 2 , 2
0 , 1.8 , 2.0 , 2 , 2
0 , 1.8 , 2.0 , 2 , 2
0 , 1.8 , 2.0 , 2 , 2
0 , 1.8 , 2.0 , 2 , 2
0 , 1.8 , 2.0 , 2 , 2
0 , 1.8 , 2.0 , 2 , 2
0 , 1.8 , 2.0 , 2 , 2
0 , 1.8 , 2.0 , 2 , 2
0 , 1.8 , 2.0 , 2 , 2
0 , 1.8 , 2.0 , 2 , 2
0 , 1.8 , 2.0 , 2 , 2
0 , 1.8 , 2.0 , 2 , 2
0 , 1.8 , 2.0 , 2 , 2
0 , 1.8 , 2.0 , 2 , 2
0 , 1.8 , 2.0 , 2 , 2
0 , 1.8 , 2.0 , 2 , 2
0 , 1.8 , 2.0 , 2 , 2
0 , 1.8 , 2.0 , 2 , 2
0 , 1.8 , 2.0 , 2 , 2
0 , 1.8 , 2.0 , 2 , 2
0 , 1.8 , 2.0 , 2 , 2
0 , 1.8 , 2.0 , 2 , 2
0 , 1.8 , 2.0 , 2 , 2
0 , 1.8 , 2.0 , 2 , 2
0 , 1.8 , 2.0 , 2 , 2
0 , 1.8 , 2.0 , 2 , 2
0 , 1.8 , 2.0 , 2 , 2
0 , 1.8 , 2.0 , 2 , 2
0 , 1.8 , 2.0 , 2 , 2
0 , 1.8 , 2.0 , 2 , 2
0 , 1.8 , 2.0 , 2 , 2
0 , 1.8 , 2.0 , 2 , 2
0 , 1.8 , 2.0 , 2 , 2
0 , 1.8 , 2.0 , 2 , 2
0 , 1.8 , 2.0 , 2 , 2
0 , 1.8 , 2.0 , 2 , 2
0 , 1.8 , 2.0 , 2 , 2
0 , 1.8 , 2.0 , 2 , 2
0 , 1.8 , 2.0 , 2 , 2
0 , 1.8 , 2.0 , 2 , 2
0 , 1.8 , 2.0 , 2 , 2
0 , 1.8 , 2.0 , 2 , 2
0 , 1.8 , 2.0 , 2 , 2
0 , 1.8 , 2.0 , 2 , 2
0 , 1.8 , 2.0 , 2 , 2
0 , 1.8 , 2.0 , 2 , 2
0 , 1.8 , 2.0 , 2 , 2
0 , 1.8 , 2.0 , 2 , 2
0 , 1.8 , 2.0 , 2 , 2
0 , 1.8 , 2.0 , 2 , 2
0 , 1.8 , 2.0 , 2 , 2
0 , 1.8 , 2.0 , 2 , 2
0 , 1.8 , 2.0 , 2 , 2
0 , 1.8 , 2.0 , 2 , 2
0 , 1.8 , 2.0 , 2 , 2
0 , 1.8 , 2.0 , 2 , 2
0 , 1.8 , 2.0 , 2 , 2
0 , 1.8 , 2.0 , 2 , 2
0 , 1.78 , 2.0 , 2 , 2
0 , 1.78 , 2.0 , 2 , 2
0 , 1.78 , 2.0 , 2 , 2
0 , 1.78 , 2.0 , 2 , 2
0 , 1.78 , 2.0 , 2 , 2
0 , 1.78 , 2.0 , 2 , 2
0 , 1.78 , 2.0 , 2 , 2
0 , 1.78 , 2.0 , 2 , 2
0 , 1.78 , 2.0 , 2 , 2
0 , 1.78 , 2.0 , 2 , 2
0 , 1.78 , 2.0 , 2 , 2
0 , 1.78 , 2.0 , 2 , 2
0 , 1.78 , 2.0 , 2 , 2
0 , 1.78 , 2.0 , 2 , 2
0 , 1.78 , 2.0 , 2 , 2
0 , 1.78 , 2.0 , 2 , 2
0 , 1.78 , 2.0 , 2 , 2
0 , 1.78 , 2.0 , 2 , 2
0 , 1.78 , 2.0 , 2 , 2
0 , 1.78 , 2.0 , 2 , 2
0 , 1.78 , 2.0 , 2 , 2
0 , 1.76 , 2.0 , 2 , 2
0 , 1.76 , 2.0 , 2 , 2
0 , 1.74 , 2.0 , 2 , 2
0 , 1.74 , 2.0 , 2 , 2
0 , 1.74 , 2.0 , 2 , 2
0 , 1.74 , 2.0 , 2 , 2
0 , 1.74 , 2.0 , 2 , 2
0 , 1.74 , 2.0 , 2 , 2
0 , 1.74 , 2.0 , 2 , 2
0 , 1.74 , 2.0 , 2 , 2
0 , 1.74 , 2.0 , 2 , 2
0 , 1.74 , 2.0 , 2 , 2
0 , 1.74 , 2.0 , 2 , 2
0 , 1.74 , 2.0 , 2 , 2
0 , 1.74 , 2.0 , 2 , 2
0 , 1.74 , 2.0 , 2 , 2
0 , 1.74 , 2.0 , 2 , 2
0 , 1.74 , 2.0 , 2 , 2
0 , 1.74 , 2.0 , 2 , 2
0 , 1.74 , 2.0 , 2 , 2
0 , 1.74 , 2.0 , 2 , 2
0 , 1.74 , 2.0 , 2 , 2
0 , 1.74 , 2.0 , 2 , 2
0 , 1.74 , 2.0 , 2 , 2
0 , 1.74 , 2.0 , 2 , 2
0 , 1.74 , 2.0 , 2 , 2
0 , 1.74 , 2.0 , 2 , 2
0 , 1.74 , 2.0 , 2 , 2
0 , 1.74 , 2.0 , 2 , 2
0 , 1.74 , 2.0 , 2 , 2
0 , 1.74 , 2.0 , 2 , 2
0 , 1.74 , 2.0 , 2 , 2
0 , 1.74 , 2.0 , 2 , 2
0 , 1.74 , 2.0 , 2 , 2
0 , 1.74 , 2.0 , 2 , 2
0 , 1.74 , 2.0 , 2 , 2
0 , 1.74 , 2.0 , 2 , 2
0 , 1.74 , 2.0 , 2 , 2
0 , 1.74 , 2.0 , 2 , 2
0 , 1.74 , 2.0 , 2 , 2
0 , 1.74 , 2.0 , 2 , 2
0 , 1.74 , 2.0 , 2 , 2
0 , 1.74 , 2.0 , 2 , 2
0 , 1.74 , 2.0 , 2 , 2
0 , 1.74 , 2.0 , 2 , 2
0 , 1.74 , 2.0 , 2 , 2
0 , 1.74 , 2.0 , 2 , 2
0 , 1.74 , 2.0 , 2 , 2
0 , 1.74 , 2.0 , 2 , 2
0 , 1.74 , 2.0 , 2 , 2
0 , 1.74 , 2.0 , 2 , 2
0 , 1.74 , 2.0 , 2 , 2
0 , 1.74 , 2.0 , 2 , 2
0 , 1.74 , 2.0 , 2 , 2
0 , 1.74 , 2.0 , 2 , 2
0 , 1.74 , 2.0 , 2 , 2
0 , 1.72 , 2.0 , 2 , 2
0 , 1.72 , 2.0 , 2 , 2
0 , 1.72 , 2.0 , 2 , 2
0 , 1.72 , 2.0 , 2 , 2
0 , 1.72 , 2.0 , 2 , 2
0 , 1.72 , 2.0 , 2 , 2
0 , 1.72 , 2.0 , 2 , 2
0 , 1.72 , 2.0 , 2 , 2
0 , 1.72 , 2.0 , 2 , 2
0 , 1.72 , 2.0 , 2 , 2
0 , 1.72 , 2.0 , 2 , 2
0 , 1.72 , 2.0 , 2 , 2
0 , 1.72 , 2.0 , 2 , 2
0 , 1.72 , 2.0 , 2 , 2
14  Perfect solutions
perfect solution individuals [[1, 7, 5, 0, 2, 4, 6, 3], [4, 6, 0, 3, 1, 7, 5, 2], [5, 1, 6, 0, 3, 7, 4, 2], [4, 6, 0, 2, 7, 5, 3, 1], [4, 2, 0, 6, 1, 7, 5, 3], [4, 6, 1, 5, 2, 0, 7, 3], [0, 6, 3, 5, 7, 1, 4, 2], [1, 7, 5, 0, 2, 4, 6, 3], [2, 5, 3, 1, 7, 4, 6, 0], [2, 5, 3, 0, 7, 4, 6, 1], [2, 5, 7, 1, 3, 0, 6, 4], [1, 7, 5, 0, 2, 4, 6, 3], [4, 6, 0, 2, 7, 5, 3, 1], [2, 5, 7, 0, 3, 6, 4, 1]]
