2 , 8.86 , 8.0 , 10 , 22
2 , 8.56 , 8.0 , 8 , 18
2 , 8.42 , 8.0 , 8 , 16
2 , 8.2 , 8.0 , 6 , 16
2 , 8.1 , 8.0 , 6 , 16
2 , 7.9 , 8.0 , 6 , 14
2 , 7.8 , 8.0 , 6 , 14
2 , 7.72 , 8.0 , 6 , 14
2 , 7.66 , 8.0 , 6 , 14
2 , 7.62 , 8.0 , 10 , 12
2 , 7.54 , 8.0 , 8 , 12
2 , 7.4 , 8.0 , 8 , 12
2 , 7.4 , 8.0 , 8 , 12
2 , 7.38 , 8.0 , 8 , 12
2 , 7.38 , 8.0 , 8 , 12
2 , 7.26 , 8.0 , 8 , 12
2 , 7.16 , 8.0 , 8 , 12
2 , 7.12 , 8.0 , 8 , 12
2 , 7.06 , 8.0 , 8 , 10
2 , 7.02 , 8.0 , 8 , 10
2 , 6.96 , 8.0 , 8 , 10
2 , 6.94 , 8.0 , 8 , 10
2 , 6.88 , 7.0 , 8 , 10
2 , 6.8 , 6.0 , 8 , 10
2 , 6.74 , 6.0 , 8 , 10
2 , 6.68 , 6.0 , 8 , 10
2 , 6.58 , 6.0 , 8 , 10
2 , 6.52 , 6.0 , 8 , 10
2 , 6.48 , 6.0 , 8 , 10
2 , 6.4 , 6.0 , 8 , 10
2 , 6.38 , 6.0 , 8 , 10
2 , 6.3 , 6.0 , 6 , 10
2 , 6.26 , 6.0 , 8 , 10
2 , 6.24 , 6.0 , 8 , 10
2 , 6.18 , 6.0 , 8 , 10
2 , 6.12 , 6.0 , 8 , 8
2 , 6.12 , 6.0 , 8 , 8
2 , 6.08 , 6.0 , 8 , 8
2 , 6.08 , 6.0 , 8 , 8
2 , 6.06 , 6.0 , 6 , 8
2 , 6.04 , 6.0 , 6 , 8
2 , 6.04 , 6.0 , 6 , 8
2 , 6.04 , 6.0 , 6 , 8
2 , 6.02 , 6.0 , 6 , 8
2 , 6.0 , 6.0 , 6 , 8
2 , 5.94 , 6.0 , 6 , 8
2 , 5.92 , 6.0 , 6 , 8
2 , 5.9 , 6.0 , 6 , 8
2 , 5.88 , 6.0 , 6 , 8
2 , 5.84 , 6.0 , 6 , 8
2 , 5.84 , 6.0 , 6 , 8
2 , 5.8 , 6.0 , 6 , 8
2 , 5.76 , 6.0 , 6 , 8
2 , 5.72 , 6.0 , 6 , 8
2 , 5.72 , 6.0 , 6 , 8
2 , 5.7 , 6.0 , 6 , 8
2 , 5.7 , 6.0 , 6 , 8
2 , 5.68 , 6.0 , 6 , 8
2 , 5.68 , 6.0 , 6 , 8
2 , 5.62 , 6.0 , 6 , 8
2 , 5.6 , 6.0 , 6 , 8
2 , 5.58 , 6.0 , 6 , 8
2 , 5.54 , 6.0 , 6 , 8
2 , 5.44 , 6.0 , 6 , 8
2 , 5.34 , 6.0 , 6 , 8
2 , 5.34 , 6.0 , 6 , 8
2 , 5.32 , 6.0 , 6 , 8
2 , 5.32 , 6.0 , 6 , 8
2 , 5.24 , 6.0 , 6 , 8
2 , 5.22 , 6.0 , 6 , 8
2 , 5.2 , 6.0 , 6 , 8
2 , 5.16 , 6.0 , 6 , 8
2 , 5.12 , 6.0 , 6 , 8
2 , 5.08 , 6.0 , 6 , 8
2 , 5.06 , 6.0 , 6 , 8
2 , 5.0 , 6.0 , 6 , 8
2 , 5.0 , 6.0 , 6 , 8
2 , 5.0 , 6.0 , 6 , 8
2 , 5.0 , 6.0 , 6 , 8
2 , 4.98 , 6.0 , 6 , 8
2 , 4.98 , 6.0 , 6 , 8
2 , 4.94 , 6.0 , 6 , 6
2 , 4.94 , 6.0 , 6 , 6
2 , 4.94 , 6.0 , 6 , 6
2 , 4.94 , 6.0 , 6 , 6
2 , 4.94 , 6.0 , 6 , 6
2 , 4.94 , 6.0 , 6 , 6
2 , 4.94 , 6.0 , 6 , 6
2 , 4.92 , 6.0 , 6 , 6
2 , 4.9 , 6.0 , 6 , 6
2 , 4.9 , 6.0 , 6 , 6
2 , 4.9 , 6.0 , 6 , 6
2 , 4.9 , 6.0 , 6 , 6
2 , 4.9 , 6.0 , 6 , 6
2 , 4.9 , 6.0 , 6 , 6
2 , 4.88 , 6.0 , 6 , 6
2 , 4.84 , 6.0 , 6 , 6
2 , 4.84 , 6.0 , 6 , 6
2 , 4.84 , 6.0 , 6 , 6
2 , 4.84 , 6.0 , 6 , 6
2 , 4.84 , 6.0 , 6 , 6
2 , 4.84 , 6.0 , 6 , 6
2 , 4.8 , 5.0 , 6 , 6
2 , 4.8 , 5.0 , 6 , 6
2 , 4.78 , 4.0 , 6 , 6
2 , 4.78 , 4.0 , 6 , 6
0 , 4.72 , 4.0 , 6 , 6
0 , 4.72 , 4.0 , 6 , 6
0 , 4.72 , 4.0 , 6 , 6
0 , 4.72 , 4.0 , 6 , 6
0 , 4.72 , 4.0 , 6 , 6
0 , 4.72 , 4.0 , 6 , 6
0 , 4.68 , 4.0 , 6 , 6
0 , 4.68 , 4.0 , 6 , 6
0 , 4.68 , 4.0 , 6 , 6
0 , 4.68 , 4.0 , 6 , 6
0 , 4.68 , 4.0 , 6 , 6
0 , 4.68 , 4.0 , 6 , 6
0 , 4.68 , 4.0 , 6 , 6
0 , 4.66 , 4.0 , 6 , 6
0 , 4.66 , 4.0 , 6 , 6
0 , 4.66 , 4.0 , 6 , 6
0 , 4.66 , 4.0 , 6 , 6
0 , 4.66 , 4.0 , 6 , 6
0 , 4.64 , 4.0 , 6 , 6
0 , 4.64 , 4.0 , 6 , 6
0 , 4.64 , 4.0 , 6 , 6
0 , 4.64 , 4.0 , 6 , 6
0 , 4.64 , 4.0 , 6 , 6
0 , 4.62 , 4.0 , 4 , 6
0 , 4.62 , 4.0 , 4 , 6
0 , 4.62 , 4.0 , 4 , 6
0 , 4.62 , 4.0 , 4 , 6
0 , 4.58 , 4.0 , 4 , 6
0 , 4.58 , 4.0 , 4 , 6
0 , 4.58 , 4.0 , 4 , 6
0 , 4.56 , 4.0 , 4 , 6
0 , 4.56 , 4.0 , 4 , 6
0 , 4.56 , 4.0 , 4 , 6
0 , 4.56 , 4.0 , 4 , 6
0 , 4.56 , 4.0 , 4 , 6
0 , 4.56 , 4.0 , 4 , 6
0 , 4.56 , 4.0 , 4 , 6
0 , 4.56 , 4.0 , 4 , 6
0 , 4.56 , 4.0 , 4 , 6
0 , 4.56 , 4.0 , 4 , 6
0 , 4.56 , 4.0 , 4 , 6
0 , 4.56 , 4.0 , 4 , 6
0 , 4.56 , 4.0 , 4 , 6
0 , 4.56 , 4.0 , 4 , 6
0 , 4.54 , 4.0 , 4 , 6
0 , 4.5 , 4.0 , 4 , 6
0 , 4.5 , 4.0 , 4 , 6
0 , 4.5 , 4.0 , 4 , 6
0 , 4.5 , 4.0 , 4 , 6
0 , 4.5 , 4.0 , 4 , 6
0 , 4.5 , 4.0 , 4 , 6
0 , 4.5 , 4.0 , 4 , 6
0 , 4.5 , 4.0 , 4 , 6
0 , 4.5 , 4.0 , 4 , 6
0 , 4.5 , 4.0 , 4 , 6
0 , 4.5 , 4.0 , 4 , 6
0 , 4.5 , 4.0 , 4 , 6
0 , 4.44 , 4.0 , 4 , 6
0 , 4.44 , 4.0 , 4 , 6
0 , 4.44 , 4.0 , 4 , 6
0 , 4.44 , 4.0 , 4 , 6
0 , 4.44 , 4.0 , 4 , 6
0 , 4.44 , 4.0 , 4 , 6
0 , 4.44 , 4.0 , 4 , 6
0 , 4.4 , 4.0 , 4 , 6
0 , 4.4 , 4.0 , 4 , 6
0 , 4.38 , 4.0 , 4 , 6
0 , 4.34 , 4.0 , 4 , 6
0 , 4.34 , 4.0 , 4 , 6
0 , 4.34 , 4.0 , 4 , 6
0 , 4.34 , 4.0 , 4 , 6
0 , 4.34 , 4.0 , 4 , 6
0 , 4.34 , 4.0 , 4 , 6
0 , 4.34 , 4.0 , 4 , 6
0 , 4.32 , 4.0 , 4 , 6
0 , 4.3 , 4.0 , 4 , 6
0 , 4.3 , 4.0 , 4 , 6
0 , 4.3 , 4.0 , 4 , 6
0 , 4.3 , 4.0 , 4 , 6
0 , 4.3 , 4.0 , 4 , 6
0 , 4.3 , 4.0 , 4 , 6
0 , 4.28 , 4.0 , 4 , 6
0 , 4.26 , 4.0 , 4 , 6
0 , 4.26 , 4.0 , 4 , 6
0 , 4.26 , 4.0 , 4 , 6
0 , 4.26 , 4.0 , 4 , 6
0 , 4.24 , 4.0 , 4 , 6
0 , 4.2 , 4.0 , 4 , 6
0 , 4.2 , 4.0 , 4 , 6
0 , 4.2 , 4.0 , 4 , 6
0 , 4.18 , 4.0 , 4 , 6
0 , 4.18 , 4.0 , 4 , 6
0 , 4.16 , 4.0 , 4 , 6
0 , 4.16 , 4.0 , 4 , 6
0 , 4.16 , 4.0 , 4 , 6
0 , 4.16 , 4.0 , 4 , 6
0 , 4.16 , 4.0 , 4 , 6
0 , 4.16 , 4.0 , 4 , 6
0 , 4.1 , 4.0 , 4 , 6
0 , 4.1 , 4.0 , 4 , 6
0 , 4.1 , 4.0 , 4 , 6
0 , 4.1 , 4.0 , 4 , 6
0 , 4.1 , 4.0 , 4 , 6
0 , 4.1 , 4.0 , 4 , 6
0 , 4.1 , 4.0 , 4 , 6
0 , 4.1 , 4.0 , 4 , 6
0 , 4.1 , 4.0 , 4 , 6
0 , 4.08 , 4.0 , 4 , 6
0 , 4.08 , 4.0 , 4 , 6
0 , 4.04 , 4.0 , 4 , 6
0 , 4.04 , 4.0 , 4 , 6
0 , 4.04 , 4.0 , 4 , 6
0 , 4.04 , 4.0 , 4 , 6
0 , 4.04 , 4.0 , 4 , 6
0 , 4.04 , 4.0 , 4 , 6
0 , 4.04 , 4.0 , 4 , 6
0 , 4.04 , 4.0 , 4 , 6
0 , 4.04 , 4.0 , 4 , 6
0 , 4.04 , 4.0 , 4 , 6
0 , 4.04 , 4.0 , 4 , 6
0 , 4.02 , 4.0 , 4 , 6
0 , 4.02 , 4.0 , 4 , 6
0 , 3.98 , 4.0 , 4 , 6
0 , 3.98 , 4.0 , 4 , 6
0 , 3.96 , 4.0 , 4 , 6
0 , 3.96 , 4.0 , 4 , 6
0 , 3.94 , 4.0 , 4 , 6
0 , 3.94 , 4.0 , 4 , 6
0 , 3.92 , 4.0 , 4 , 6
0 , 3.9 , 4.0 , 4 , 6
0 , 3.9 , 4.0 , 4 , 6
0 , 3.9 , 4.0 , 4 , 6
0 , 3.9 , 4.0 , 4 , 6
0 , 3.86 , 4.0 , 4 , 6
0 , 3.82 , 4.0 , 4 , 6
0 , 3.82 , 4.0 , 4 , 6
0 , 3.82 , 4.0 , 4 , 6
0 , 3.82 , 4.0 , 4 , 6
0 , 3.82 , 4.0 , 4 , 6
0 , 3.82 , 4.0 , 4 , 6
0 , 3.8 , 4.0 , 4 , 6
0 , 3.8 , 4.0 , 4 , 6
0 , 3.76 , 4.0 , 4 , 6
0 , 3.72 , 4.0 , 4 , 6
0 , 3.72 , 4.0 , 4 , 6
0 , 3.72 , 4.0 , 4 , 6
0 , 3.68 , 4.0 , 4 , 6
0 , 3.66 , 4.0 , 4 , 6
0 , 3.66 , 4.0 , 4 , 6
0 , 3.66 , 4.0 , 4 , 6
0 , 3.66 , 4.0 , 4 , 6
0 , 3.66 , 4.0 , 4 , 6
0 , 3.66 , 4.0 , 4 , 6
0 , 3.66 , 4.0 , 4 , 6
0 , 3.64 , 4.0 , 4 , 6
0 , 3.62 , 4.0 , 4 , 6
0 , 3.58 , 4.0 , 4 , 6
0 , 3.58 , 4.0 , 4 , 6
0 , 3.58 , 4.0 , 4 , 6
0 , 3.58 , 4.0 , 4 , 6
0 , 3.56 , 4.0 , 4 , 6
0 , 3.56 , 4.0 , 4 , 6
0 , 3.56 , 4.0 , 4 , 6
0 , 3.54 , 4.0 , 4 , 6
0 , 3.54 , 4.0 , 4 , 6
0 , 3.54 , 4.0 , 4 , 6
0 , 3.54 , 4.0 , 4 , 6
0 , 3.54 , 4.0 , 4 , 6
0 , 3.54 , 4.0 , 4 , 6
0 , 3.54 , 4.0 , 4 , 6
0 , 3.52 , 4.0 , 4 , 6
0 , 3.52 , 4.0 , 4 , 6
0 , 3.52 , 4.0 , 4 , 6
0 , 3.52 , 4.0 , 4 , 6
0 , 3.48 , 4.0 , 4 , 6
0 , 3.48 , 4.0 , 4 , 6
0 , 3.48 , 4.0 , 4 , 6
0 , 3.48 , 4.0 , 4 , 6
0 , 3.48 , 4.0 , 4 , 6
0 , 3.48 , 4.0 , 4 , 6
0 , 3.48 , 4.0 , 4 , 6
0 , 3.48 , 4.0 , 4 , 6
0 , 3.48 , 4.0 , 4 , 6
0 , 3.48 , 4.0 , 4 , 6
0 , 3.44 , 4.0 , 4 , 6
0 , 3.44 , 4.0 , 4 , 6
0 , 3.44 , 4.0 , 4 , 6
0 , 3.44 , 4.0 , 4 , 6
0 , 3.38 , 4.0 , 4 , 4
0 , 3.38 , 4.0 , 4 , 4
0 , 3.38 , 4.0 , 4 , 4
0 , 3.38 , 4.0 , 4 , 4
0 , 3.38 , 4.0 , 4 , 4
0 , 3.38 , 4.0 , 4 , 4
0 , 3.38 , 4.0 , 4 , 4
0 , 3.38 , 4.0 , 4 , 4
0 , 3.38 , 4.0 , 4 , 4
0 , 3.38 , 4.0 , 4 , 4
0 , 3.38 , 4.0 , 4 , 4
0 , 3.38 , 4.0 , 4 , 4
0 , 3.38 , 4.0 , 4 , 4
0 , 3.38 , 4.0 , 4 , 4
0 , 3.38 , 4.0 , 4 , 4
0 , 3.38 , 4.0 , 4 , 4
0 , 3.38 , 4.0 , 4 , 4
0 , 3.38 , 4.0 , 4 , 4
0 , 3.38 , 4.0 , 4 , 4
0 , 3.38 , 4.0 , 4 , 4
0 , 3.38 , 4.0 , 4 , 4
0 , 3.38 , 4.0 , 4 , 4
0 , 3.38 , 4.0 , 4 , 4
0 , 3.38 , 4.0 , 4 , 4
0 , 3.38 , 4.0 , 4 , 4
0 , 3.38 , 4.0 , 4 , 4
0 , 3.38 , 4.0 , 4 , 4
0 , 3.38 , 4.0 , 4 , 4
0 , 3.38 , 4.0 , 4 , 4
0 , 3.38 , 4.0 , 4 , 4
0 , 3.36 , 4.0 , 4 , 4
0 , 3.36 , 4.0 , 4 , 4
0 , 3.36 , 4.0 , 4 , 4
0 , 3.36 , 4.0 , 4 , 4
0 , 3.34 , 4.0 , 4 , 4
0 , 3.32 , 4.0 , 4 , 4
0 , 3.3 , 4.0 , 4 , 4
0 , 3.3 , 4.0 , 4 , 4
0 , 3.3 , 4.0 , 4 , 4
0 , 3.28 , 4.0 , 4 , 4
0 , 3.26 , 4.0 , 4 , 4
0 , 3.26 , 4.0 , 4 , 4
0 , 3.26 , 4.0 , 4 , 4
0 , 3.26 , 4.0 , 4 , 4
0 , 3.26 , 4.0 , 4 , 4
0 , 3.24 , 4.0 , 4 , 4
0 , 3.22 , 4.0 , 4 , 4
0 , 3.22 , 4.0 , 4 , 4
0 , 3.22 , 4.0 , 4 , 4
0 , 3.22 , 4.0 , 4 , 4
0 , 3.22 , 4.0 , 4 , 4
0 , 3.22 , 4.0 , 4 , 4
0 , 3.22 , 4.0 , 4 , 4
0 , 3.22 , 4.0 , 4 , 4
0 , 3.22 , 4.0 , 4 , 4
0 , 3.2 , 4.0 , 4 , 4
0 , 3.2 , 4.0 , 4 , 4
0 , 3.2 , 4.0 , 4 , 4
0 , 3.2 , 4.0 , 4 , 4
0 , 3.2 , 4.0 , 4 , 4
0 , 3.2 , 4.0 , 4 , 4
0 , 3.2 , 4.0 , 4 , 4
0 , 3.2 , 4.0 , 4 , 4
0 , 3.2 , 4.0 , 4 , 4
0 , 3.2 , 4.0 , 4 , 4
0 , 3.2 , 4.0 , 4 , 4
0 , 3.2 , 4.0 , 4 , 4
0 , 3.18 , 4.0 , 4 , 4
0 , 3.18 , 4.0 , 4 , 4
0 , 3.18 , 4.0 , 4 , 4
0 , 3.18 , 4.0 , 4 , 4
0 , 3.18 , 4.0 , 4 , 4
0 , 3.18 , 4.0 , 4 , 4
0 , 3.18 , 4.0 , 4 , 4
0 , 3.18 , 4.0 , 4 , 4
0 , 3.18 , 4.0 , 4 , 4
0 , 3.18 , 4.0 , 4 , 4
0 , 3.18 , 4.0 , 4 , 4
0 , 3.18 , 4.0 , 4 , 4
0 , 3.18 , 4.0 , 4 , 4
0 , 3.18 , 4.0 , 4 , 4
0 , 3.18 , 4.0 , 4 , 4
0 , 3.18 , 4.0 , 4 , 4
0 , 3.18 , 4.0 , 4 , 4
0 , 3.18 , 4.0 , 4 , 4
0 , 3.18 , 4.0 , 4 , 4
0 , 3.18 , 4.0 , 4 , 4
0 , 3.18 , 4.0 , 4 , 4
0 , 3.18 , 4.0 , 4 , 4
0 , 3.18 , 4.0 , 4 , 4
0 , 3.16 , 4.0 , 4 , 4
0 , 3.16 , 4.0 , 4 , 4
0 , 3.16 , 4.0 , 4 , 4
0 , 3.16 , 4.0 , 4 , 4
0 , 3.12 , 4.0 , 4 , 4
0 , 3.12 , 4.0 , 4 , 4
0 , 3.12 , 4.0 , 4 , 4
0 , 3.12 , 4.0 , 4 , 4
0 , 3.12 , 4.0 , 4 , 4
0 , 3.12 , 4.0 , 4 , 4
0 , 3.12 , 4.0 , 4 , 4
0 , 3.12 , 4.0 , 4 , 4
0 , 3.1 , 4.0 , 4 , 4
0 , 3.1 , 4.0 , 4 , 4
0 , 3.1 , 4.0 , 4 , 4
0 , 3.1 , 4.0 , 4 , 4
0 , 3.1 , 4.0 , 4 , 4
0 , 3.1 , 4.0 , 4 , 4
0 , 3.1 , 4.0 , 4 , 4
0 , 3.1 , 4.0 , 4 , 4
0 , 3.1 , 4.0 , 4 , 4
0 , 3.1 , 4.0 , 4 , 4
0 , 3.1 , 4.0 , 4 , 4
0 , 3.1 , 4.0 , 4 , 4
0 , 3.1 , 4.0 , 4 , 4
0 , 3.1 , 4.0 , 4 , 4
0 , 3.06 , 4.0 , 4 , 4
0 , 3.06 , 4.0 , 4 , 4
0 , 3.06 , 4.0 , 4 , 4
0 , 3.06 , 4.0 , 4 , 4
0 , 3.06 , 4.0 , 4 , 4
0 , 3.04 , 4.0 , 4 , 4
0 , 3.04 , 4.0 , 4 , 4
0 , 3.04 , 4.0 , 4 , 4
0 , 3.04 , 4.0 , 4 , 4
0 , 3.04 , 4.0 , 4 , 4
0 , 3.04 , 4.0 , 4 , 4
0 , 3.02 , 4.0 , 4 , 4
0 , 3.0 , 4.0 , 4 , 4
0 , 3.0 , 4.0 , 4 , 4
0 , 3.0 , 4.0 , 4 , 4
0 , 3.0 , 4.0 , 4 , 4
0 , 3.0 , 4.0 , 4 , 4
0 , 3.0 , 4.0 , 4 , 4
0 , 3.0 , 4.0 , 4 , 4
0 , 3.0 , 4.0 , 4 , 4
0 , 3.0 , 4.0 , 4 , 4
0 , 3.0 , 4.0 , 4 , 4
0 , 3.0 , 4.0 , 4 , 4
0 , 2.98 , 4.0 , 4 , 4
0 , 2.98 , 4.0 , 4 , 4
0 , 2.98 , 4.0 , 4 , 4
0 , 2.98 , 4.0 , 4 , 4
0 , 2.98 , 4.0 , 4 , 4
0 , 2.96 , 3.0 , 4 , 4
0 , 2.96 , 3.0 , 4 , 4
0 , 2.96 , 3.0 , 4 , 4
0 , 2.96 , 3.0 , 4 , 4
0 , 2.96 , 3.0 , 4 , 4
0 , 2.94 , 2.0 , 2 , 4
0 , 2.94 , 2.0 , 2 , 4
0 , 2.94 , 2.0 , 2 , 4
0 , 2.94 , 2.0 , 2 , 4
0 , 2.92 , 2.0 , 2 , 4
0 , 2.92 , 2.0 , 2 , 4
0 , 2.92 , 2.0 , 2 , 4
0 , 2.92 , 2.0 , 2 , 4
0 , 2.92 , 2.0 , 2 , 4
0 , 2.92 , 2.0 , 2 , 4
0 , 2.92 , 2.0 , 2 , 4
0 , 2.92 , 2.0 , 2 , 4
0 , 2.92 , 2.0 , 2 , 4
0 , 2.9 , 2.0 , 2 , 4
0 , 2.9 , 2.0 , 2 , 4
0 , 2.9 , 2.0 , 2 , 4
0 , 2.9 , 2.0 , 2 , 4
0 , 2.9 , 2.0 , 2 , 4
0 , 2.9 , 2.0 , 2 , 4
0 , 2.88 , 2.0 , 2 , 4
0 , 2.88 , 2.0 , 2 , 4
0 , 2.88 , 2.0 , 2 , 4
0 , 2.88 , 2.0 , 2 , 4
0 , 2.88 , 2.0 , 2 , 4
0 , 2.88 , 2.0 , 2 , 4
0 , 2.88 , 2.0 , 2 , 4
0 , 2.88 , 2.0 , 2 , 4
0 , 2.88 , 2.0 , 2 , 4
0 , 2.86 , 2.0 , 2 , 4
0 , 2.86 , 2.0 , 2 , 4
0 , 2.86 , 2.0 , 2 , 4
0 , 2.86 , 2.0 , 2 , 4
0 , 2.86 , 2.0 , 2 , 4
0 , 2.86 , 2.0 , 2 , 4
0 , 2.86 , 2.0 , 2 , 4
0 , 2.86 , 2.0 , 2 , 4
0 , 2.86 , 2.0 , 2 , 4
0 , 2.86 , 2.0 , 2 , 4
0 , 2.86 , 2.0 , 2 , 4
0 , 2.86 , 2.0 , 2 , 4
0 , 2.86 , 2.0 , 2 , 4
0 , 2.86 , 2.0 , 2 , 4
0 , 2.86 , 2.0 , 2 , 4
0 , 2.86 , 2.0 , 2 , 4
0 , 2.86 , 2.0 , 2 , 4
0 , 2.86 , 2.0 , 2 , 4
0 , 2.86 , 2.0 , 2 , 4
0 , 2.86 , 2.0 , 2 , 4
0 , 2.86 , 2.0 , 2 , 4
0 , 2.86 , 2.0 , 2 , 4
0 , 2.86 , 2.0 , 2 , 4
0 , 2.86 , 2.0 , 2 , 4
0 , 2.86 , 2.0 , 2 , 4
0 , 2.84 , 2.0 , 2 , 4
0 , 2.84 , 2.0 , 2 , 4
0 , 2.82 , 2.0 , 2 , 4
0 , 2.82 , 2.0 , 2 , 4
0 , 2.78 , 2.0 , 2 , 4
0 , 2.78 , 2.0 , 2 , 4
0 , 2.78 , 2.0 , 2 , 4
0 , 2.78 , 2.0 , 2 , 4
0 , 2.76 , 2.0 , 2 , 4
0 , 2.76 , 2.0 , 2 , 4
0 , 2.76 , 2.0 , 2 , 4
0 , 2.76 , 2.0 , 2 , 4
0 , 2.76 , 2.0 , 2 , 4
0 , 2.76 , 2.0 , 2 , 4
0 , 2.76 , 2.0 , 2 , 4
0 , 2.76 , 2.0 , 2 , 4
0 , 2.76 , 2.0 , 2 , 4
0 , 2.76 , 2.0 , 2 , 4
0 , 2.76 , 2.0 , 2 , 4
0 , 2.76 , 2.0 , 2 , 4
0 , 2.76 , 2.0 , 2 , 4
0 , 2.76 , 2.0 , 2 , 4
0 , 2.76 , 2.0 , 2 , 4
0 , 2.76 , 2.0 , 2 , 4
0 , 2.74 , 2.0 , 2 , 4
0 , 2.74 , 2.0 , 2 , 4
0 , 2.74 , 2.0 , 2 , 4
0 , 2.74 , 2.0 , 2 , 4
0 , 2.74 , 2.0 , 2 , 4
0 , 2.74 , 2.0 , 2 , 4
0 , 2.74 , 2.0 , 2 , 4
0 , 2.74 , 2.0 , 2 , 4
0 , 2.74 , 2.0 , 2 , 4
0 , 2.74 , 2.0 , 2 , 4
0 , 2.74 , 2.0 , 2 , 4
0 , 2.74 , 2.0 , 2 , 4
0 , 2.74 , 2.0 , 2 , 4
0 , 2.74 , 2.0 , 2 , 4
0 , 2.74 , 2.0 , 2 , 4
0 , 2.74 , 2.0 , 2 , 4
0 , 2.72 , 2.0 , 2 , 4
0 , 2.72 , 2.0 , 2 , 4
0 , 2.7 , 2.0 , 2 , 4
0 , 2.7 , 2.0 , 2 , 4
0 , 2.7 , 2.0 , 2 , 4
0 , 2.7 , 2.0 , 2 , 4
0 , 2.68 , 2.0 , 2 , 4
0 , 2.66 , 2.0 , 2 , 4
0 , 2.66 , 2.0 , 2 , 4
0 , 2.66 , 2.0 , 2 , 4
0 , 2.66 , 2.0 , 2 , 4
0 , 2.66 , 2.0 , 2 , 4
0 , 2.66 , 2.0 , 2 , 4
0 , 2.66 , 2.0 , 2 , 4
0 , 2.66 , 2.0 , 2 , 4
0 , 2.66 , 2.0 , 2 , 4
0 , 2.66 , 2.0 , 2 , 4
0 , 2.66 , 2.0 , 2 , 4
0 , 2.66 , 2.0 , 2 , 4
0 , 2.66 , 2.0 , 2 , 4
0 , 2.66 , 2.0 , 2 , 4
0 , 2.66 , 2.0 , 2 , 4
0 , 2.66 , 2.0 , 2 , 4
0 , 2.66 , 2.0 , 2 , 4
0 , 2.66 , 2.0 , 2 , 4
0 , 2.66 , 2.0 , 2 , 4
0 , 2.66 , 2.0 , 2 , 4
0 , 2.66 , 2.0 , 2 , 4
0 , 2.66 , 2.0 , 2 , 4
0 , 2.66 , 2.0 , 2 , 4
0 , 2.66 , 2.0 , 2 , 4
0 , 2.66 , 2.0 , 2 , 4
0 , 2.66 , 2.0 , 2 , 4
0 , 2.66 , 2.0 , 2 , 4
0 , 2.66 , 2.0 , 2 , 4
0 , 2.66 , 2.0 , 2 , 4
0 , 2.66 , 2.0 , 2 , 4
0 , 2.66 , 2.0 , 2 , 4
0 , 2.66 , 2.0 , 2 , 4
0 , 2.66 , 2.0 , 2 , 4
0 , 2.66 , 2.0 , 2 , 4
0 , 2.66 , 2.0 , 2 , 4
0 , 2.66 , 2.0 , 2 , 4
0 , 2.66 , 2.0 , 2 , 4
0 , 2.66 , 2.0 , 2 , 4
0 , 2.66 , 2.0 , 2 , 4
0 , 2.66 , 2.0 , 2 , 4
0 , 2.66 , 2.0 , 2 , 4
0 , 2.66 , 2.0 , 2 , 4
0 , 2.66 , 2.0 , 2 , 4
0 , 2.66 , 2.0 , 2 , 4
0 , 2.66 , 2.0 , 2 , 4
0 , 2.66 , 2.0 , 2 , 4
0 , 2.66 , 2.0 , 2 , 4
0 , 2.64 , 2.0 , 2 , 4
0 , 2.62 , 2.0 , 2 , 4
0 , 2.62 , 2.0 , 2 , 4
0 , 2.62 , 2.0 , 2 , 4
0 , 2.62 , 2.0 , 2 , 4
0 , 2.62 , 2.0 , 2 , 4
0 , 2.62 , 2.0 , 2 , 4
0 , 2.62 , 2.0 , 2 , 4
0 , 2.58 , 2.0 , 2 , 4
0 , 2.56 , 2.0 , 2 , 4
0 , 2.54 , 2.0 , 2 , 4
0 , 2.54 , 2.0 , 2 , 4
0 , 2.54 , 2.0 , 2 , 4
0 , 2.54 , 2.0 , 2 , 4
0 , 2.54 , 2.0 , 2 , 4
0 , 2.54 , 2.0 , 2 , 4
0 , 2.54 , 2.0 , 2 , 4
0 , 2.54 , 2.0 , 2 , 4
0 , 2.54 , 2.0 , 2 , 4
0 , 2.52 , 2.0 , 2 , 4
0 , 2.52 , 2.0 , 2 , 4
0 , 2.52 , 2.0 , 2 , 4
0 , 2.52 , 2.0 , 2 , 4
0 , 2.52 , 2.0 , 2 , 4
0 , 2.52 , 2.0 , 2 , 4
0 , 2.52 , 2.0 , 2 , 4
0 , 2.52 , 2.0 , 2 , 4
0 , 2.52 , 2.0 , 2 , 4
0 , 2.52 , 2.0 , 2 , 4
0 , 2.52 , 2.0 , 2 , 4
0 , 2.52 , 2.0 , 2 , 4
0 , 2.52 , 2.0 , 2 , 4
0 , 2.52 , 2.0 , 2 , 4
0 , 2.52 , 2.0 , 2 , 4
0 , 2.52 , 2.0 , 2 , 4
0 , 2.52 , 2.0 , 2 , 4
0 , 2.52 , 2.0 , 2 , 4
0 , 2.52 , 2.0 , 2 , 4
0 , 2.52 , 2.0 , 2 , 4
0 , 2.52 , 2.0 , 2 , 4
0 , 2.52 , 2.0 , 2 , 4
0 , 2.52 , 2.0 , 2 , 4
0 , 2.52 , 2.0 , 2 , 4
0 , 2.52 , 2.0 , 2 , 4
0 , 2.52 , 2.0 , 2 , 4
0 , 2.52 , 2.0 , 2 , 4
0 , 2.52 , 2.0 , 2 , 4
0 , 2.52 , 2.0 , 2 , 4
0 , 2.52 , 2.0 , 2 , 4
0 , 2.52 , 2.0 , 2 , 4
0 , 2.52 , 2.0 , 2 , 4
0 , 2.52 , 2.0 , 2 , 4
0 , 2.52 , 2.0 , 2 , 4
0 , 2.52 , 2.0 , 2 , 4
0 , 2.52 , 2.0 , 2 , 4
0 , 2.52 , 2.0 , 2 , 4
0 , 2.52 , 2.0 , 2 , 4
0 , 2.5 , 2.0 , 2 , 4
0 , 2.5 , 2.0 , 2 , 4
0 , 2.5 , 2.0 , 2 , 4
0 , 2.5 , 2.0 , 2 , 4
0 , 2.5 , 2.0 , 2 , 4
0 , 2.5 , 2.0 , 2 , 4
0 , 2.5 , 2.0 , 2 , 4
0 , 2.5 , 2.0 , 2 , 4
0 , 2.5 , 2.0 , 2 , 4
0 , 2.5 , 2.0 , 2 , 4
0 , 2.48 , 2.0 , 2 , 4
0 , 2.48 , 2.0 , 2 , 4
0 , 2.48 , 2.0 , 2 , 4
0 , 2.48 , 2.0 , 2 , 4
0 , 2.48 , 2.0 , 2 , 4
0 , 2.48 , 2.0 , 2 , 4
0 , 2.48 , 2.0 , 2 , 4
0 , 2.48 , 2.0 , 2 , 4
0 , 2.48 , 2.0 , 2 , 4
0 , 2.48 , 2.0 , 2 , 4
0 , 2.48 , 2.0 , 2 , 4
0 , 2.48 , 2.0 , 2 , 4
0 , 2.48 , 2.0 , 2 , 4
0 , 2.48 , 2.0 , 2 , 4
0 , 2.48 , 2.0 , 2 , 4
0 , 2.48 , 2.0 , 2 , 4
0 , 2.46 , 2.0 , 2 , 4
0 , 2.46 , 2.0 , 2 , 4
0 , 2.46 , 2.0 , 2 , 4
0 , 2.46 , 2.0 , 2 , 4
0 , 2.46 , 2.0 , 2 , 4
0 , 2.46 , 2.0 , 2 , 4
0 , 2.46 , 2.0 , 2 , 4
0 , 2.46 , 2.0 , 2 , 4
0 , 2.46 , 2.0 , 2 , 4
0 , 2.46 , 2.0 , 2 , 4
0 , 2.46 , 2.0 , 2 , 4
0 , 2.46 , 2.0 , 2 , 4
0 , 2.46 , 2.0 , 2 , 4
0 , 2.46 , 2.0 , 2 , 4
0 , 2.46 , 2.0 , 2 , 4
0 , 2.46 , 2.0 , 2 , 4
0 , 2.46 , 2.0 , 2 , 4
0 , 2.46 , 2.0 , 2 , 4
0 , 2.46 , 2.0 , 2 , 4
0 , 2.46 , 2.0 , 2 , 4
0 , 2.46 , 2.0 , 2 , 4
0 , 2.42 , 2.0 , 2 , 4
0 , 2.42 , 2.0 , 2 , 4
0 , 2.42 , 2.0 , 2 , 4
0 , 2.42 , 2.0 , 2 , 4
0 , 2.42 , 2.0 , 2 , 4
0 , 2.42 , 2.0 , 2 , 4
0 , 2.4 , 2.0 , 2 , 4
0 , 2.4 , 2.0 , 2 , 4
0 , 2.4 , 2.0 , 2 , 4
0 , 2.4 , 2.0 , 2 , 4
0 , 2.4 , 2.0 , 2 , 4
0 , 2.4 , 2.0 , 2 , 4
0 , 2.4 , 2.0 , 2 , 4
0 , 2.4 , 2.0 , 2 , 4
0 , 2.4 , 2.0 , 2 , 4
0 , 2.4 , 2.0 , 2 , 4
0 , 2.4 , 2.0 , 2 , 4
0 , 2.4 , 2.0 , 2 , 4
0 , 2.4 , 2.0 , 2 , 4
0 , 2.4 , 2.0 , 2 , 4
0 , 2.4 , 2.0 , 2 , 4
0 , 2.4 , 2.0 , 2 , 4
0 , 2.4 , 2.0 , 2 , 4
0 , 2.4 , 2.0 , 2 , 4
0 , 2.4 , 2.0 , 2 , 4
0 , 2.4 , 2.0 , 2 , 4
0 , 2.4 , 2.0 , 2 , 4
0 , 2.4 , 2.0 , 2 , 4
0 , 2.4 , 2.0 , 2 , 4
0 , 2.4 , 2.0 , 2 , 4
0 , 2.38 , 2.0 , 2 , 4
0 , 2.38 , 2.0 , 2 , 4
0 , 2.38 , 2.0 , 2 , 4
0 , 2.38 , 2.0 , 2 , 4
0 , 2.38 , 2.0 , 2 , 4
0 , 2.36 , 2.0 , 2 , 4
0 , 2.36 , 2.0 , 2 , 4
0 , 2.34 , 2.0 , 2 , 4
0 , 2.34 , 2.0 , 2 , 4
0 , 2.34 , 2.0 , 2 , 4
0 , 2.34 , 2.0 , 2 , 4
0 , 2.34 , 2.0 , 2 , 4
0 , 2.34 , 2.0 , 2 , 4
0 , 2.34 , 2.0 , 2 , 4
0 , 2.34 , 2.0 , 2 , 4
0 , 2.34 , 2.0 , 2 , 4
0 , 2.34 , 2.0 , 2 , 4
0 , 2.34 , 2.0 , 2 , 4
0 , 2.34 , 2.0 , 2 , 4
0 , 2.32 , 2.0 , 2 , 4
0 , 2.32 , 2.0 , 2 , 4
0 , 2.32 , 2.0 , 2 , 4
0 , 2.32 , 2.0 , 2 , 4
0 , 2.32 , 2.0 , 2 , 4
0 , 2.32 , 2.0 , 2 , 4
0 , 2.3 , 2.0 , 2 , 4
0 , 2.3 , 2.0 , 2 , 4
0 , 2.3 , 2.0 , 2 , 4
0 , 2.3 , 2.0 , 2 , 4
0 , 2.3 , 2.0 , 2 , 4
0 , 2.3 , 2.0 , 2 , 4
0 , 2.3 , 2.0 , 2 , 4
0 , 2.3 , 2.0 , 2 , 4
0 , 2.3 , 2.0 , 2 , 4
0 , 2.3 , 2.0 , 2 , 4
0 , 2.3 , 2.0 , 2 , 4
0 , 2.3 , 2.0 , 2 , 4
0 , 2.3 , 2.0 , 2 , 4
0 , 2.3 , 2.0 , 2 , 4
0 , 2.3 , 2.0 , 2 , 4
0 , 2.3 , 2.0 , 2 , 4
0 , 2.3 , 2.0 , 2 , 4
0 , 2.3 , 2.0 , 2 , 4
0 , 2.3 , 2.0 , 2 , 4
0 , 2.3 , 2.0 , 2 , 4
0 , 2.3 , 2.0 , 2 , 4
0 , 2.28 , 2.0 , 2 , 4
0 , 2.26 , 2.0 , 2 , 4
0 , 2.26 , 2.0 , 2 , 4
0 , 2.26 , 2.0 , 2 , 4
0 , 2.26 , 2.0 , 2 , 4
0 , 2.26 , 2.0 , 2 , 4
0 , 2.26 , 2.0 , 2 , 4
0 , 2.26 , 2.0 , 2 , 4
0 , 2.26 , 2.0 , 2 , 4
0 , 2.26 , 2.0 , 2 , 4
0 , 2.26 , 2.0 , 2 , 4
0 , 2.26 , 2.0 , 2 , 4
0 , 2.24 , 2.0 , 2 , 4
0 , 2.24 , 2.0 , 2 , 4
0 , 2.24 , 2.0 , 2 , 4
0 , 2.24 , 2.0 , 2 , 4
0 , 2.24 , 2.0 , 2 , 4
0 , 2.24 , 2.0 , 2 , 4
0 , 2.24 , 2.0 , 2 , 4
0 , 2.22 , 2.0 , 2 , 4
0 , 2.22 , 2.0 , 2 , 4
0 , 2.22 , 2.0 , 2 , 4
0 , 2.22 , 2.0 , 2 , 4
0 , 2.22 , 2.0 , 2 , 4
0 , 2.22 , 2.0 , 2 , 4
0 , 2.22 , 2.0 , 2 , 4
0 , 2.22 , 2.0 , 2 , 4
0 , 2.22 , 2.0 , 2 , 4
0 , 2.22 , 2.0 , 2 , 4
0 , 2.22 , 2.0 , 2 , 4
0 , 2.22 , 2.0 , 2 , 4
0 , 2.22 , 2.0 , 2 , 4
0 , 2.22 , 2.0 , 2 , 4
0 , 2.22 , 2.0 , 2 , 4
0 , 2.22 , 2.0 , 2 , 4
0 , 2.22 , 2.0 , 2 , 4
0 , 2.22 , 2.0 , 2 , 4
0 , 2.22 , 2.0 , 2 , 4
0 , 2.22 , 2.0 , 2 , 4
0 , 2.22 , 2.0 , 2 , 4
0 , 2.22 , 2.0 , 2 , 4
0 , 2.22 , 2.0 , 2 , 4
0 , 2.2 , 2.0 , 2 , 4
0 , 2.2 , 2.0 , 2 , 4
0 , 2.2 , 2.0 , 2 , 4
0 , 2.2 , 2.0 , 2 , 4
0 , 2.2 , 2.0 , 2 , 4
0 , 2.2 , 2.0 , 2 , 4
0 , 2.2 , 2.0 , 2 , 4
0 , 2.2 , 2.0 , 2 , 4
0 , 2.18 , 2.0 , 2 , 4
0 , 2.18 , 2.0 , 2 , 4
0 , 2.18 , 2.0 , 2 , 4
0 , 2.18 , 2.0 , 2 , 4
0 , 2.18 , 2.0 , 2 , 4
0 , 2.18 , 2.0 , 2 , 4
0 , 2.18 , 2.0 , 2 , 4
0 , 2.18 , 2.0 , 2 , 4
0 , 2.18 , 2.0 , 2 , 4
0 , 2.18 , 2.0 , 2 , 4
0 , 2.18 , 2.0 , 2 , 4
0 , 2.18 , 2.0 , 2 , 4
0 , 2.18 , 2.0 , 2 , 4
0 , 2.18 , 2.0 , 2 , 4
0 , 2.18 , 2.0 , 2 , 4
0 , 2.14 , 2.0 , 2 , 4
0 , 2.1 , 2.0 , 2 , 4
0 , 2.1 , 2.0 , 2 , 4
0 , 2.1 , 2.0 , 2 , 4
0 , 2.1 , 2.0 , 2 , 4
0 , 2.1 , 2.0 , 2 , 4
0 , 2.1 , 2.0 , 2 , 4
0 , 2.1 , 2.0 , 2 , 4
0 , 2.1 , 2.0 , 2 , 4
0 , 2.1 , 2.0 , 2 , 4
0 , 2.1 , 2.0 , 2 , 4
0 , 2.08 , 2.0 , 2 , 4
0 , 2.08 , 2.0 , 2 , 4
0 , 2.08 , 2.0 , 2 , 4
0 , 2.08 , 2.0 , 2 , 4
0 , 2.08 , 2.0 , 2 , 4
0 , 2.06 , 2.0 , 2 , 4
0 , 2.04 , 2.0 , 2 , 4
0 , 2.04 , 2.0 , 2 , 4
0 , 2.02 , 2.0 , 2 , 4
0 , 2.02 , 2.0 , 2 , 4
0 , 2.02 , 2.0 , 2 , 4
0 , 2.0 , 2.0 , 2 , 4
0 , 2.0 , 2.0 , 2 , 4
0 , 2.0 , 2.0 , 2 , 4
0 , 2.0 , 2.0 , 2 , 4
0 , 1.98 , 2.0 , 2 , 4
0 , 1.98 , 2.0 , 2 , 4
0 , 1.96 , 2.0 , 2 , 4
0 , 1.96 , 2.0 , 2 , 4
0 , 1.96 , 2.0 , 2 , 4
0 , 1.96 , 2.0 , 2 , 4
0 , 1.96 , 2.0 , 2 , 4
0 , 1.96 , 2.0 , 2 , 4
0 , 1.96 , 2.0 , 2 , 4
0 , 1.96 , 2.0 , 2 , 4
0 , 1.96 , 2.0 , 2 , 4
0 , 1.96 , 2.0 , 2 , 4
0 , 1.94 , 2.0 , 2 , 4
0 , 1.94 , 2.0 , 2 , 4
0 , 1.94 , 2.0 , 2 , 4
0 , 1.94 , 2.0 , 2 , 4
0 , 1.94 , 2.0 , 2 , 4
0 , 1.94 , 2.0 , 2 , 4
0 , 1.92 , 2.0 , 2 , 2
0 , 1.92 , 2.0 , 2 , 2
0 , 1.92 , 2.0 , 2 , 2
0 , 1.92 , 2.0 , 2 , 2
0 , 1.92 , 2.0 , 2 , 2
0 , 1.92 , 2.0 , 2 , 2
0 , 1.92 , 2.0 , 2 , 2
0 , 1.92 , 2.0 , 2 , 2
0 , 1.92 , 2.0 , 2 , 2
0 , 1.92 , 2.0 , 2 , 2
0 , 1.92 , 2.0 , 2 , 2
0 , 1.92 , 2.0 , 2 , 2
0 , 1.92 , 2.0 , 2 , 2
0 , 1.92 , 2.0 , 2 , 2
0 , 1.92 , 2.0 , 2 , 2
0 , 1.92 , 2.0 , 2 , 2
0 , 1.92 , 2.0 , 2 , 2
0 , 1.92 , 2.0 , 2 , 2
0 , 1.92 , 2.0 , 2 , 2
0 , 1.92 , 2.0 , 2 , 2
0 , 1.92 , 2.0 , 2 , 2
0 , 1.92 , 2.0 , 2 , 2
0 , 1.92 , 2.0 , 2 , 2
0 , 1.92 , 2.0 , 2 , 2
0 , 1.92 , 2.0 , 2 , 2
0 , 1.92 , 2.0 , 2 , 2
0 , 1.92 , 2.0 , 2 , 2
0 , 1.92 , 2.0 , 2 , 2
0 , 1.92 , 2.0 , 2 , 2
0 , 1.92 , 2.0 , 2 , 2
0 , 1.92 , 2.0 , 2 , 2
0 , 1.92 , 2.0 , 2 , 2
0 , 1.92 , 2.0 , 2 , 2
0 , 1.92 , 2.0 , 2 , 2
0 , 1.92 , 2.0 , 2 , 2
0 , 1.92 , 2.0 , 2 , 2
0 , 1.92 , 2.0 , 2 , 2
0 , 1.92 , 2.0 , 2 , 2
0 , 1.92 , 2.0 , 2 , 2
0 , 1.92 , 2.0 , 2 , 2
0 , 1.92 , 2.0 , 2 , 2
0 , 1.92 , 2.0 , 2 , 2
0 , 1.92 , 2.0 , 2 , 2
0 , 1.92 , 2.0 , 2 , 2
0 , 1.92 , 2.0 , 2 , 2
0 , 1.92 , 2.0 , 2 , 2
0 , 1.92 , 2.0 , 2 , 2
0 , 1.92 , 2.0 , 2 , 2
0 , 1.92 , 2.0 , 2 , 2
0 , 1.92 , 2.0 , 2 , 2
0 , 1.92 , 2.0 , 2 , 2
0 , 1.92 , 2.0 , 2 , 2
0 , 1.92 , 2.0 , 2 , 2
0 , 1.92 , 2.0 , 2 , 2
0 , 1.92 , 2.0 , 2 , 2
0 , 1.92 , 2.0 , 2 , 2
0 , 1.92 , 2.0 , 2 , 2
0 , 1.92 , 2.0 , 2 , 2
0 , 1.92 , 2.0 , 2 , 2
0 , 1.92 , 2.0 , 2 , 2
0 , 1.92 , 2.0 , 2 , 2
0 , 1.92 , 2.0 , 2 , 2
0 , 1.92 , 2.0 , 2 , 2
0 , 1.92 , 2.0 , 2 , 2
0 , 1.92 , 2.0 , 2 , 2
0 , 1.92 , 2.0 , 2 , 2
0 , 1.92 , 2.0 , 2 , 2
0 , 1.92 , 2.0 , 2 , 2
0 , 1.92 , 2.0 , 2 , 2
0 , 1.92 , 2.0 , 2 , 2
0 , 1.92 , 2.0 , 2 , 2
0 , 1.92 , 2.0 , 2 , 2
0 , 1.92 , 2.0 , 2 , 2
0 , 1.92 , 2.0 , 2 , 2
0 , 1.92 , 2.0 , 2 , 2
0 , 1.92 , 2.0 , 2 , 2
0 , 1.92 , 2.0 , 2 , 2
0 , 1.92 , 2.0 , 2 , 2
0 , 1.92 , 2.0 , 2 , 2
0 , 1.92 , 2.0 , 2 , 2
0 , 1.92 , 2.0 , 2 , 2
0 , 1.92 , 2.0 , 2 , 2
0 , 1.92 , 2.0 , 2 , 2
0 , 1.92 , 2.0 , 2 , 2
0 , 1.92 , 2.0 , 2 , 2
0 , 1.92 , 2.0 , 2 , 2
0 , 1.92 , 2.0 , 2 , 2
0 , 1.92 , 2.0 , 2 , 2
0 , 1.92 , 2.0 , 2 , 2
0 , 1.92 , 2.0 , 2 , 2
0 , 1.92 , 2.0 , 2 , 2
0 , 1.92 , 2.0 , 2 , 2
0 , 1.92 , 2.0 , 2 , 2
0 , 1.9 , 2.0 , 2 , 2
0 , 1.9 , 2.0 , 2 , 2
0 , 1.9 , 2.0 , 2 , 2
0 , 1.9 , 2.0 , 2 , 2
0 , 1.9 , 2.0 , 2 , 2
0 , 1.9 , 2.0 , 2 , 2
0 , 1.9 , 2.0 , 2 , 2
0 , 1.9 , 2.0 , 2 , 2
0 , 1.9 , 2.0 , 2 , 2
0 , 1.9 , 2.0 , 2 , 2
0 , 1.9 , 2.0 , 2 , 2
0 , 1.9 , 2.0 , 2 , 2
0 , 1.9 , 2.0 , 2 , 2
0 , 1.9 , 2.0 , 2 , 2
0 , 1.9 , 2.0 , 2 , 2
0 , 1.9 , 2.0 , 2 , 2
0 , 1.9 , 2.0 , 2 , 2
0 , 1.9 , 2.0 , 2 , 2
0 , 1.9 , 2.0 , 2 , 2
0 , 1.9 , 2.0 , 2 , 2
0 , 1.9 , 2.0 , 2 , 2
0 , 1.9 , 2.0 , 2 , 2
0 , 1.9 , 2.0 , 2 , 2
0 , 1.9 , 2.0 , 2 , 2
0 , 1.9 , 2.0 , 2 , 2
0 , 1.9 , 2.0 , 2 , 2
0 , 1.9 , 2.0 , 2 , 2
0 , 1.9 , 2.0 , 2 , 2
5  Perfect solutions
perfect solution individuals [[3, 6, 0, 7, 4, 1, 5, 2], [1, 3, 5, 7, 2, 0, 6, 4], [4, 2, 7, 3, 6, 0, 5, 1], [4, 6, 0, 3, 1, 7, 5, 2], [3, 6, 2, 7, 1, 4, 0, 5]]
