4 , 10.24 , 10.0 , 8 , 22
4 , 10.02 , 10.0 , 8 , 20
4 , 9.8 , 10.0 , 8 , 18
4 , 9.66 , 10.0 , 8 , 16
4 , 9.54 , 10.0 , 8 , 16
4 , 9.44 , 10.0 , 8 , 16
4 , 9.26 , 8.0 , 8 , 16
2 , 9.04 , 8.0 , 8 , 16
2 , 8.82 , 8.0 , 8 , 16
2 , 8.68 , 8.0 , 8 , 14
2 , 8.46 , 8.0 , 8 , 14
2 , 8.32 , 8.0 , 8 , 14
2 , 8.32 , 8.0 , 8 , 14
2 , 8.22 , 8.0 , 8 , 14
2 , 8.2 , 8.0 , 8 , 14
2 , 8.1 , 8.0 , 8 , 14
2 , 8.0 , 8.0 , 8 , 12
2 , 7.94 , 8.0 , 8 , 12
2 , 7.9 , 8.0 , 8 , 12
2 , 7.88 , 8.0 , 8 , 12
2 , 7.74 , 8.0 , 8 , 12
2 , 7.64 , 8.0 , 8 , 12
2 , 7.56 , 8.0 , 8 , 12
2 , 7.42 , 8.0 , 8 , 12
2 , 7.38 , 8.0 , 8 , 12
2 , 7.32 , 8.0 , 8 , 12
2 , 7.22 , 8.0 , 8 , 10
2 , 7.16 , 8.0 , 8 , 10
2 , 7.08 , 8.0 , 8 , 10
2 , 7.04 , 8.0 , 8 , 10
2 , 7.04 , 8.0 , 8 , 10
2 , 7.0 , 8.0 , 8 , 10
2 , 6.94 , 8.0 , 8 , 10
2 , 6.84 , 8.0 , 8 , 10
2 , 6.72 , 7.0 , 8 , 10
2 , 6.68 , 6.0 , 8 , 10
2 , 6.66 , 6.0 , 8 , 10
2 , 6.62 , 6.0 , 8 , 10
2 , 6.56 , 6.0 , 8 , 10
2 , 6.42 , 6.0 , 8 , 10
2 , 6.36 , 6.0 , 8 , 10
2 , 6.28 , 6.0 , 8 , 10
2 , 6.26 , 6.0 , 8 , 10
2 , 6.18 , 6.0 , 8 , 8
2 , 6.18 , 6.0 , 8 , 8
2 , 6.16 , 6.0 , 8 , 8
2 , 6.16 , 6.0 , 8 , 8
2 , 6.16 , 6.0 , 8 , 8
2 , 6.14 , 6.0 , 8 , 8
2 , 6.12 , 6.0 , 6 , 8
2 , 6.12 , 6.0 , 6 , 8
2 , 6.06 , 6.0 , 6 , 8
2 , 6.02 , 6.0 , 6 , 8
2 , 5.98 , 6.0 , 6 , 8
2 , 5.94 , 6.0 , 6 , 8
2 , 5.92 , 6.0 , 6 , 8
2 , 5.86 , 6.0 , 6 , 8
2 , 5.86 , 6.0 , 6 , 8
2 , 5.84 , 6.0 , 6 , 8
2 , 5.8 , 6.0 , 6 , 8
2 , 5.78 , 6.0 , 6 , 8
2 , 5.76 , 6.0 , 6 , 8
2 , 5.74 , 6.0 , 6 , 8
2 , 5.72 , 6.0 , 6 , 8
0 , 5.64 , 6.0 , 6 , 8
0 , 5.62 , 6.0 , 6 , 8
0 , 5.58 , 6.0 , 6 , 8
0 , 5.58 , 6.0 , 6 , 8
0 , 5.58 , 6.0 , 6 , 8
0 , 5.56 , 6.0 , 6 , 8
0 , 5.56 , 6.0 , 6 , 8
0 , 5.54 , 6.0 , 6 , 8
0 , 5.48 , 6.0 , 6 , 8
0 , 5.48 , 6.0 , 6 , 8
0 , 5.46 , 6.0 , 6 , 8
0 , 5.42 , 6.0 , 6 , 8
0 , 5.36 , 6.0 , 6 , 8
0 , 5.3 , 6.0 , 6 , 8
0 , 5.28 , 6.0 , 6 , 8
0 , 5.28 , 6.0 , 6 , 8
0 , 5.26 , 6.0 , 6 , 8
0 , 5.22 , 6.0 , 6 , 8
0 , 5.22 , 6.0 , 6 , 8
0 , 5.18 , 6.0 , 6 , 8
0 , 5.18 , 6.0 , 6 , 8
0 , 5.16 , 6.0 , 6 , 8
0 , 5.12 , 6.0 , 6 , 8
0 , 5.1 , 6.0 , 6 , 8
0 , 5.08 , 6.0 , 6 , 8
0 , 5.0 , 6.0 , 6 , 8
0 , 4.98 , 6.0 , 6 , 8
0 , 4.98 , 6.0 , 6 , 8
0 , 4.96 , 6.0 , 6 , 6
0 , 4.96 , 6.0 , 6 , 6
0 , 4.94 , 6.0 , 6 , 6
0 , 4.94 , 6.0 , 6 , 6
0 , 4.94 , 6.0 , 6 , 6
0 , 4.94 , 6.0 , 6 , 6
0 , 4.94 , 6.0 , 6 , 6
0 , 4.92 , 6.0 , 6 , 6
0 , 4.92 , 6.0 , 6 , 6
0 , 4.9 , 6.0 , 6 , 6
0 , 4.9 , 6.0 , 6 , 6
0 , 4.86 , 6.0 , 6 , 6
0 , 4.86 , 6.0 , 6 , 6
0 , 4.86 , 6.0 , 6 , 6
0 , 4.86 , 6.0 , 6 , 6
0 , 4.84 , 6.0 , 6 , 6
0 , 4.84 , 6.0 , 6 , 6
0 , 4.82 , 6.0 , 6 , 6
0 , 4.82 , 6.0 , 6 , 6
0 , 4.82 , 6.0 , 6 , 6
0 , 4.78 , 6.0 , 6 , 6
0 , 4.78 , 6.0 , 6 , 6
0 , 4.78 , 6.0 , 6 , 6
0 , 4.76 , 6.0 , 6 , 6
0 , 4.76 , 6.0 , 6 , 6
0 , 4.76 , 6.0 , 6 , 6
0 , 4.74 , 6.0 , 6 , 6
0 , 4.74 , 6.0 , 6 , 6
0 , 4.74 , 6.0 , 6 , 6
0 , 4.74 , 6.0 , 6 , 6
0 , 4.74 , 6.0 , 6 , 6
0 , 4.74 , 6.0 , 6 , 6
0 , 4.68 , 5.0 , 6 , 6
0 , 4.68 , 5.0 , 6 , 6
0 , 4.68 , 5.0 , 6 , 6
0 , 4.68 , 5.0 , 6 , 6
0 , 4.68 , 5.0 , 6 , 6
0 , 4.68 , 5.0 , 6 , 6
0 , 4.68 , 5.0 , 6 , 6
0 , 4.64 , 4.0 , 6 , 6
0 , 4.62 , 4.0 , 6 , 6
0 , 4.62 , 4.0 , 6 , 6
0 , 4.62 , 4.0 , 6 , 6
0 , 4.62 , 4.0 , 6 , 6
0 , 4.62 , 4.0 , 6 , 6
0 , 4.62 , 4.0 , 6 , 6
0 , 4.6 , 4.0 , 6 , 6
0 , 4.6 , 4.0 , 6 , 6
0 , 4.6 , 4.0 , 6 , 6
0 , 4.58 , 4.0 , 6 , 6
0 , 4.58 , 4.0 , 6 , 6
0 , 4.58 , 4.0 , 6 , 6
0 , 4.56 , 4.0 , 6 , 6
0 , 4.56 , 4.0 , 6 , 6
0 , 4.56 , 4.0 , 6 , 6
0 , 4.54 , 4.0 , 6 , 6
0 , 4.52 , 4.0 , 6 , 6
0 , 4.5 , 4.0 , 4 , 6
0 , 4.5 , 4.0 , 4 , 6
0 , 4.5 , 4.0 , 4 , 6
0 , 4.5 , 4.0 , 4 , 6
0 , 4.44 , 4.0 , 4 , 6
0 , 4.44 , 4.0 , 4 , 6
0 , 4.44 , 4.0 , 4 , 6
0 , 4.42 , 4.0 , 4 , 6
0 , 4.4 , 4.0 , 4 , 6
0 , 4.36 , 4.0 , 4 , 6
0 , 4.36 , 4.0 , 4 , 6
0 , 4.36 , 4.0 , 4 , 6
0 , 4.34 , 4.0 , 4 , 6
0 , 4.34 , 4.0 , 4 , 6
0 , 4.34 , 4.0 , 4 , 6
0 , 4.34 , 4.0 , 4 , 6
0 , 4.34 , 4.0 , 4 , 6
0 , 4.34 , 4.0 , 4 , 6
0 , 4.32 , 4.0 , 4 , 6
0 , 4.32 , 4.0 , 4 , 6
0 , 4.32 , 4.0 , 4 , 6
0 , 4.3 , 4.0 , 4 , 6
0 , 4.3 , 4.0 , 4 , 6
0 , 4.28 , 4.0 , 4 , 6
0 , 4.28 , 4.0 , 4 , 6
0 , 4.24 , 4.0 , 4 , 6
0 , 4.22 , 4.0 , 4 , 6
0 , 4.22 , 4.0 , 4 , 6
0 , 4.2 , 4.0 , 4 , 6
0 , 4.14 , 4.0 , 4 , 6
0 , 4.14 , 4.0 , 4 , 6
0 , 4.14 , 4.0 , 4 , 6
0 , 4.14 , 4.0 , 4 , 6
0 , 4.14 , 4.0 , 4 , 6
0 , 4.08 , 4.0 , 4 , 6
0 , 4.08 , 4.0 , 4 , 6
0 , 4.08 , 4.0 , 4 , 6
0 , 4.08 , 4.0 , 4 , 6
0 , 4.08 , 4.0 , 4 , 6
0 , 4.08 , 4.0 , 4 , 6
0 , 4.08 , 4.0 , 4 , 6
0 , 4.08 , 4.0 , 4 , 6
0 , 4.08 , 4.0 , 4 , 6
0 , 4.08 , 4.0 , 4 , 6
0 , 4.06 , 4.0 , 4 , 6
0 , 4.06 , 4.0 , 4 , 6
0 , 4.06 , 4.0 , 4 , 6
0 , 4.06 , 4.0 , 4 , 6
0 , 4.0 , 4.0 , 4 , 6
0 , 4.0 , 4.0 , 4 , 6
0 , 4.0 , 4.0 , 4 , 6
0 , 3.98 , 4.0 , 4 , 6
0 , 3.98 , 4.0 , 4 , 6
0 , 3.98 , 4.0 , 4 , 6
0 , 3.98 , 4.0 , 4 , 6
0 , 3.96 , 4.0 , 4 , 6
0 , 3.96 , 4.0 , 4 , 6
0 , 3.94 , 4.0 , 4 , 6
0 , 3.94 , 4.0 , 4 , 6
0 , 3.92 , 4.0 , 4 , 6
0 , 3.92 , 4.0 , 4 , 6
0 , 3.92 , 4.0 , 4 , 6
0 , 3.84 , 4.0 , 4 , 6
0 , 3.82 , 4.0 , 4 , 6
0 , 3.82 , 4.0 , 4 , 6
0 , 3.82 , 4.0 , 4 , 6
0 , 3.82 , 4.0 , 4 , 6
0 , 3.82 , 4.0 , 4 , 6
0 , 3.82 , 4.0 , 4 , 6
0 , 3.8 , 4.0 , 4 , 6
0 , 3.74 , 4.0 , 4 , 6
0 , 3.7 , 4.0 , 4 , 6
0 , 3.66 , 4.0 , 4 , 6
0 , 3.66 , 4.0 , 4 , 6
0 , 3.62 , 4.0 , 4 , 6
0 , 3.6 , 4.0 , 4 , 6
0 , 3.58 , 4.0 , 4 , 6
0 , 3.58 , 4.0 , 4 , 6
0 , 3.58 , 4.0 , 4 , 6
0 , 3.58 , 4.0 , 4 , 6
0 , 3.54 , 4.0 , 4 , 6
0 , 3.5 , 4.0 , 4 , 6
0 , 3.5 , 4.0 , 4 , 6
0 , 3.48 , 4.0 , 4 , 6
0 , 3.48 , 4.0 , 4 , 6
0 , 3.48 , 4.0 , 4 , 6
0 , 3.44 , 4.0 , 4 , 6
0 , 3.44 , 4.0 , 4 , 6
0 , 3.44 , 4.0 , 4 , 6
0 , 3.44 , 4.0 , 4 , 6
0 , 3.42 , 4.0 , 4 , 6
0 , 3.4 , 4.0 , 4 , 6
0 , 3.4 , 4.0 , 4 , 6
0 , 3.4 , 4.0 , 4 , 6
0 , 3.4 , 4.0 , 4 , 6
0 , 3.38 , 4.0 , 4 , 6
0 , 3.38 , 4.0 , 4 , 6
0 , 3.36 , 4.0 , 4 , 6
0 , 3.36 , 4.0 , 4 , 6
0 , 3.36 , 4.0 , 4 , 6
0 , 3.34 , 4.0 , 4 , 6
0 , 3.34 , 4.0 , 4 , 6
0 , 3.3 , 4.0 , 4 , 6
0 , 3.28 , 4.0 , 4 , 4
0 , 3.28 , 4.0 , 4 , 4
0 , 3.28 , 4.0 , 4 , 4
0 , 3.28 , 4.0 , 4 , 4
0 , 3.28 , 4.0 , 4 , 4
0 , 3.28 , 4.0 , 4 , 4
0 , 3.28 , 4.0 , 4 , 4
0 , 3.28 , 4.0 , 4 , 4
0 , 3.28 , 4.0 , 4 , 4
0 , 3.28 , 4.0 , 4 , 4
0 , 3.28 , 4.0 , 4 , 4
0 , 3.28 , 4.0 , 4 , 4
0 , 3.28 , 4.0 , 4 , 4
0 , 3.26 , 4.0 , 4 , 4
0 , 3.26 , 4.0 , 4 , 4
0 , 3.26 , 4.0 , 4 , 4
0 , 3.26 , 4.0 , 4 , 4
0 , 3.26 , 4.0 , 4 , 4
0 , 3.26 , 4.0 , 4 , 4
0 , 3.26 , 4.0 , 4 , 4
0 , 3.24 , 4.0 , 4 , 4
0 , 3.24 , 4.0 , 4 , 4
0 , 3.24 , 4.0 , 4 , 4
0 , 3.24 , 4.0 , 4 , 4
0 , 3.24 , 4.0 , 4 , 4
0 , 3.24 , 4.0 , 4 , 4
0 , 3.24 , 4.0 , 4 , 4
0 , 3.24 , 4.0 , 4 , 4
0 , 3.24 , 4.0 , 4 , 4
0 , 3.24 , 4.0 , 4 , 4
0 , 3.24 , 4.0 , 4 , 4
0 , 3.24 , 4.0 , 4 , 4
0 , 3.22 , 4.0 , 4 , 4
0 , 3.22 , 4.0 , 4 , 4
0 , 3.22 , 4.0 , 4 , 4
0 , 3.22 , 4.0 , 4 , 4
0 , 3.22 , 4.0 , 4 , 4
0 , 3.22 , 4.0 , 4 , 4
0 , 3.22 , 4.0 , 4 , 4
0 , 3.22 , 4.0 , 4 , 4
0 , 3.22 , 4.0 , 4 , 4
0 , 3.22 , 4.0 , 4 , 4
0 , 3.22 , 4.0 , 4 , 4
0 , 3.2 , 4.0 , 4 , 4
0 , 3.2 , 4.0 , 4 , 4
0 , 3.2 , 4.0 , 4 , 4
0 , 3.2 , 4.0 , 4 , 4
0 , 3.2 , 4.0 , 4 , 4
0 , 3.18 , 4.0 , 4 , 4
0 , 3.18 , 4.0 , 4 , 4
0 , 3.18 , 4.0 , 4 , 4
0 , 3.18 , 4.0 , 4 , 4
0 , 3.18 , 4.0 , 4 , 4
0 , 3.18 , 4.0 , 4 , 4
0 , 3.18 , 4.0 , 4 , 4
0 , 3.18 , 4.0 , 4 , 4
0 , 3.18 , 4.0 , 4 , 4
0 , 3.18 , 4.0 , 4 , 4
0 , 3.18 , 4.0 , 4 , 4
0 , 3.18 , 4.0 , 4 , 4
0 , 3.18 , 4.0 , 4 , 4
0 , 3.18 , 4.0 , 4 , 4
0 , 3.18 , 4.0 , 4 , 4
0 , 3.18 , 4.0 , 4 , 4
0 , 3.18 , 4.0 , 4 , 4
0 , 3.18 , 4.0 , 4 , 4
0 , 3.18 , 4.0 , 4 , 4
0 , 3.18 , 4.0 , 4 , 4
0 , 3.18 , 4.0 , 4 , 4
0 , 3.18 , 4.0 , 4 , 4
0 , 3.18 , 4.0 , 4 , 4
0 , 3.18 , 4.0 , 4 , 4
0 , 3.18 , 4.0 , 4 , 4
0 , 3.18 , 4.0 , 4 , 4
0 , 3.18 , 4.0 , 4 , 4
0 , 3.18 , 4.0 , 4 , 4
0 , 3.18 , 4.0 , 4 , 4
0 , 3.18 , 4.0 , 4 , 4
0 , 3.18 , 4.0 , 4 , 4
0 , 3.18 , 4.0 , 4 , 4
0 , 3.18 , 4.0 , 4 , 4
0 , 3.18 , 4.0 , 4 , 4
0 , 3.18 , 4.0 , 4 , 4
0 , 3.18 , 4.0 , 4 , 4
0 , 3.18 , 4.0 , 4 , 4
0 , 3.18 , 4.0 , 4 , 4
0 , 3.18 , 4.0 , 4 , 4
0 , 3.18 , 4.0 , 4 , 4
0 , 3.18 , 4.0 , 4 , 4
0 , 3.18 , 4.0 , 4 , 4
0 , 3.18 , 4.0 , 4 , 4
0 , 3.18 , 4.0 , 4 , 4
0 , 3.18 , 4.0 , 4 , 4
0 , 3.16 , 4.0 , 4 , 4
0 , 3.14 , 4.0 , 4 , 4
0 , 3.14 , 4.0 , 4 , 4
0 , 3.14 , 4.0 , 4 , 4
0 , 3.14 , 4.0 , 4 , 4
0 , 3.14 , 4.0 , 4 , 4
0 , 3.14 , 4.0 , 4 , 4
0 , 3.14 , 4.0 , 4 , 4
0 , 3.14 , 4.0 , 4 , 4
0 , 3.14 , 4.0 , 4 , 4
0 , 3.14 , 4.0 , 4 , 4
0 , 3.14 , 4.0 , 4 , 4
0 , 3.14 , 4.0 , 4 , 4
0 , 3.14 , 4.0 , 4 , 4
0 , 3.14 , 4.0 , 4 , 4
0 , 3.14 , 4.0 , 4 , 4
0 , 3.14 , 4.0 , 4 , 4
0 , 3.12 , 4.0 , 4 , 4
0 , 3.12 , 4.0 , 4 , 4
0 , 3.12 , 4.0 , 4 , 4
0 , 3.12 , 4.0 , 4 , 4
0 , 3.12 , 4.0 , 4 , 4
0 , 3.12 , 4.0 , 4 , 4
0 , 3.1 , 4.0 , 4 , 4
0 , 3.1 , 4.0 , 4 , 4
0 , 3.1 , 4.0 , 4 , 4
0 , 3.1 , 4.0 , 4 , 4
0 , 3.1 , 4.0 , 4 , 4
0 , 3.1 , 4.0 , 4 , 4
0 , 3.1 , 4.0 , 4 , 4
0 , 3.08 , 4.0 , 4 , 4
0 , 3.08 , 4.0 , 4 , 4
0 , 3.08 , 4.0 , 4 , 4
0 , 3.08 , 4.0 , 4 , 4
0 , 3.08 , 4.0 , 4 , 4
0 , 3.08 , 4.0 , 4 , 4
0 , 3.08 , 4.0 , 4 , 4
0 , 3.08 , 4.0 , 4 , 4
0 , 3.08 , 4.0 , 4 , 4
0 , 3.06 , 4.0 , 4 , 4
0 , 3.06 , 4.0 , 4 , 4
0 , 3.06 , 4.0 , 4 , 4
0 , 3.06 , 4.0 , 4 , 4
0 , 3.06 , 4.0 , 4 , 4
0 , 3.06 , 4.0 , 4 , 4
0 , 3.06 , 4.0 , 4 , 4
0 , 3.06 , 4.0 , 4 , 4
0 , 3.06 , 4.0 , 4 , 4
0 , 3.06 , 4.0 , 4 , 4
0 , 3.06 , 4.0 , 4 , 4
0 , 3.06 , 4.0 , 4 , 4
0 , 3.06 , 4.0 , 4 , 4
0 , 3.04 , 4.0 , 4 , 4
0 , 3.04 , 4.0 , 4 , 4
0 , 3.04 , 4.0 , 4 , 4
0 , 3.04 , 4.0 , 4 , 4
0 , 3.04 , 4.0 , 4 , 4
0 , 3.04 , 4.0 , 4 , 4
0 , 3.04 , 4.0 , 4 , 4
0 , 3.04 , 4.0 , 4 , 4
0 , 3.04 , 4.0 , 4 , 4
0 , 3.04 , 4.0 , 4 , 4
0 , 3.04 , 4.0 , 4 , 4
0 , 3.04 , 4.0 , 4 , 4
0 , 3.04 , 4.0 , 4 , 4
0 , 3.04 , 4.0 , 4 , 4
0 , 3.02 , 4.0 , 4 , 4
0 , 2.98 , 4.0 , 4 , 4
0 , 2.98 , 4.0 , 4 , 4
0 , 2.98 , 4.0 , 4 , 4
0 , 2.98 , 4.0 , 4 , 4
0 , 2.98 , 4.0 , 4 , 4
0 , 2.98 , 4.0 , 4 , 4
0 , 2.98 , 4.0 , 4 , 4
0 , 2.98 , 4.0 , 4 , 4
0 , 2.98 , 4.0 , 4 , 4
0 , 2.96 , 4.0 , 4 , 4
0 , 2.96 , 4.0 , 4 , 4
0 , 2.96 , 4.0 , 4 , 4
0 , 2.96 , 4.0 , 4 , 4
0 , 2.96 , 4.0 , 4 , 4
0 , 2.96 , 4.0 , 4 , 4
0 , 2.94 , 4.0 , 4 , 4
0 , 2.94 , 4.0 , 4 , 4
0 , 2.94 , 4.0 , 4 , 4
0 , 2.94 , 4.0 , 4 , 4
0 , 2.94 , 4.0 , 4 , 4
0 , 2.94 , 4.0 , 4 , 4
0 , 2.92 , 4.0 , 4 , 4
0 , 2.92 , 4.0 , 4 , 4
0 , 2.92 , 4.0 , 4 , 4
0 , 2.92 , 4.0 , 4 , 4
0 , 2.92 , 4.0 , 4 , 4
0 , 2.92 , 4.0 , 4 , 4
0 , 2.9 , 4.0 , 4 , 4
0 , 2.9 , 4.0 , 4 , 4
0 , 2.88 , 3.0 , 4 , 4
0 , 2.88 , 3.0 , 4 , 4
0 , 2.86 , 2.0 , 4 , 4
0 , 2.86 , 2.0 , 4 , 4
0 , 2.86 , 2.0 , 4 , 4
0 , 2.86 , 2.0 , 4 , 4
0 , 2.86 , 2.0 , 4 , 4
0 , 2.86 , 2.0 , 4 , 4
0 , 2.86 , 2.0 , 4 , 4
0 , 2.86 , 2.0 , 4 , 4
0 , 2.86 , 2.0 , 4 , 4
0 , 2.86 , 2.0 , 4 , 4
0 , 2.86 , 2.0 , 4 , 4
0 , 2.86 , 2.0 , 4 , 4
0 , 2.86 , 2.0 , 4 , 4
0 , 2.86 , 2.0 , 4 , 4
0 , 2.86 , 2.0 , 4 , 4
0 , 2.86 , 2.0 , 4 , 4
0 , 2.84 , 2.0 , 4 , 4
0 , 2.84 , 2.0 , 4 , 4
0 , 2.84 , 2.0 , 4 , 4
0 , 2.84 , 2.0 , 4 , 4
0 , 2.84 , 2.0 , 4 , 4
0 , 2.82 , 2.0 , 2 , 4
0 , 2.8 , 2.0 , 2 , 4
0 , 2.78 , 2.0 , 2 , 4
0 , 2.78 , 2.0 , 2 , 4
0 , 2.78 , 2.0 , 2 , 4
0 , 2.78 , 2.0 , 2 , 4
0 , 2.78 , 2.0 , 2 , 4
0 , 2.78 , 2.0 , 2 , 4
0 , 2.78 , 2.0 , 2 , 4
0 , 2.78 , 2.0 , 2 , 4
0 , 2.78 , 2.0 , 2 , 4
0 , 2.78 , 2.0 , 2 , 4
0 , 2.78 , 2.0 , 2 , 4
0 , 2.78 , 2.0 , 2 , 4
0 , 2.78 , 2.0 , 2 , 4
0 , 2.78 , 2.0 , 2 , 4
0 , 2.78 , 2.0 , 2 , 4
0 , 2.78 , 2.0 , 2 , 4
0 , 2.78 , 2.0 , 2 , 4
0 , 2.78 , 2.0 , 2 , 4
0 , 2.78 , 2.0 , 2 , 4
0 , 2.78 , 2.0 , 2 , 4
0 , 2.78 , 2.0 , 2 , 4
0 , 2.78 , 2.0 , 2 , 4
0 , 2.78 , 2.0 , 2 , 4
0 , 2.78 , 2.0 , 2 , 4
0 , 2.78 , 2.0 , 2 , 4
0 , 2.78 , 2.0 , 2 , 4
0 , 2.78 , 2.0 , 2 , 4
0 , 2.78 , 2.0 , 2 , 4
0 , 2.78 , 2.0 , 2 , 4
0 , 2.78 , 2.0 , 2 , 4
0 , 2.78 , 2.0 , 2 , 4
0 , 2.78 , 2.0 , 2 , 4
0 , 2.78 , 2.0 , 2 , 4
0 , 2.78 , 2.0 , 2 , 4
0 , 2.78 , 2.0 , 2 , 4
0 , 2.78 , 2.0 , 2 , 4
0 , 2.78 , 2.0 , 2 , 4
0 , 2.78 , 2.0 , 2 , 4
0 , 2.78 , 2.0 , 2 , 4
0 , 2.78 , 2.0 , 2 , 4
0 , 2.78 , 2.0 , 2 , 4
0 , 2.78 , 2.0 , 2 , 4
0 , 2.78 , 2.0 , 2 , 4
0 , 2.78 , 2.0 , 2 , 4
0 , 2.78 , 2.0 , 2 , 4
0 , 2.78 , 2.0 , 2 , 4
0 , 2.78 , 2.0 , 2 , 4
0 , 2.78 , 2.0 , 2 , 4
0 , 2.78 , 2.0 , 2 , 4
0 , 2.78 , 2.0 , 2 , 4
0 , 2.78 , 2.0 , 2 , 4
0 , 2.78 , 2.0 , 2 , 4
0 , 2.78 , 2.0 , 2 , 4
0 , 2.78 , 2.0 , 2 , 4
0 , 2.78 , 2.0 , 2 , 4
0 , 2.78 , 2.0 , 2 , 4
0 , 2.78 , 2.0 , 2 , 4
0 , 2.78 , 2.0 , 2 , 4
0 , 2.78 , 2.0 , 2 , 4
0 , 2.78 , 2.0 , 2 , 4
0 , 2.78 , 2.0 , 2 , 4
0 , 2.78 , 2.0 , 2 , 4
0 , 2.78 , 2.0 , 2 , 4
0 , 2.78 , 2.0 , 2 , 4
0 , 2.78 , 2.0 , 2 , 4
0 , 2.78 , 2.0 , 2 , 4
0 , 2.78 , 2.0 , 2 , 4
0 , 2.78 , 2.0 , 2 , 4
0 , 2.76 , 2.0 , 2 , 4
0 , 2.76 , 2.0 , 2 , 4
0 , 2.76 , 2.0 , 2 , 4
0 , 2.76 , 2.0 , 2 , 4
0 , 2.76 , 2.0 , 2 , 4
0 , 2.76 , 2.0 , 2 , 4
0 , 2.76 , 2.0 , 2 , 4
0 , 2.76 , 2.0 , 2 , 4
0 , 2.76 , 2.0 , 2 , 4
0 , 2.76 , 2.0 , 2 , 4
0 , 2.76 , 2.0 , 2 , 4
0 , 2.76 , 2.0 , 2 , 4
0 , 2.76 , 2.0 , 2 , 4
0 , 2.76 , 2.0 , 2 , 4
0 , 2.76 , 2.0 , 2 , 4
0 , 2.76 , 2.0 , 2 , 4
0 , 2.76 , 2.0 , 2 , 4
0 , 2.76 , 2.0 , 2 , 4
0 , 2.76 , 2.0 , 2 , 4
0 , 2.76 , 2.0 , 2 , 4
0 , 2.76 , 2.0 , 2 , 4
0 , 2.72 , 2.0 , 2 , 4
0 , 2.72 , 2.0 , 2 , 4
0 , 2.72 , 2.0 , 2 , 4
0 , 2.72 , 2.0 , 2 , 4
0 , 2.72 , 2.0 , 2 , 4
0 , 2.72 , 2.0 , 2 , 4
0 , 2.72 , 2.0 , 2 , 4
0 , 2.72 , 2.0 , 2 , 4
0 , 2.72 , 2.0 , 2 , 4
0 , 2.72 , 2.0 , 2 , 4
0 , 2.72 , 2.0 , 2 , 4
0 , 2.72 , 2.0 , 2 , 4
0 , 2.72 , 2.0 , 2 , 4
0 , 2.72 , 2.0 , 2 , 4
0 , 2.72 , 2.0 , 2 , 4
0 , 2.72 , 2.0 , 2 , 4
0 , 2.72 , 2.0 , 2 , 4
0 , 2.72 , 2.0 , 2 , 4
0 , 2.72 , 2.0 , 2 , 4
0 , 2.72 , 2.0 , 2 , 4
0 , 2.72 , 2.0 , 2 , 4
0 , 2.72 , 2.0 , 2 , 4
0 , 2.72 , 2.0 , 2 , 4
0 , 2.72 , 2.0 , 2 , 4
0 , 2.72 , 2.0 , 2 , 4
0 , 2.72 , 2.0 , 2 , 4
0 , 2.72 , 2.0 , 2 , 4
0 , 2.72 , 2.0 , 2 , 4
0 , 2.72 , 2.0 , 2 , 4
0 , 2.72 , 2.0 , 2 , 4
0 , 2.72 , 2.0 , 2 , 4
0 , 2.72 , 2.0 , 2 , 4
0 , 2.68 , 2.0 , 2 , 4
0 , 2.68 , 2.0 , 2 , 4
0 , 2.68 , 2.0 , 2 , 4
0 , 2.68 , 2.0 , 2 , 4
0 , 2.68 , 2.0 , 2 , 4
0 , 2.68 , 2.0 , 2 , 4
0 , 2.68 , 2.0 , 2 , 4
0 , 2.68 , 2.0 , 2 , 4
0 , 2.68 , 2.0 , 2 , 4
0 , 2.68 , 2.0 , 2 , 4
0 , 2.68 , 2.0 , 2 , 4
0 , 2.68 , 2.0 , 2 , 4
0 , 2.68 , 2.0 , 2 , 4
0 , 2.66 , 2.0 , 2 , 4
0 , 2.66 , 2.0 , 2 , 4
0 , 2.66 , 2.0 , 2 , 4
0 , 2.64 , 2.0 , 2 , 4
0 , 2.64 , 2.0 , 2 , 4
0 , 2.64 , 2.0 , 2 , 4
0 , 2.64 , 2.0 , 2 , 4
0 , 2.64 , 2.0 , 2 , 4
0 , 2.64 , 2.0 , 2 , 4
0 , 2.64 , 2.0 , 2 , 4
0 , 2.64 , 2.0 , 2 , 4
0 , 2.64 , 2.0 , 2 , 4
0 , 2.64 , 2.0 , 2 , 4
0 , 2.64 , 2.0 , 2 , 4
0 , 2.64 , 2.0 , 2 , 4
0 , 2.64 , 2.0 , 2 , 4
0 , 2.64 , 2.0 , 2 , 4
0 , 2.64 , 2.0 , 2 , 4
0 , 2.64 , 2.0 , 2 , 4
0 , 2.62 , 2.0 , 2 , 4
0 , 2.62 , 2.0 , 2 , 4
0 , 2.62 , 2.0 , 2 , 4
0 , 2.6 , 2.0 , 2 , 4
0 , 2.6 , 2.0 , 2 , 4
0 , 2.6 , 2.0 , 2 , 4
0 , 2.6 , 2.0 , 2 , 4
0 , 2.6 , 2.0 , 2 , 4
0 , 2.6 , 2.0 , 2 , 4
0 , 2.6 , 2.0 , 2 , 4
0 , 2.6 , 2.0 , 2 , 4
0 , 2.6 , 2.0 , 2 , 4
0 , 2.6 , 2.0 , 2 , 4
0 , 2.6 , 2.0 , 2 , 4
0 , 2.6 , 2.0 , 2 , 4
0 , 2.6 , 2.0 , 2 , 4
0 , 2.6 , 2.0 , 2 , 4
0 , 2.6 , 2.0 , 2 , 4
0 , 2.6 , 2.0 , 2 , 4
0 , 2.6 , 2.0 , 2 , 4
0 , 2.6 , 2.0 , 2 , 4
0 , 2.6 , 2.0 , 2 , 4
0 , 2.6 , 2.0 , 2 , 4
0 , 2.6 , 2.0 , 2 , 4
0 , 2.6 , 2.0 , 2 , 4
0 , 2.6 , 2.0 , 2 , 4
0 , 2.6 , 2.0 , 2 , 4
0 , 2.6 , 2.0 , 2 , 4
0 , 2.6 , 2.0 , 2 , 4
0 , 2.6 , 2.0 , 2 , 4
0 , 2.6 , 2.0 , 2 , 4
0 , 2.6 , 2.0 , 2 , 4
0 , 2.6 , 2.0 , 2 , 4
0 , 2.58 , 2.0 , 2 , 4
0 , 2.58 , 2.0 , 2 , 4
0 , 2.58 , 2.0 , 2 , 4
0 , 2.58 , 2.0 , 2 , 4
0 , 2.56 , 2.0 , 2 , 4
0 , 2.56 , 2.0 , 2 , 4
0 , 2.54 , 2.0 , 2 , 4
0 , 2.54 , 2.0 , 2 , 4
0 , 2.54 , 2.0 , 2 , 4
0 , 2.54 , 2.0 , 2 , 4
0 , 2.54 , 2.0 , 2 , 4
0 , 2.54 , 2.0 , 2 , 4
0 , 2.54 , 2.0 , 2 , 4
0 , 2.54 , 2.0 , 2 , 4
0 , 2.54 , 2.0 , 2 , 4
0 , 2.54 , 2.0 , 2 , 4
0 , 2.54 , 2.0 , 2 , 4
0 , 2.54 , 2.0 , 2 , 4
0 , 2.54 , 2.0 , 2 , 4
0 , 2.54 , 2.0 , 2 , 4
0 , 2.54 , 2.0 , 2 , 4
0 , 2.54 , 2.0 , 2 , 4
0 , 2.54 , 2.0 , 2 , 4
0 , 2.54 , 2.0 , 2 , 4
0 , 2.54 , 2.0 , 2 , 4
0 , 2.54 , 2.0 , 2 , 4
0 , 2.54 , 2.0 , 2 , 4
0 , 2.54 , 2.0 , 2 , 4
0 , 2.54 , 2.0 , 2 , 4
0 , 2.54 , 2.0 , 2 , 4
0 , 2.54 , 2.0 , 2 , 4
0 , 2.54 , 2.0 , 2 , 4
0 , 2.54 , 2.0 , 2 , 4
0 , 2.54 , 2.0 , 2 , 4
0 , 2.54 , 2.0 , 2 , 4
0 , 2.54 , 2.0 , 2 , 4
0 , 2.54 , 2.0 , 2 , 4
0 , 2.54 , 2.0 , 2 , 4
0 , 2.54 , 2.0 , 2 , 4
0 , 2.54 , 2.0 , 2 , 4
0 , 2.54 , 2.0 , 2 , 4
0 , 2.54 , 2.0 , 2 , 4
0 , 2.54 , 2.0 , 2 , 4
0 , 2.54 , 2.0 , 2 , 4
0 , 2.54 , 2.0 , 2 , 4
0 , 2.54 , 2.0 , 2 , 4
0 , 2.54 , 2.0 , 2 , 4
0 , 2.54 , 2.0 , 2 , 4
0 , 2.54 , 2.0 , 2 , 4
0 , 2.52 , 2.0 , 2 , 4
0 , 2.52 , 2.0 , 2 , 4
0 , 2.52 , 2.0 , 2 , 4
0 , 2.52 , 2.0 , 2 , 4
0 , 2.52 , 2.0 , 2 , 4
0 , 2.52 , 2.0 , 2 , 4
0 , 2.5 , 2.0 , 2 , 4
0 , 2.5 , 2.0 , 2 , 4
0 , 2.5 , 2.0 , 2 , 4
0 , 2.5 , 2.0 , 2 , 4
0 , 2.5 , 2.0 , 2 , 4
0 , 2.5 , 2.0 , 2 , 4
0 , 2.5 , 2.0 , 2 , 4
0 , 2.5 , 2.0 , 2 , 4
0 , 2.48 , 2.0 , 2 , 4
0 , 2.48 , 2.0 , 2 , 4
0 , 2.48 , 2.0 , 2 , 4
0 , 2.44 , 2.0 , 2 , 4
0 , 2.44 , 2.0 , 2 , 4
0 , 2.44 , 2.0 , 2 , 4
0 , 2.44 , 2.0 , 2 , 4
0 , 2.44 , 2.0 , 2 , 4
0 , 2.44 , 2.0 , 2 , 4
0 , 2.44 , 2.0 , 2 , 4
0 , 2.42 , 2.0 , 2 , 4
0 , 2.42 , 2.0 , 2 , 4
0 , 2.42 , 2.0 , 2 , 4
0 , 2.42 , 2.0 , 2 , 4
0 , 2.42 , 2.0 , 2 , 4
0 , 2.42 , 2.0 , 2 , 4
0 , 2.42 , 2.0 , 2 , 4
0 , 2.42 , 2.0 , 2 , 4
0 , 2.42 , 2.0 , 2 , 4
0 , 2.42 , 2.0 , 2 , 4
0 , 2.42 , 2.0 , 2 , 4
0 , 2.4 , 2.0 , 2 , 4
0 , 2.4 , 2.0 , 2 , 4
0 , 2.4 , 2.0 , 2 , 4
0 , 2.4 , 2.0 , 2 , 4
0 , 2.38 , 2.0 , 2 , 4
0 , 2.38 , 2.0 , 2 , 4
0 , 2.38 , 2.0 , 2 , 4
0 , 2.38 , 2.0 , 2 , 4
0 , 2.38 , 2.0 , 2 , 4
0 , 2.38 , 2.0 , 2 , 4
0 , 2.38 , 2.0 , 2 , 4
0 , 2.38 , 2.0 , 2 , 4
0 , 2.38 , 2.0 , 2 , 4
0 , 2.38 , 2.0 , 2 , 4
0 , 2.38 , 2.0 , 2 , 4
0 , 2.38 , 2.0 , 2 , 4
0 , 2.38 , 2.0 , 2 , 4
0 , 2.38 , 2.0 , 2 , 4
0 , 2.38 , 2.0 , 2 , 4
0 , 2.38 , 2.0 , 2 , 4
0 , 2.38 , 2.0 , 2 , 4
0 , 2.38 , 2.0 , 2 , 4
0 , 2.38 , 2.0 , 2 , 4
0 , 2.38 , 2.0 , 2 , 4
0 , 2.36 , 2.0 , 2 , 4
0 , 2.36 , 2.0 , 2 , 4
0 , 2.36 , 2.0 , 2 , 4
0 , 2.36 , 2.0 , 2 , 4
0 , 2.36 , 2.0 , 2 , 4
0 , 2.34 , 2.0 , 2 , 4
0 , 2.34 , 2.0 , 2 , 4
0 , 2.34 , 2.0 , 2 , 4
0 , 2.34 , 2.0 , 2 , 4
0 , 2.34 , 2.0 , 2 , 4
0 , 2.34 , 2.0 , 2 , 4
0 , 2.34 , 2.0 , 2 , 4
0 , 2.34 , 2.0 , 2 , 4
0 , 2.34 , 2.0 , 2 , 4
0 , 2.34 , 2.0 , 2 , 4
0 , 2.34 , 2.0 , 2 , 4
0 , 2.32 , 2.0 , 2 , 4
0 , 2.32 , 2.0 , 2 , 4
0 , 2.32 , 2.0 , 2 , 4
0 , 2.32 , 2.0 , 2 , 4
0 , 2.32 , 2.0 , 2 , 4
0 , 2.32 , 2.0 , 2 , 4
0 , 2.32 , 2.0 , 2 , 4
0 , 2.32 , 2.0 , 2 , 4
0 , 2.32 , 2.0 , 2 , 4
0 , 2.32 , 2.0 , 2 , 4
0 , 2.32 , 2.0 , 2 , 4
0 , 2.32 , 2.0 , 2 , 4
0 , 2.32 , 2.0 , 2 , 4
0 , 2.32 , 2.0 , 2 , 4
0 , 2.32 , 2.0 , 2 , 4
0 , 2.32 , 2.0 , 2 , 4
0 , 2.32 , 2.0 , 2 , 4
0 , 2.32 , 2.0 , 2 , 4
0 , 2.32 , 2.0 , 2 , 4
0 , 2.32 , 2.0 , 2 , 4
0 , 2.32 , 2.0 , 2 , 4
0 , 2.32 , 2.0 , 2 , 4
0 , 2.32 , 2.0 , 2 , 4
0 , 2.32 , 2.0 , 2 , 4
0 , 2.32 , 2.0 , 2 , 4
0 , 2.3 , 2.0 , 2 , 4
0 , 2.3 , 2.0 , 2 , 4
0 , 2.3 , 2.0 , 2 , 4
0 , 2.3 , 2.0 , 2 , 4
0 , 2.3 , 2.0 , 2 , 4
0 , 2.3 , 2.0 , 2 , 4
0 , 2.3 , 2.0 , 2 , 4
0 , 2.3 , 2.0 , 2 , 4
0 , 2.28 , 2.0 , 2 , 4
0 , 2.28 , 2.0 , 2 , 4
0 , 2.28 , 2.0 , 2 , 4
0 , 2.28 , 2.0 , 2 , 4
0 , 2.28 , 2.0 , 2 , 4
0 , 2.26 , 2.0 , 2 , 4
0 , 2.26 , 2.0 , 2 , 4
0 , 2.26 , 2.0 , 2 , 4
0 , 2.26 , 2.0 , 2 , 4
0 , 2.26 , 2.0 , 2 , 4
0 , 2.26 , 2.0 , 2 , 4
0 , 2.24 , 2.0 , 2 , 4
0 , 2.24 , 2.0 , 2 , 4
0 , 2.24 , 2.0 , 2 , 4
0 , 2.24 , 2.0 , 2 , 4
0 , 2.24 , 2.0 , 2 , 4
0 , 2.24 , 2.0 , 2 , 4
0 , 2.24 , 2.0 , 2 , 4
0 , 2.24 , 2.0 , 2 , 4
0 , 2.24 , 2.0 , 2 , 4
0 , 2.24 , 2.0 , 2 , 4
0 , 2.24 , 2.0 , 2 , 4
0 , 2.24 , 2.0 , 2 , 4
0 , 2.24 , 2.0 , 2 , 4
0 , 2.24 , 2.0 , 2 , 4
0 , 2.24 , 2.0 , 2 , 4
0 , 2.22 , 2.0 , 2 , 4
0 , 2.22 , 2.0 , 2 , 4
0 , 2.2 , 2.0 , 2 , 4
0 , 2.2 , 2.0 , 2 , 4
0 , 2.18 , 2.0 , 2 , 4
0 , 2.18 , 2.0 , 2 , 4
0 , 2.18 , 2.0 , 2 , 4
0 , 2.18 , 2.0 , 2 , 4
0 , 2.18 , 2.0 , 2 , 4
0 , 2.18 , 2.0 , 2 , 4
0 , 2.18 , 2.0 , 2 , 4
0 , 2.16 , 2.0 , 2 , 4
0 , 2.16 , 2.0 , 2 , 4
0 , 2.16 , 2.0 , 2 , 4
0 , 2.14 , 2.0 , 2 , 4
0 , 2.14 , 2.0 , 2 , 4
0 , 2.12 , 2.0 , 2 , 4
0 , 2.12 , 2.0 , 2 , 4
0 , 2.12 , 2.0 , 2 , 4
0 , 2.1 , 2.0 , 2 , 4
0 , 2.1 , 2.0 , 2 , 4
0 , 2.1 , 2.0 , 2 , 4
0 , 2.1 , 2.0 , 2 , 4
0 , 2.06 , 2.0 , 2 , 4
0 , 2.06 , 2.0 , 2 , 4
0 , 2.06 , 2.0 , 2 , 4
0 , 2.06 , 2.0 , 2 , 4
0 , 2.04 , 2.0 , 2 , 4
0 , 2.04 , 2.0 , 2 , 4
0 , 2.04 , 2.0 , 2 , 4
0 , 2.04 , 2.0 , 2 , 4
0 , 2.04 , 2.0 , 2 , 4
0 , 2.04 , 2.0 , 2 , 4
0 , 2.04 , 2.0 , 2 , 4
0 , 2.04 , 2.0 , 2 , 4
0 , 2.04 , 2.0 , 2 , 4
0 , 2.04 , 2.0 , 2 , 4
0 , 2.04 , 2.0 , 2 , 4
0 , 2.02 , 2.0 , 2 , 4
0 , 2.02 , 2.0 , 2 , 4
0 , 2.0 , 2.0 , 2 , 4
0 , 2.0 , 2.0 , 2 , 4
0 , 2.0 , 2.0 , 2 , 4
0 , 2.0 , 2.0 , 2 , 4
0 , 1.98 , 2.0 , 2 , 4
0 , 1.98 , 2.0 , 2 , 4
0 , 1.98 , 2.0 , 2 , 4
0 , 1.98 , 2.0 , 2 , 4
0 , 1.98 , 2.0 , 2 , 4
0 , 1.96 , 2.0 , 2 , 4
0 , 1.94 , 2.0 , 2 , 4
0 , 1.94 , 2.0 , 2 , 4
0 , 1.94 , 2.0 , 2 , 4
0 , 1.94 , 2.0 , 2 , 4
0 , 1.94 , 2.0 , 2 , 4
0 , 1.94 , 2.0 , 2 , 4
0 , 1.94 , 2.0 , 2 , 4
0 , 1.94 , 2.0 , 2 , 4
0 , 1.94 , 2.0 , 2 , 4
0 , 1.92 , 2.0 , 2 , 4
0 , 1.92 , 2.0 , 2 , 4
0 , 1.92 , 2.0 , 2 , 4
0 , 1.92 , 2.0 , 2 , 4
0 , 1.92 , 2.0 , 2 , 4
0 , 1.92 , 2.0 , 2 , 4
0 , 1.92 , 2.0 , 2 , 4
0 , 1.92 , 2.0 , 2 , 4
0 , 1.92 , 2.0 , 2 , 4
0 , 1.92 , 2.0 , 2 , 4
0 , 1.92 , 2.0 , 2 , 4
0 , 1.9 , 2.0 , 2 , 4
0 , 1.9 , 2.0 , 2 , 4
0 , 1.9 , 2.0 , 2 , 4
0 , 1.9 , 2.0 , 2 , 4
0 , 1.88 , 2.0 , 2 , 4
0 , 1.86 , 2.0 , 2 , 4
0 , 1.86 , 2.0 , 2 , 4
0 , 1.86 , 2.0 , 2 , 4
0 , 1.84 , 2.0 , 2 , 4
0 , 1.84 , 2.0 , 2 , 4
0 , 1.84 , 2.0 , 2 , 4
0 , 1.8 , 2.0 , 2 , 4
0 , 1.78 , 2.0 , 2 , 2
0 , 1.78 , 2.0 , 2 , 2
0 , 1.78 , 2.0 , 2 , 2
0 , 1.78 , 2.0 , 2 , 2
0 , 1.78 , 2.0 , 2 , 2
0 , 1.78 , 2.0 , 2 , 2
0 , 1.78 , 2.0 , 2 , 2
0 , 1.78 , 2.0 , 2 , 2
0 , 1.78 , 2.0 , 2 , 2
0 , 1.78 , 2.0 , 2 , 2
0 , 1.78 , 2.0 , 2 , 2
0 , 1.78 , 2.0 , 2 , 2
0 , 1.78 , 2.0 , 2 , 2
0 , 1.78 , 2.0 , 2 , 2
0 , 1.78 , 2.0 , 2 , 2
0 , 1.78 , 2.0 , 2 , 2
0 , 1.78 , 2.0 , 2 , 2
0 , 1.78 , 2.0 , 2 , 2
0 , 1.78 , 2.0 , 2 , 2
0 , 1.78 , 2.0 , 2 , 2
0 , 1.78 , 2.0 , 2 , 2
0 , 1.78 , 2.0 , 2 , 2
0 , 1.78 , 2.0 , 2 , 2
0 , 1.78 , 2.0 , 2 , 2
0 , 1.78 , 2.0 , 2 , 2
0 , 1.78 , 2.0 , 2 , 2
0 , 1.78 , 2.0 , 2 , 2
0 , 1.78 , 2.0 , 2 , 2
0 , 1.78 , 2.0 , 2 , 2
0 , 1.78 , 2.0 , 2 , 2
0 , 1.78 , 2.0 , 2 , 2
0 , 1.78 , 2.0 , 2 , 2
0 , 1.78 , 2.0 , 2 , 2
0 , 1.78 , 2.0 , 2 , 2
0 , 1.78 , 2.0 , 2 , 2
0 , 1.78 , 2.0 , 2 , 2
0 , 1.78 , 2.0 , 2 , 2
0 , 1.78 , 2.0 , 2 , 2
0 , 1.78 , 2.0 , 2 , 2
0 , 1.78 , 2.0 , 2 , 2
0 , 1.78 , 2.0 , 2 , 2
0 , 1.78 , 2.0 , 2 , 2
0 , 1.78 , 2.0 , 2 , 2
0 , 1.78 , 2.0 , 2 , 2
0 , 1.78 , 2.0 , 2 , 2
0 , 1.78 , 2.0 , 2 , 2
0 , 1.78 , 2.0 , 2 , 2
0 , 1.78 , 2.0 , 2 , 2
0 , 1.78 , 2.0 , 2 , 2
0 , 1.78 , 2.0 , 2 , 2
0 , 1.78 , 2.0 , 2 , 2
0 , 1.78 , 2.0 , 2 , 2
0 , 1.78 , 2.0 , 2 , 2
0 , 1.78 , 2.0 , 2 , 2
0 , 1.78 , 2.0 , 2 , 2
0 , 1.78 , 2.0 , 2 , 2
0 , 1.78 , 2.0 , 2 , 2
0 , 1.78 , 2.0 , 2 , 2
0 , 1.78 , 2.0 , 2 , 2
0 , 1.78 , 2.0 , 2 , 2
0 , 1.78 , 2.0 , 2 , 2
0 , 1.78 , 2.0 , 2 , 2
0 , 1.78 , 2.0 , 2 , 2
0 , 1.78 , 2.0 , 2 , 2
0 , 1.78 , 2.0 , 2 , 2
0 , 1.78 , 2.0 , 2 , 2
0 , 1.78 , 2.0 , 2 , 2
0 , 1.78 , 2.0 , 2 , 2
0 , 1.78 , 2.0 , 2 , 2
0 , 1.78 , 2.0 , 2 , 2
0 , 1.78 , 2.0 , 2 , 2
0 , 1.78 , 2.0 , 2 , 2
0 , 1.78 , 2.0 , 2 , 2
0 , 1.78 , 2.0 , 2 , 2
0 , 1.78 , 2.0 , 2 , 2
0 , 1.78 , 2.0 , 2 , 2
0 , 1.78 , 2.0 , 2 , 2
0 , 1.78 , 2.0 , 2 , 2
0 , 1.78 , 2.0 , 2 , 2
0 , 1.78 , 2.0 , 2 , 2
0 , 1.78 , 2.0 , 2 , 2
0 , 1.78 , 2.0 , 2 , 2
0 , 1.78 , 2.0 , 2 , 2
11  Perfect solutions
perfect solution individuals [[4, 0, 3, 5, 7, 1, 6, 2], [4, 2, 7, 3, 6, 0, 5, 1], [5, 7, 1, 3, 0, 6, 4, 2], [1, 4, 6, 0, 2, 7, 5, 3], [3, 6, 0, 7, 4, 1, 5, 2], [2, 5, 3, 0, 7, 4, 6, 1], [2, 7, 3, 6, 0, 5, 1, 4], [3, 6, 2, 7, 1, 4, 0, 5], [3, 0, 4, 7, 1, 6, 2, 5], [3, 6, 0, 7, 4, 1, 5, 2], [2, 4, 1, 7, 0, 6, 3, 5]]
