0 , 9.52 , 10.0 , 8 , 18
0 , 9.28 , 10.0 , 8 , 16
0 , 9.2 , 10.0 , 8 , 16
0 , 9.06 , 10.0 , 8 , 14
0 , 8.94 , 10.0 , 8 , 14
0 , 8.84 , 10.0 , 8 , 14
0 , 8.74 , 8.0 , 8 , 12
0 , 8.66 , 8.0 , 8 , 12
0 , 8.6 , 8.0 , 8 , 12
0 , 8.58 , 8.0 , 8 , 12
0 , 8.48 , 8.0 , 8 , 12
0 , 8.42 , 8.0 , 8 , 12
0 , 8.36 , 8.0 , 8 , 12
0 , 8.3 , 8.0 , 8 , 12
0 , 8.2 , 8.0 , 8 , 12
0 , 8.18 , 8.0 , 8 , 12
0 , 8.12 , 8.0 , 8 , 12
0 , 8.08 , 8.0 , 8 , 12
0 , 8.02 , 8.0 , 8 , 12
0 , 7.94 , 8.0 , 8 , 12
0 , 7.76 , 8.0 , 8 , 12
0 , 7.64 , 8.0 , 8 , 10
0 , 7.6 , 8.0 , 8 , 10
0 , 7.54 , 8.0 , 8 , 10
0 , 7.52 , 8.0 , 8 , 10
0 , 7.46 , 8.0 , 8 , 10
0 , 7.46 , 8.0 , 8 , 10
0 , 7.44 , 8.0 , 8 , 10
0 , 7.38 , 8.0 , 8 , 10
0 , 7.32 , 8.0 , 8 , 10
0 , 7.32 , 8.0 , 8 , 10
0 , 7.3 , 8.0 , 8 , 10
0 , 7.2 , 8.0 , 8 , 10
0 , 7.2 , 8.0 , 8 , 10
0 , 7.12 , 8.0 , 8 , 10
0 , 7.08 , 8.0 , 8 , 10
0 , 6.96 , 8.0 , 8 , 10
0 , 6.88 , 8.0 , 8 , 10
0 , 6.76 , 8.0 , 8 , 10
0 , 6.76 , 8.0 , 8 , 10
0 , 6.76 , 8.0 , 8 , 10
0 , 6.7 , 8.0 , 8 , 10
0 , 6.64 , 8.0 , 8 , 10
0 , 6.58 , 8.0 , 8 , 10
0 , 6.56 , 8.0 , 8 , 10
0 , 6.52 , 8.0 , 8 , 10
0 , 6.48 , 8.0 , 8 , 10
0 , 6.36 , 8.0 , 8 , 10
0 , 6.28 , 6.0 , 8 , 8
0 , 6.28 , 6.0 , 8 , 8
0 , 6.24 , 6.0 , 8 , 8
0 , 6.24 , 6.0 , 8 , 8
0 , 6.22 , 6.0 , 8 , 8
0 , 6.22 , 6.0 , 8 , 8
0 , 6.22 , 6.0 , 8 , 8
0 , 6.22 , 6.0 , 8 , 8
0 , 6.22 , 6.0 , 8 , 8
0 , 6.2 , 6.0 , 8 , 8
0 , 6.2 , 6.0 , 8 , 8
0 , 6.18 , 6.0 , 8 , 8
0 , 6.18 , 6.0 , 8 , 8
0 , 6.18 , 6.0 , 8 , 8
0 , 6.1 , 6.0 , 8 , 8
0 , 6.1 , 6.0 , 8 , 8
0 , 6.1 , 6.0 , 8 , 8
0 , 6.1 , 6.0 , 8 , 8
0 , 6.1 , 6.0 , 8 , 8
0 , 6.04 , 6.0 , 8 , 8
0 , 6.04 , 6.0 , 8 , 8
0 , 6.02 , 6.0 , 8 , 8
0 , 6.0 , 6.0 , 8 , 8
0 , 5.98 , 6.0 , 8 , 8
0 , 5.96 , 6.0 , 8 , 8
0 , 5.94 , 6.0 , 8 , 8
0 , 5.9 , 6.0 , 8 , 8
0 , 5.9 , 6.0 , 8 , 8
0 , 5.9 , 6.0 , 8 , 8
0 , 5.9 , 6.0 , 8 , 8
0 , 5.9 , 6.0 , 8 , 8
0 , 5.86 , 6.0 , 8 , 8
0 , 5.86 , 6.0 , 8 , 8
0 , 5.86 , 6.0 , 8 , 8
0 , 5.82 , 6.0 , 6 , 8
0 , 5.8 , 6.0 , 6 , 8
0 , 5.78 , 6.0 , 6 , 8
0 , 5.74 , 6.0 , 6 , 8
0 , 5.72 , 6.0 , 6 , 8
0 , 5.72 , 6.0 , 6 , 8
0 , 5.64 , 6.0 , 6 , 8
0 , 5.62 , 6.0 , 6 , 8
0 , 5.62 , 6.0 , 6 , 8
0 , 5.6 , 6.0 , 6 , 8
0 , 5.56 , 6.0 , 6 , 8
0 , 5.56 , 6.0 , 6 , 8
0 , 5.52 , 6.0 , 6 , 8
0 , 5.52 , 6.0 , 6 , 8
0 , 5.5 , 6.0 , 6 , 8
0 , 5.46 , 6.0 , 6 , 8
0 , 5.38 , 6.0 , 6 , 8
0 , 5.32 , 6.0 , 6 , 8
0 , 5.26 , 6.0 , 6 , 8
0 , 5.22 , 6.0 , 6 , 8
0 , 5.22 , 6.0 , 6 , 8
0 , 5.22 , 6.0 , 6 , 8
0 , 5.18 , 6.0 , 6 , 8
0 , 5.18 , 6.0 , 6 , 8
0 , 5.18 , 6.0 , 6 , 8
0 , 5.18 , 6.0 , 6 , 8
0 , 5.16 , 6.0 , 6 , 8
0 , 5.16 , 6.0 , 6 , 8
0 , 5.14 , 6.0 , 6 , 8
0 , 5.14 , 6.0 , 6 , 8
0 , 5.1 , 6.0 , 6 , 8
0 , 5.1 , 6.0 , 6 , 8
0 , 5.1 , 6.0 , 6 , 8
0 , 5.08 , 6.0 , 6 , 8
0 , 5.08 , 6.0 , 6 , 8
0 , 5.0 , 6.0 , 6 , 8
0 , 4.92 , 6.0 , 6 , 8
0 , 4.88 , 6.0 , 6 , 8
0 , 4.86 , 6.0 , 6 , 8
0 , 4.84 , 6.0 , 6 , 8
0 , 4.8 , 6.0 , 6 , 8
0 , 4.78 , 6.0 , 6 , 8
0 , 4.78 , 6.0 , 6 , 8
0 , 4.78 , 6.0 , 6 , 8
0 , 4.72 , 6.0 , 6 , 8
0 , 4.7 , 6.0 , 6 , 6
0 , 4.7 , 6.0 , 6 , 6
0 , 4.7 , 6.0 , 6 , 6
0 , 4.7 , 6.0 , 6 , 6
0 , 4.7 , 6.0 , 6 , 6
0 , 4.7 , 6.0 , 6 , 6
0 , 4.7 , 6.0 , 6 , 6
0 , 4.7 , 6.0 , 6 , 6
0 , 4.7 , 6.0 , 6 , 6
0 , 4.68 , 5.0 , 6 , 6
0 , 4.68 , 5.0 , 6 , 6
0 , 4.68 , 5.0 , 6 , 6
0 , 4.66 , 4.0 , 6 , 6
0 , 4.64 , 4.0 , 6 , 6
0 , 4.64 , 4.0 , 6 , 6
0 , 4.64 , 4.0 , 6 , 6
0 , 4.64 , 4.0 , 6 , 6
0 , 4.64 , 4.0 , 6 , 6
0 , 4.64 , 4.0 , 6 , 6
0 , 4.64 , 4.0 , 6 , 6
0 , 4.6 , 4.0 , 6 , 6
0 , 4.6 , 4.0 , 6 , 6
0 , 4.6 , 4.0 , 6 , 6
0 , 4.6 , 4.0 , 6 , 6
0 , 4.6 , 4.0 , 6 , 6
0 , 4.56 , 4.0 , 6 , 6
0 , 4.56 , 4.0 , 6 , 6
0 , 4.52 , 4.0 , 6 , 6
0 , 4.52 , 4.0 , 6 , 6
0 , 4.48 , 4.0 , 6 , 6
0 , 4.44 , 4.0 , 6 , 6
0 , 4.44 , 4.0 , 6 , 6
0 , 4.44 , 4.0 , 6 , 6
0 , 4.44 , 4.0 , 6 , 6
0 , 4.4 , 4.0 , 4 , 6
0 , 4.4 , 4.0 , 4 , 6
0 , 4.4 , 4.0 , 4 , 6
0 , 4.4 , 4.0 , 4 , 6
0 , 4.4 , 4.0 , 4 , 6
0 , 4.38 , 4.0 , 4 , 6
0 , 4.36 , 4.0 , 4 , 6
0 , 4.32 , 4.0 , 4 , 6
0 , 4.32 , 4.0 , 4 , 6
0 , 4.32 , 4.0 , 4 , 6
0 , 4.32 , 4.0 , 4 , 6
0 , 4.32 , 4.0 , 4 , 6
0 , 4.32 , 4.0 , 4 , 6
0 , 4.32 , 4.0 , 4 , 6
0 , 4.28 , 4.0 , 4 , 6
0 , 4.28 , 4.0 , 4 , 6
0 , 4.26 , 4.0 , 4 , 6
0 , 4.26 , 4.0 , 4 , 6
0 , 4.26 , 4.0 , 4 , 6
0 , 4.24 , 4.0 , 4 , 6
0 , 4.24 , 4.0 , 4 , 6
0 , 4.24 , 4.0 , 4 , 6
0 , 4.24 , 4.0 , 4 , 6
0 , 4.24 , 4.0 , 4 , 6
0 , 4.24 , 4.0 , 4 , 6
0 , 4.24 , 4.0 , 4 , 6
0 , 4.24 , 4.0 , 4 , 6
0 , 4.24 , 4.0 , 4 , 6
0 , 4.24 , 4.0 , 4 , 6
0 , 4.24 , 4.0 , 4 , 6
0 , 4.2 , 4.0 , 4 , 6
0 , 4.2 , 4.0 , 4 , 6
0 , 4.2 , 4.0 , 4 , 6
0 , 4.2 , 4.0 , 4 , 6
0 , 4.16 , 4.0 , 4 , 6
0 , 4.16 , 4.0 , 4 , 6
0 , 4.16 , 4.0 , 4 , 6
0 , 4.16 , 4.0 , 4 , 6
0 , 4.16 , 4.0 , 4 , 6
0 , 4.16 , 4.0 , 4 , 6
0 , 4.16 , 4.0 , 4 , 6
0 , 4.16 , 4.0 , 4 , 6
0 , 4.16 , 4.0 , 4 , 6
0 , 4.12 , 4.0 , 4 , 6
0 , 4.1 , 4.0 , 4 , 6
0 , 4.1 , 4.0 , 4 , 6
0 , 4.1 , 4.0 , 4 , 6
0 , 4.1 , 4.0 , 4 , 6
0 , 4.1 , 4.0 , 4 , 6
0 , 4.06 , 4.0 , 4 , 6
0 , 4.06 , 4.0 , 4 , 6
0 , 4.06 , 4.0 , 4 , 6
0 , 4.06 , 4.0 , 4 , 6
0 , 4.06 , 4.0 , 4 , 6
0 , 4.06 , 4.0 , 4 , 6
0 , 4.06 , 4.0 , 4 , 6
0 , 4.06 , 4.0 , 4 , 6
0 , 4.06 , 4.0 , 4 , 6
0 , 4.06 , 4.0 , 4 , 6
0 , 4.06 , 4.0 , 4 , 6
0 , 4.06 , 4.0 , 4 , 6
0 , 4.06 , 4.0 , 4 , 6
0 , 4.04 , 4.0 , 4 , 6
0 , 4.0 , 4.0 , 4 , 6
0 , 4.0 , 4.0 , 4 , 6
0 , 3.98 , 4.0 , 4 , 6
0 , 3.98 , 4.0 , 4 , 6
0 , 3.96 , 4.0 , 4 , 6
0 , 3.96 , 4.0 , 4 , 6
0 , 3.96 , 4.0 , 4 , 6
0 , 3.96 , 4.0 , 4 , 6
0 , 3.96 , 4.0 , 4 , 6
0 , 3.96 , 4.0 , 4 , 6
0 , 3.96 , 4.0 , 4 , 6
0 , 3.94 , 4.0 , 4 , 6
0 , 3.92 , 4.0 , 4 , 6
0 , 3.92 , 4.0 , 4 , 6
0 , 3.92 , 4.0 , 4 , 6
0 , 3.92 , 4.0 , 4 , 6
0 , 3.9 , 4.0 , 4 , 6
0 , 3.9 , 4.0 , 4 , 6
0 , 3.86 , 4.0 , 4 , 6
0 , 3.82 , 4.0 , 4 , 6
0 , 3.8 , 4.0 , 4 , 6
0 , 3.8 , 4.0 , 4 , 6
0 , 3.8 , 4.0 , 4 , 6
0 , 3.8 , 4.0 , 4 , 6
0 , 3.8 , 4.0 , 4 , 6
0 , 3.8 , 4.0 , 4 , 6
0 , 3.8 , 4.0 , 4 , 6
0 , 3.8 , 4.0 , 4 , 6
0 , 3.76 , 4.0 , 4 , 6
0 , 3.76 , 4.0 , 4 , 6
0 , 3.76 , 4.0 , 4 , 6
0 , 3.74 , 4.0 , 4 , 6
0 , 3.7 , 4.0 , 4 , 6
0 , 3.7 , 4.0 , 4 , 6
0 , 3.66 , 4.0 , 4 , 6
0 , 3.66 , 4.0 , 4 , 6
0 , 3.66 , 4.0 , 4 , 6
0 , 3.66 , 4.0 , 4 , 6
0 , 3.64 , 4.0 , 4 , 6
0 , 3.64 , 4.0 , 4 , 6
0 , 3.64 , 4.0 , 4 , 6
0 , 3.64 , 4.0 , 4 , 6
0 , 3.64 , 4.0 , 4 , 6
0 , 3.64 , 4.0 , 4 , 6
0 , 3.64 , 4.0 , 4 , 6
0 , 3.64 , 4.0 , 4 , 6
0 , 3.64 , 4.0 , 4 , 6
0 , 3.64 , 4.0 , 4 , 6
0 , 3.64 , 4.0 , 4 , 6
0 , 3.64 , 4.0 , 4 , 6
0 , 3.64 , 4.0 , 4 , 6
0 , 3.58 , 4.0 , 4 , 6
0 , 3.58 , 4.0 , 4 , 6
0 , 3.58 , 4.0 , 4 , 6
0 , 3.58 , 4.0 , 4 , 6
0 , 3.58 , 4.0 , 4 , 6
0 , 3.56 , 4.0 , 4 , 6
0 , 3.56 , 4.0 , 4 , 6
0 , 3.56 , 4.0 , 4 , 6
0 , 3.56 , 4.0 , 4 , 6
0 , 3.56 , 4.0 , 4 , 6
0 , 3.54 , 4.0 , 4 , 6
0 , 3.52 , 4.0 , 4 , 6
0 , 3.52 , 4.0 , 4 , 6
0 , 3.52 , 4.0 , 4 , 6
0 , 3.52 , 4.0 , 4 , 6
0 , 3.48 , 4.0 , 4 , 6
0 , 3.48 , 4.0 , 4 , 6
0 , 3.48 , 4.0 , 4 , 6
0 , 3.48 , 4.0 , 4 , 6
0 , 3.48 , 4.0 , 4 , 6
0 , 3.48 , 4.0 , 4 , 6
0 , 3.48 , 4.0 , 4 , 6
0 , 3.48 , 4.0 , 4 , 6
0 , 3.46 , 4.0 , 4 , 6
0 , 3.46 , 4.0 , 4 , 6
0 , 3.46 , 4.0 , 4 , 6
0 , 3.44 , 4.0 , 4 , 6
0 , 3.44 , 4.0 , 4 , 6
0 , 3.44 , 4.0 , 4 , 6
0 , 3.44 , 4.0 , 4 , 6
0 , 3.44 , 4.0 , 4 , 6
0 , 3.44 , 4.0 , 4 , 6
0 , 3.4 , 4.0 , 4 , 6
0 , 3.4 , 4.0 , 4 , 6
0 , 3.4 , 4.0 , 4 , 6
0 , 3.4 , 4.0 , 4 , 6
0 , 3.4 , 4.0 , 4 , 6
0 , 3.38 , 4.0 , 4 , 6
0 , 3.36 , 4.0 , 4 , 6
0 , 3.36 , 4.0 , 4 , 6
0 , 3.32 , 4.0 , 4 , 6
0 , 3.32 , 4.0 , 4 , 6
0 , 3.26 , 4.0 , 4 , 6
0 , 3.22 , 4.0 , 4 , 6
0 , 3.22 , 4.0 , 4 , 6
0 , 3.2 , 4.0 , 4 , 4
0 , 3.2 , 4.0 , 4 , 4
0 , 3.2 , 4.0 , 4 , 4
0 , 3.2 , 4.0 , 4 , 4
0 , 3.2 , 4.0 , 4 , 4
0 , 3.2 , 4.0 , 4 , 4
0 , 3.2 , 4.0 , 4 , 4
0 , 3.2 , 4.0 , 4 , 4
0 , 3.2 , 4.0 , 4 , 4
0 , 3.2 , 4.0 , 4 , 4
0 , 3.2 , 4.0 , 4 , 4
0 , 3.2 , 4.0 , 4 , 4
0 , 3.2 , 4.0 , 4 , 4
0 , 3.2 , 4.0 , 4 , 4
0 , 3.2 , 4.0 , 4 , 4
0 , 3.2 , 4.0 , 4 , 4
0 , 3.2 , 4.0 , 4 , 4
0 , 3.2 , 4.0 , 4 , 4
0 , 3.2 , 4.0 , 4 , 4
0 , 3.2 , 4.0 , 4 , 4
0 , 3.2 , 4.0 , 4 , 4
0 , 3.2 , 4.0 , 4 , 4
0 , 3.2 , 4.0 , 4 , 4
0 , 3.2 , 4.0 , 4 , 4
0 , 3.2 , 4.0 , 4 , 4
0 , 3.2 , 4.0 , 4 , 4
0 , 3.2 , 4.0 , 4 , 4
0 , 3.2 , 4.0 , 4 , 4
0 , 3.2 , 4.0 , 4 , 4
0 , 3.2 , 4.0 , 4 , 4
0 , 3.2 , 4.0 , 4 , 4
0 , 3.2 , 4.0 , 4 , 4
0 , 3.2 , 4.0 , 4 , 4
0 , 3.2 , 4.0 , 4 , 4
0 , 3.2 , 4.0 , 4 , 4
0 , 3.18 , 4.0 , 4 , 4
0 , 3.18 , 4.0 , 4 , 4
0 , 3.18 , 4.0 , 4 , 4
0 , 3.18 , 4.0 , 4 , 4
0 , 3.18 , 4.0 , 4 , 4
0 , 3.18 , 4.0 , 4 , 4
0 , 3.18 , 4.0 , 4 , 4
0 , 3.18 , 4.0 , 4 , 4
0 , 3.18 , 4.0 , 4 , 4
0 , 3.18 , 4.0 , 4 , 4
0 , 3.18 , 4.0 , 4 , 4
0 , 3.18 , 4.0 , 4 , 4
0 , 3.18 , 4.0 , 4 , 4
0 , 3.18 , 4.0 , 4 , 4
0 , 3.18 , 4.0 , 4 , 4
0 , 3.18 , 4.0 , 4 , 4
0 , 3.18 , 4.0 , 4 , 4
0 , 3.18 , 4.0 , 4 , 4
0 , 3.18 , 4.0 , 4 , 4
0 , 3.18 , 4.0 , 4 , 4
0 , 3.18 , 4.0 , 4 , 4
0 , 3.18 , 4.0 , 4 , 4
0 , 3.18 , 4.0 , 4 , 4
0 , 3.18 , 4.0 , 4 , 4
0 , 3.18 , 4.0 , 4 , 4
0 , 3.18 , 4.0 , 4 , 4
0 , 3.18 , 4.0 , 4 , 4
0 , 3.18 , 4.0 , 4 , 4
0 , 3.18 , 4.0 , 4 , 4
0 , 3.18 , 4.0 , 4 , 4
0 , 3.18 , 4.0 , 4 , 4
0 , 3.18 , 4.0 , 4 , 4
0 , 3.18 , 4.0 , 4 , 4
0 , 3.18 , 4.0 , 4 , 4
0 , 3.18 , 4.0 , 4 , 4
0 , 3.18 , 4.0 , 4 , 4
0 , 3.18 , 4.0 , 4 , 4
0 , 3.14 , 4.0 , 4 , 4
0 , 3.14 , 4.0 , 4 , 4
0 , 3.12 , 4.0 , 4 , 4
0 , 3.12 , 4.0 , 4 , 4
0 , 3.12 , 4.0 , 4 , 4
0 , 3.12 , 4.0 , 4 , 4
0 , 3.12 , 4.0 , 4 , 4
0 , 3.12 , 4.0 , 4 , 4
0 , 3.12 , 4.0 , 4 , 4
0 , 3.12 , 4.0 , 4 , 4
0 , 3.12 , 4.0 , 4 , 4
0 , 3.12 , 4.0 , 4 , 4
0 , 3.12 , 4.0 , 4 , 4
0 , 3.08 , 4.0 , 4 , 4
0 , 3.08 , 4.0 , 4 , 4
0 , 3.08 , 4.0 , 4 , 4
0 , 3.06 , 4.0 , 4 , 4
0 , 3.06 , 4.0 , 4 , 4
0 , 3.06 , 4.0 , 4 , 4
0 , 3.06 , 4.0 , 4 , 4
0 , 3.06 , 4.0 , 4 , 4
0 , 3.06 , 4.0 , 4 , 4
0 , 3.06 , 4.0 , 4 , 4
0 , 3.06 , 4.0 , 4 , 4
0 , 3.06 , 4.0 , 4 , 4
0 , 3.06 , 4.0 , 4 , 4
0 , 3.04 , 4.0 , 4 , 4
0 , 3.04 , 4.0 , 4 , 4
0 , 3.04 , 4.0 , 4 , 4
0 , 3.04 , 4.0 , 4 , 4
0 , 3.04 , 4.0 , 4 , 4
0 , 3.04 , 4.0 , 4 , 4
0 , 3.04 , 4.0 , 4 , 4
0 , 3.04 , 4.0 , 4 , 4
0 , 3.0 , 4.0 , 4 , 4
0 , 3.0 , 4.0 , 4 , 4
0 , 2.98 , 4.0 , 4 , 4
0 , 2.96 , 4.0 , 4 , 4
0 , 2.96 , 4.0 , 4 , 4
0 , 2.96 , 4.0 , 4 , 4
0 , 2.96 , 4.0 , 4 , 4
0 , 2.96 , 4.0 , 4 , 4
0 , 2.92 , 4.0 , 4 , 4
0 , 2.92 , 4.0 , 4 , 4
0 , 2.9 , 4.0 , 4 , 4
0 , 2.9 , 4.0 , 4 , 4
0 , 2.9 , 4.0 , 4 , 4
0 , 2.9 , 4.0 , 4 , 4
0 , 2.9 , 4.0 , 4 , 4
0 , 2.9 , 4.0 , 4 , 4
0 , 2.9 , 4.0 , 4 , 4
0 , 2.9 , 4.0 , 4 , 4
0 , 2.9 , 4.0 , 4 , 4
0 , 2.9 , 4.0 , 4 , 4
0 , 2.88 , 4.0 , 4 , 4
0 , 2.88 , 4.0 , 4 , 4
0 , 2.88 , 4.0 , 4 , 4
0 , 2.88 , 4.0 , 4 , 4
0 , 2.88 , 4.0 , 4 , 4
0 , 2.88 , 4.0 , 4 , 4
0 , 2.88 , 4.0 , 4 , 4
0 , 2.88 , 4.0 , 4 , 4
0 , 2.88 , 4.0 , 4 , 4
0 , 2.88 , 4.0 , 4 , 4
0 , 2.86 , 4.0 , 4 , 4
0 , 2.86 , 4.0 , 4 , 4
0 , 2.86 , 4.0 , 4 , 4
0 , 2.86 , 4.0 , 4 , 4
0 , 2.86 , 4.0 , 4 , 4
0 , 2.86 , 4.0 , 4 , 4
0 , 2.86 , 4.0 , 4 , 4
0 , 2.86 , 4.0 , 4 , 4
0 , 2.86 , 4.0 , 4 , 4
0 , 2.86 , 4.0 , 4 , 4
0 , 2.86 , 4.0 , 4 , 4
0 , 2.86 , 4.0 , 4 , 4
0 , 2.86 , 4.0 , 4 , 4
0 , 2.86 , 4.0 , 4 , 4
0 , 2.86 , 4.0 , 4 , 4
0 , 2.86 , 4.0 , 4 , 4
0 , 2.86 , 4.0 , 4 , 4
0 , 2.86 , 4.0 , 4 , 4
0 , 2.86 , 4.0 , 4 , 4
0 , 2.84 , 3.0 , 4 , 4
0 , 2.84 , 3.0 , 4 , 4
0 , 2.8 , 2.0 , 4 , 4
0 , 2.8 , 2.0 , 4 , 4
0 , 2.8 , 2.0 , 4 , 4
0 , 2.8 , 2.0 , 4 , 4
0 , 2.8 , 2.0 , 4 , 4
0 , 2.8 , 2.0 , 4 , 4
0 , 2.8 , 2.0 , 4 , 4
0 , 2.8 , 2.0 , 4 , 4
0 , 2.8 , 2.0 , 4 , 4
0 , 2.8 , 2.0 , 4 , 4
0 , 2.8 , 2.0 , 4 , 4
0 , 2.8 , 2.0 , 4 , 4
0 , 2.8 , 2.0 , 4 , 4
0 , 2.8 , 2.0 , 4 , 4
0 , 2.78 , 2.0 , 4 , 4
0 , 2.78 , 2.0 , 4 , 4
0 , 2.78 , 2.0 , 4 , 4
0 , 2.78 , 2.0 , 4 , 4
0 , 2.78 , 2.0 , 4 , 4
0 , 2.78 , 2.0 , 4 , 4
0 , 2.78 , 2.0 , 4 , 4
0 , 2.78 , 2.0 , 4 , 4
0 , 2.76 , 2.0 , 4 , 4
0 , 2.76 , 2.0 , 4 , 4
0 , 2.76 , 2.0 , 4 , 4
0 , 2.76 , 2.0 , 4 , 4
0 , 2.76 , 2.0 , 4 , 4
0 , 2.76 , 2.0 , 4 , 4
0 , 2.76 , 2.0 , 4 , 4
0 , 2.76 , 2.0 , 4 , 4
0 , 2.76 , 2.0 , 4 , 4
0 , 2.74 , 2.0 , 4 , 4
0 , 2.74 , 2.0 , 4 , 4
0 , 2.74 , 2.0 , 4 , 4
0 , 2.74 , 2.0 , 4 , 4
0 , 2.74 , 2.0 , 4 , 4
0 , 2.74 , 2.0 , 4 , 4
0 , 2.7 , 2.0 , 2 , 4
0 , 2.7 , 2.0 , 2 , 4
0 , 2.7 , 2.0 , 2 , 4
0 , 2.7 , 2.0 , 2 , 4
0 , 2.7 , 2.0 , 2 , 4
0 , 2.7 , 2.0 , 2 , 4
0 , 2.7 , 2.0 , 2 , 4
0 , 2.7 , 2.0 , 2 , 4
0 , 2.7 , 2.0 , 2 , 4
0 , 2.7 , 2.0 , 2 , 4
0 , 2.7 , 2.0 , 2 , 4
0 , 2.7 , 2.0 , 2 , 4
0 , 2.7 , 2.0 , 2 , 4
0 , 2.7 , 2.0 , 2 , 4
0 , 2.7 , 2.0 , 2 , 4
0 , 2.7 , 2.0 , 2 , 4
0 , 2.7 , 2.0 , 2 , 4
0 , 2.7 , 2.0 , 2 , 4
0 , 2.7 , 2.0 , 2 , 4
0 , 2.7 , 2.0 , 2 , 4
0 , 2.7 , 2.0 , 2 , 4
0 , 2.7 , 2.0 , 2 , 4
0 , 2.7 , 2.0 , 2 , 4
0 , 2.7 , 2.0 , 2 , 4
0 , 2.7 , 2.0 , 2 , 4
0 , 2.7 , 2.0 , 2 , 4
0 , 2.68 , 2.0 , 2 , 4
0 , 2.68 , 2.0 , 2 , 4
0 , 2.68 , 2.0 , 2 , 4
0 , 2.68 , 2.0 , 2 , 4
0 , 2.68 , 2.0 , 2 , 4
0 , 2.68 , 2.0 , 2 , 4
0 , 2.68 , 2.0 , 2 , 4
0 , 2.68 , 2.0 , 2 , 4
0 , 2.68 , 2.0 , 2 , 4
0 , 2.68 , 2.0 , 2 , 4
0 , 2.68 , 2.0 , 2 , 4
0 , 2.68 , 2.0 , 2 , 4
0 , 2.66 , 2.0 , 2 , 4
0 , 2.66 , 2.0 , 2 , 4
0 , 2.66 , 2.0 , 2 , 4
0 , 2.64 , 2.0 , 2 , 4
0 , 2.64 , 2.0 , 2 , 4
0 , 2.64 , 2.0 , 2 , 4
0 , 2.64 , 2.0 , 2 , 4
0 , 2.64 , 2.0 , 2 , 4
0 , 2.64 , 2.0 , 2 , 4
0 , 2.6 , 2.0 , 2 , 4
0 , 2.6 , 2.0 , 2 , 4
0 , 2.6 , 2.0 , 2 , 4
0 , 2.6 , 2.0 , 2 , 4
0 , 2.6 , 2.0 , 2 , 4
0 , 2.58 , 2.0 , 2 , 4
0 , 2.54 , 2.0 , 2 , 4
0 , 2.52 , 2.0 , 2 , 4
0 , 2.52 , 2.0 , 2 , 4
0 , 2.52 , 2.0 , 2 , 4
0 , 2.52 , 2.0 , 2 , 4
0 , 2.5 , 2.0 , 2 , 4
0 , 2.5 , 2.0 , 2 , 4
0 , 2.5 , 2.0 , 2 , 4
0 , 2.5 , 2.0 , 2 , 4
0 , 2.5 , 2.0 , 2 , 4
0 , 2.5 , 2.0 , 2 , 4
0 , 2.5 , 2.0 , 2 , 4
0 , 2.5 , 2.0 , 2 , 4
0 , 2.5 , 2.0 , 2 , 4
0 , 2.5 , 2.0 , 2 , 4
0 , 2.5 , 2.0 , 2 , 4
0 , 2.5 , 2.0 , 2 , 4
0 , 2.5 , 2.0 , 2 , 4
0 , 2.5 , 2.0 , 2 , 4
0 , 2.5 , 2.0 , 2 , 4
0 , 2.5 , 2.0 , 2 , 4
0 , 2.5 , 2.0 , 2 , 4
0 , 2.5 , 2.0 , 2 , 4
0 , 2.5 , 2.0 , 2 , 4
0 , 2.48 , 2.0 , 2 , 4
0 , 2.48 , 2.0 , 2 , 4
0 , 2.48 , 2.0 , 2 , 4
0 , 2.48 , 2.0 , 2 , 4
0 , 2.48 , 2.0 , 2 , 4
0 , 2.48 , 2.0 , 2 , 4
0 , 2.48 , 2.0 , 2 , 4
0 , 2.48 , 2.0 , 2 , 4
0 , 2.48 , 2.0 , 2 , 4
0 , 2.48 , 2.0 , 2 , 4
0 , 2.48 , 2.0 , 2 , 4
0 , 2.48 , 2.0 , 2 , 4
0 , 2.48 , 2.0 , 2 , 4
0 , 2.48 , 2.0 , 2 , 4
0 , 2.48 , 2.0 , 2 , 4
0 , 2.48 , 2.0 , 2 , 4
0 , 2.48 , 2.0 , 2 , 4
0 , 2.48 , 2.0 , 2 , 4
0 , 2.48 , 2.0 , 2 , 4
0 , 2.48 , 2.0 , 2 , 4
0 , 2.44 , 2.0 , 2 , 4
0 , 2.44 , 2.0 , 2 , 4
0 , 2.44 , 2.0 , 2 , 4
0 , 2.44 , 2.0 , 2 , 4
0 , 2.44 , 2.0 , 2 , 4
0 , 2.44 , 2.0 , 2 , 4
0 , 2.44 , 2.0 , 2 , 4
0 , 2.44 , 2.0 , 2 , 4
0 , 2.44 , 2.0 , 2 , 4
0 , 2.44 , 2.0 , 2 , 4
0 , 2.44 , 2.0 , 2 , 4
0 , 2.44 , 2.0 , 2 , 4
0 , 2.44 , 2.0 , 2 , 4
0 , 2.44 , 2.0 , 2 , 4
0 , 2.44 , 2.0 , 2 , 4
0 , 2.44 , 2.0 , 2 , 4
0 , 2.44 , 2.0 , 2 , 4
0 , 2.44 , 2.0 , 2 , 4
0 , 2.44 , 2.0 , 2 , 4
0 , 2.44 , 2.0 , 2 , 4
0 , 2.44 , 2.0 , 2 , 4
0 , 2.44 , 2.0 , 2 , 4
0 , 2.44 , 2.0 , 2 , 4
0 , 2.42 , 2.0 , 2 , 4
0 , 2.42 , 2.0 , 2 , 4
0 , 2.42 , 2.0 , 2 , 4
0 , 2.42 , 2.0 , 2 , 4
0 , 2.42 , 2.0 , 2 , 4
0 , 2.42 , 2.0 , 2 , 4
0 , 2.42 , 2.0 , 2 , 4
0 , 2.42 , 2.0 , 2 , 4
0 , 2.42 , 2.0 , 2 , 4
0 , 2.42 , 2.0 , 2 , 4
0 , 2.42 , 2.0 , 2 , 4
0 , 2.42 , 2.0 , 2 , 4
0 , 2.42 , 2.0 , 2 , 4
0 , 2.42 , 2.0 , 2 , 4
0 , 2.42 , 2.0 , 2 , 4
0 , 2.42 , 2.0 , 2 , 4
0 , 2.42 , 2.0 , 2 , 4
0 , 2.42 , 2.0 , 2 , 4
0 , 2.42 , 2.0 , 2 , 4
0 , 2.42 , 2.0 , 2 , 4
0 , 2.42 , 2.0 , 2 , 4
0 , 2.42 , 2.0 , 2 , 4
0 , 2.42 , 2.0 , 2 , 4
0 , 2.42 , 2.0 , 2 , 4
0 , 2.42 , 2.0 , 2 , 4
0 , 2.42 , 2.0 , 2 , 4
0 , 2.42 , 2.0 , 2 , 4
0 , 2.42 , 2.0 , 2 , 4
0 , 2.42 , 2.0 , 2 , 4
0 , 2.42 , 2.0 , 2 , 4
0 , 2.42 , 2.0 , 2 , 4
0 , 2.42 , 2.0 , 2 , 4
0 , 2.42 , 2.0 , 2 , 4
0 , 2.4 , 2.0 , 2 , 4
0 , 2.4 , 2.0 , 2 , 4
0 , 2.38 , 2.0 , 2 , 4
0 , 2.38 , 2.0 , 2 , 4
0 , 2.36 , 2.0 , 2 , 4
0 , 2.36 , 2.0 , 2 , 4
0 , 2.36 , 2.0 , 2 , 4
0 , 2.36 , 2.0 , 2 , 4
0 , 2.36 , 2.0 , 2 , 4
0 , 2.36 , 2.0 , 2 , 4
0 , 2.36 , 2.0 , 2 , 4
0 , 2.36 , 2.0 , 2 , 4
0 , 2.34 , 2.0 , 2 , 4
0 , 2.34 , 2.0 , 2 , 4
0 , 2.34 , 2.0 , 2 , 4
0 , 2.34 , 2.0 , 2 , 4
0 , 2.3 , 2.0 , 2 , 4
0 , 2.3 , 2.0 , 2 , 4
0 , 2.3 , 2.0 , 2 , 4
0 , 2.3 , 2.0 , 2 , 4
0 , 2.3 , 2.0 , 2 , 4
0 , 2.3 , 2.0 , 2 , 4
0 , 2.3 , 2.0 , 2 , 4
0 , 2.3 , 2.0 , 2 , 4
0 , 2.3 , 2.0 , 2 , 4
0 , 2.28 , 2.0 , 2 , 4
0 , 2.28 , 2.0 , 2 , 4
0 , 2.28 , 2.0 , 2 , 4
0 , 2.28 , 2.0 , 2 , 4
0 , 2.26 , 2.0 , 2 , 4
0 , 2.26 , 2.0 , 2 , 4
0 , 2.26 , 2.0 , 2 , 4
0 , 2.26 , 2.0 , 2 , 4
0 , 2.26 , 2.0 , 2 , 4
0 , 2.26 , 2.0 , 2 , 4
0 , 2.26 , 2.0 , 2 , 4
0 , 2.26 , 2.0 , 2 , 4
0 , 2.26 , 2.0 , 2 , 4
0 , 2.26 , 2.0 , 2 , 4
0 , 2.26 , 2.0 , 2 , 4
0 , 2.26 , 2.0 , 2 , 4
0 , 2.24 , 2.0 , 2 , 4
0 , 2.22 , 2.0 , 2 , 4
0 , 2.22 , 2.0 , 2 , 4
0 , 2.18 , 2.0 , 2 , 4
0 , 2.18 , 2.0 , 2 , 4
0 , 2.18 , 2.0 , 2 , 4
0 , 2.18 , 2.0 , 2 , 4
0 , 2.18 , 2.0 , 2 , 4
0 , 2.18 , 2.0 , 2 , 4
0 , 2.18 , 2.0 , 2 , 4
0 , 2.18 , 2.0 , 2 , 4
0 , 2.18 , 2.0 , 2 , 4
0 , 2.18 , 2.0 , 2 , 4
0 , 2.18 , 2.0 , 2 , 4
0 , 2.18 , 2.0 , 2 , 4
0 , 2.16 , 2.0 , 2 , 4
0 , 2.16 , 2.0 , 2 , 4
0 , 2.16 , 2.0 , 2 , 4
0 , 2.16 , 2.0 , 2 , 4
0 , 2.16 , 2.0 , 2 , 4
0 , 2.16 , 2.0 , 2 , 4
0 , 2.16 , 2.0 , 2 , 4
0 , 2.16 , 2.0 , 2 , 4
0 , 2.14 , 2.0 , 2 , 4
0 , 2.14 , 2.0 , 2 , 4
0 , 2.14 , 2.0 , 2 , 4
0 , 2.14 , 2.0 , 2 , 4
0 , 2.14 , 2.0 , 2 , 4
0 , 2.14 , 2.0 , 2 , 4
0 , 2.14 , 2.0 , 2 , 4
0 , 2.14 , 2.0 , 2 , 4
0 , 2.12 , 2.0 , 2 , 4
0 , 2.12 , 2.0 , 2 , 4
0 , 2.12 , 2.0 , 2 , 4
0 , 2.12 , 2.0 , 2 , 4
0 , 2.12 , 2.0 , 2 , 4
0 , 2.12 , 2.0 , 2 , 4
0 , 2.12 , 2.0 , 2 , 4
0 , 2.12 , 2.0 , 2 , 4
0 , 2.12 , 2.0 , 2 , 4
0 , 2.12 , 2.0 , 2 , 4
0 , 2.12 , 2.0 , 2 , 4
0 , 2.12 , 2.0 , 2 , 4
0 , 2.12 , 2.0 , 2 , 4
0 , 2.12 , 2.0 , 2 , 4
0 , 2.1 , 2.0 , 2 , 4
0 , 2.1 , 2.0 , 2 , 4
0 , 2.1 , 2.0 , 2 , 4
0 , 2.1 , 2.0 , 2 , 4
0 , 2.1 , 2.0 , 2 , 4
0 , 2.1 , 2.0 , 2 , 4
0 , 2.1 , 2.0 , 2 , 4
0 , 2.1 , 2.0 , 2 , 4
0 , 2.1 , 2.0 , 2 , 4
0 , 2.1 , 2.0 , 2 , 4
0 , 2.1 , 2.0 , 2 , 4
0 , 2.1 , 2.0 , 2 , 4
0 , 2.08 , 2.0 , 2 , 4
0 , 2.08 , 2.0 , 2 , 4
0 , 2.08 , 2.0 , 2 , 4
0 , 2.08 , 2.0 , 2 , 4
0 , 2.08 , 2.0 , 2 , 4
0 , 2.08 , 2.0 , 2 , 4
0 , 2.08 , 2.0 , 2 , 4
0 , 2.08 , 2.0 , 2 , 4
0 , 2.08 , 2.0 , 2 , 4
0 , 2.08 , 2.0 , 2 , 4
0 , 2.08 , 2.0 , 2 , 4
0 , 2.08 , 2.0 , 2 , 4
0 , 2.08 , 2.0 , 2 , 4
0 , 2.08 , 2.0 , 2 , 4
0 , 2.08 , 2.0 , 2 , 4
0 , 2.08 , 2.0 , 2 , 4
0 , 2.08 , 2.0 , 2 , 4
0 , 2.08 , 2.0 , 2 , 4
0 , 2.06 , 2.0 , 2 , 4
0 , 2.04 , 2.0 , 2 , 4
0 , 2.02 , 2.0 , 2 , 4
0 , 2.02 , 2.0 , 2 , 4
0 , 2.0 , 2.0 , 2 , 4
0 , 2.0 , 2.0 , 2 , 4
0 , 2.0 , 2.0 , 2 , 4
0 , 1.98 , 2.0 , 2 , 4
0 , 1.98 , 2.0 , 2 , 4
0 , 1.96 , 2.0 , 2 , 4
0 , 1.96 , 2.0 , 2 , 4
0 , 1.96 , 2.0 , 2 , 4
0 , 1.96 , 2.0 , 2 , 4
0 , 1.96 , 2.0 , 2 , 4
0 , 1.96 , 2.0 , 2 , 4
0 , 1.96 , 2.0 , 2 , 4
0 , 1.96 , 2.0 , 2 , 4
0 , 1.96 , 2.0 , 2 , 4
0 , 1.96 , 2.0 , 2 , 4
0 , 1.96 , 2.0 , 2 , 4
0 , 1.94 , 2.0 , 2 , 4
0 , 1.94 , 2.0 , 2 , 4
0 , 1.92 , 2.0 , 2 , 4
0 , 1.92 , 2.0 , 2 , 4
0 , 1.92 , 2.0 , 2 , 4
0 , 1.9 , 2.0 , 2 , 4
0 , 1.9 , 2.0 , 2 , 4
0 , 1.9 , 2.0 , 2 , 4
0 , 1.9 , 2.0 , 2 , 4
0 , 1.9 , 2.0 , 2 , 4
0 , 1.9 , 2.0 , 2 , 4
0 , 1.9 , 2.0 , 2 , 4
0 , 1.9 , 2.0 , 2 , 4
0 , 1.9 , 2.0 , 2 , 4
0 , 1.88 , 2.0 , 2 , 4
0 , 1.86 , 2.0 , 2 , 4
0 , 1.86 , 2.0 , 2 , 4
0 , 1.86 , 2.0 , 2 , 4
0 , 1.86 , 2.0 , 2 , 4
0 , 1.84 , 2.0 , 2 , 4
0 , 1.84 , 2.0 , 2 , 4
0 , 1.84 , 2.0 , 2 , 4
0 , 1.84 , 2.0 , 2 , 4
0 , 1.84 , 2.0 , 2 , 4
0 , 1.84 , 2.0 , 2 , 4
0 , 1.84 , 2.0 , 2 , 4
0 , 1.84 , 2.0 , 2 , 4
0 , 1.82 , 2.0 , 2 , 4
0 , 1.82 , 2.0 , 2 , 4
0 , 1.82 , 2.0 , 2 , 4
0 , 1.82 , 2.0 , 2 , 4
0 , 1.82 , 2.0 , 2 , 4
0 , 1.82 , 2.0 , 2 , 4
0 , 1.82 , 2.0 , 2 , 4
0 , 1.82 , 2.0 , 2 , 4
0 , 1.82 , 2.0 , 2 , 4
0 , 1.8 , 2.0 , 2 , 4
0 , 1.78 , 2.0 , 2 , 4
0 , 1.78 , 2.0 , 2 , 4
0 , 1.78 , 2.0 , 2 , 4
0 , 1.78 , 2.0 , 2 , 4
0 , 1.78 , 2.0 , 2 , 4
0 , 1.78 , 2.0 , 2 , 4
0 , 1.78 , 2.0 , 2 , 4
0 , 1.78 , 2.0 , 2 , 4
0 , 1.78 , 2.0 , 2 , 4
0 , 1.78 , 2.0 , 2 , 4
0 , 1.78 , 2.0 , 2 , 4
0 , 1.78 , 2.0 , 2 , 4
0 , 1.78 , 2.0 , 2 , 4
0 , 1.78 , 2.0 , 2 , 4
0 , 1.78 , 2.0 , 2 , 4
0 , 1.78 , 2.0 , 2 , 4
0 , 1.78 , 2.0 , 2 , 4
0 , 1.78 , 2.0 , 2 , 4
0 , 1.76 , 2.0 , 2 , 4
0 , 1.76 , 2.0 , 2 , 4
0 , 1.76 , 2.0 , 2 , 4
0 , 1.76 , 2.0 , 2 , 4
0 , 1.76 , 2.0 , 2 , 4
0 , 1.76 , 2.0 , 2 , 4
0 , 1.76 , 2.0 , 2 , 4
0 , 1.76 , 2.0 , 2 , 4
0 , 1.74 , 2.0 , 2 , 4
0 , 1.74 , 2.0 , 2 , 4
0 , 1.74 , 2.0 , 2 , 4
0 , 1.74 , 2.0 , 2 , 4
0 , 1.74 , 2.0 , 2 , 4
0 , 1.74 , 2.0 , 2 , 4
0 , 1.74 , 2.0 , 2 , 4
0 , 1.74 , 2.0 , 2 , 4
0 , 1.74 , 2.0 , 2 , 4
0 , 1.74 , 2.0 , 2 , 4
0 , 1.74 , 2.0 , 2 , 4
0 , 1.74 , 2.0 , 2 , 4
0 , 1.74 , 2.0 , 2 , 4
0 , 1.74 , 2.0 , 2 , 4
0 , 1.72 , 2.0 , 2 , 2
0 , 1.72 , 2.0 , 2 , 2
0 , 1.72 , 2.0 , 2 , 2
0 , 1.72 , 2.0 , 2 , 2
0 , 1.72 , 2.0 , 2 , 2
0 , 1.72 , 2.0 , 2 , 2
0 , 1.72 , 2.0 , 2 , 2
0 , 1.72 , 2.0 , 2 , 2
0 , 1.72 , 2.0 , 2 , 2
0 , 1.72 , 2.0 , 2 , 2
0 , 1.72 , 2.0 , 2 , 2
0 , 1.72 , 2.0 , 2 , 2
0 , 1.72 , 2.0 , 2 , 2
0 , 1.72 , 2.0 , 2 , 2
0 , 1.72 , 2.0 , 2 , 2
0 , 1.72 , 2.0 , 2 , 2
0 , 1.72 , 2.0 , 2 , 2
0 , 1.72 , 2.0 , 2 , 2
0 , 1.72 , 2.0 , 2 , 2
0 , 1.72 , 2.0 , 2 , 2
0 , 1.72 , 2.0 , 2 , 2
0 , 1.72 , 2.0 , 2 , 2
0 , 1.72 , 2.0 , 2 , 2
0 , 1.72 , 2.0 , 2 , 2
0 , 1.72 , 2.0 , 2 , 2
0 , 1.72 , 2.0 , 2 , 2
0 , 1.72 , 2.0 , 2 , 2
0 , 1.72 , 2.0 , 2 , 2
0 , 1.72 , 2.0 , 2 , 2
0 , 1.72 , 2.0 , 2 , 2
0 , 1.72 , 2.0 , 2 , 2
0 , 1.72 , 2.0 , 2 , 2
0 , 1.72 , 2.0 , 2 , 2
0 , 1.72 , 2.0 , 2 , 2
0 , 1.72 , 2.0 , 2 , 2
0 , 1.72 , 2.0 , 2 , 2
0 , 1.72 , 2.0 , 2 , 2
0 , 1.72 , 2.0 , 2 , 2
0 , 1.72 , 2.0 , 2 , 2
0 , 1.72 , 2.0 , 2 , 2
0 , 1.72 , 2.0 , 2 , 2
0 , 1.72 , 2.0 , 2 , 2
0 , 1.72 , 2.0 , 2 , 2
0 , 1.72 , 2.0 , 2 , 2
0 , 1.72 , 2.0 , 2 , 2
0 , 1.72 , 2.0 , 2 , 2
0 , 1.72 , 2.0 , 2 , 2
0 , 1.72 , 2.0 , 2 , 2
0 , 1.72 , 2.0 , 2 , 2
0 , 1.72 , 2.0 , 2 , 2
0 , 1.72 , 2.0 , 2 , 2
0 , 1.72 , 2.0 , 2 , 2
0 , 1.72 , 2.0 , 2 , 2
0 , 1.72 , 2.0 , 2 , 2
0 , 1.72 , 2.0 , 2 , 2
0 , 1.72 , 2.0 , 2 , 2
0 , 1.72 , 2.0 , 2 , 2
0 , 1.72 , 2.0 , 2 , 2
0 , 1.72 , 2.0 , 2 , 2
0 , 1.72 , 2.0 , 2 , 2
0 , 1.72 , 2.0 , 2 , 2
0 , 1.72 , 2.0 , 2 , 2
0 , 1.72 , 2.0 , 2 , 2
0 , 1.72 , 2.0 , 2 , 2
0 , 1.72 , 2.0 , 2 , 2
0 , 1.72 , 2.0 , 2 , 2
0 , 1.72 , 2.0 , 2 , 2
0 , 1.72 , 2.0 , 2 , 2
0 , 1.72 , 2.0 , 2 , 2
0 , 1.72 , 2.0 , 2 , 2
0 , 1.72 , 2.0 , 2 , 2
0 , 1.72 , 2.0 , 2 , 2
0 , 1.72 , 2.0 , 2 , 2
0 , 1.72 , 2.0 , 2 , 2
0 , 1.72 , 2.0 , 2 , 2
0 , 1.72 , 2.0 , 2 , 2
0 , 1.72 , 2.0 , 2 , 2
0 , 1.72 , 2.0 , 2 , 2
0 , 1.72 , 2.0 , 2 , 2
0 , 1.72 , 2.0 , 2 , 2
0 , 1.72 , 2.0 , 2 , 2
0 , 1.72 , 2.0 , 2 , 2
0 , 1.72 , 2.0 , 2 , 2
0 , 1.72 , 2.0 , 2 , 2
0 , 1.72 , 2.0 , 2 , 2
0 , 1.72 , 2.0 , 2 , 2
0 , 1.72 , 2.0 , 2 , 2
0 , 1.72 , 2.0 , 2 , 2
0 , 1.72 , 2.0 , 2 , 2
0 , 1.72 , 2.0 , 2 , 2
0 , 1.72 , 2.0 , 2 , 2
0 , 1.72 , 2.0 , 2 , 2
0 , 1.72 , 2.0 , 2 , 2
0 , 1.72 , 2.0 , 2 , 2
0 , 1.72 , 2.0 , 2 , 2
0 , 1.72 , 2.0 , 2 , 2
0 , 1.72 , 2.0 , 2 , 2
0 , 1.72 , 2.0 , 2 , 2
0 , 1.72 , 2.0 , 2 , 2
0 , 1.72 , 2.0 , 2 , 2
0 , 1.72 , 2.0 , 2 , 2
0 , 1.72 , 2.0 , 2 , 2
0 , 1.72 , 2.0 , 2 , 2
0 , 1.72 , 2.0 , 2 , 2
0 , 1.72 , 2.0 , 2 , 2
0 , 1.72 , 2.0 , 2 , 2
0 , 1.72 , 2.0 , 2 , 2
0 , 1.72 , 2.0 , 2 , 2
0 , 1.72 , 2.0 , 2 , 2
0 , 1.72 , 2.0 , 2 , 2
0 , 1.72 , 2.0 , 2 , 2
0 , 1.72 , 2.0 , 2 , 2
0 , 1.72 , 2.0 , 2 , 2
0 , 1.72 , 2.0 , 2 , 2
0 , 1.72 , 2.0 , 2 , 2
0 , 1.72 , 2.0 , 2 , 2
0 , 1.72 , 2.0 , 2 , 2
0 , 1.72 , 2.0 , 2 , 2
0 , 1.72 , 2.0 , 2 , 2
0 , 1.72 , 2.0 , 2 , 2
14  Perfect solutions
perfect solution individuals [[4, 1, 5, 0, 6, 3, 7, 2], [7, 3, 0, 2, 5, 1, 6, 4], [4, 6, 1, 5, 2, 0, 7, 3], [4, 6, 0, 2, 7, 5, 3, 1], [4, 6, 0, 2, 7, 5, 3, 1], [4, 6, 3, 0, 2, 7, 5, 1], [5, 3, 1, 7, 4, 6, 0, 2], [2, 4, 7, 3, 0, 6, 1, 5], [4, 6, 0, 2, 7, 5, 3, 1], [3, 1, 7, 4, 6, 0, 2, 5], [4, 1, 7, 0, 3, 6, 2, 5], [4, 6, 1, 5, 2, 0, 7, 3], [4, 7, 3, 0, 6, 1, 5, 2], [3, 1, 7, 4, 6, 0, 2, 5]]
