0 , 9.5 , 8.0 , 8 , 22
0 , 9.18 , 8.0 , 8 , 22
0 , 9.0 , 8.0 , 8 , 20
0 , 8.92 , 8.0 , 8 , 20
0 , 8.78 , 8.0 , 8 , 16
0 , 8.68 , 8.0 , 8 , 16
0 , 8.54 , 8.0 , 8 , 16
0 , 8.38 , 8.0 , 8 , 14
0 , 8.2 , 8.0 , 8 , 14
0 , 8.1 , 8.0 , 8 , 14
0 , 8.04 , 8.0 , 8 , 12
0 , 7.98 , 8.0 , 8 , 12
0 , 7.96 , 8.0 , 8 , 12
0 , 7.9 , 8.0 , 8 , 12
0 , 7.9 , 8.0 , 8 , 12
0 , 7.84 , 8.0 , 8 , 12
0 , 7.78 , 8.0 , 8 , 12
0 , 7.78 , 8.0 , 8 , 12
0 , 7.66 , 8.0 , 8 , 12
0 , 7.62 , 8.0 , 8 , 12
0 , 7.56 , 8.0 , 8 , 12
0 , 7.48 , 8.0 , 8 , 12
0 , 7.4 , 8.0 , 8 , 12
0 , 7.36 , 8.0 , 8 , 12
0 , 7.3 , 8.0 , 8 , 12
0 , 7.28 , 8.0 , 8 , 10
0 , 7.26 , 8.0 , 8 , 10
0 , 7.22 , 8.0 , 8 , 10
0 , 7.14 , 8.0 , 8 , 10
0 , 7.1 , 8.0 , 8 , 10
0 , 7.06 , 8.0 , 6 , 10
0 , 7.06 , 8.0 , 6 , 10
0 , 7.0 , 8.0 , 6 , 10
0 , 6.96 , 7.0 , 6 , 10
0 , 6.96 , 7.0 , 6 , 10
0 , 6.94 , 7.0 , 6 , 10
0 , 6.88 , 6.0 , 6 , 10
0 , 6.84 , 6.0 , 6 , 10
0 , 6.8 , 6.0 , 6 , 10
0 , 6.74 , 6.0 , 6 , 10
0 , 6.74 , 6.0 , 6 , 10
0 , 6.64 , 6.0 , 6 , 10
0 , 6.6 , 6.0 , 6 , 10
0 , 6.58 , 6.0 , 6 , 10
0 , 6.5 , 6.0 , 6 , 10
0 , 6.5 , 6.0 , 6 , 10
0 , 6.46 , 6.0 , 6 , 10
0 , 6.46 , 6.0 , 6 , 10
0 , 6.34 , 6.0 , 6 , 10
0 , 6.32 , 6.0 , 6 , 10
0 , 6.32 , 6.0 , 6 , 10
0 , 6.32 , 6.0 , 6 , 10
0 , 6.26 , 6.0 , 6 , 10
0 , 6.24 , 6.0 , 6 , 10
0 , 6.18 , 6.0 , 6 , 8
0 , 6.18 , 6.0 , 6 , 8
0 , 6.18 , 6.0 , 6 , 8
0 , 6.16 , 6.0 , 6 , 8
0 , 6.12 , 6.0 , 6 , 8
0 , 6.08 , 6.0 , 6 , 8
0 , 6.02 , 6.0 , 6 , 8
0 , 6.02 , 6.0 , 6 , 8
0 , 6.0 , 6.0 , 6 , 8
0 , 6.0 , 6.0 , 6 , 8
0 , 5.88 , 6.0 , 6 , 8
0 , 5.84 , 6.0 , 6 , 8
0 , 5.84 , 6.0 , 6 , 8
0 , 5.8 , 6.0 , 6 , 8
0 , 5.8 , 6.0 , 6 , 8
0 , 5.8 , 6.0 , 6 , 8
0 , 5.74 , 6.0 , 6 , 8
0 , 5.72 , 6.0 , 6 , 8
0 , 5.64 , 6.0 , 6 , 8
0 , 5.64 , 6.0 , 6 , 8
0 , 5.6 , 6.0 , 6 , 8
0 , 5.56 , 6.0 , 6 , 8
0 , 5.5 , 6.0 , 6 , 8
0 , 5.46 , 6.0 , 6 , 8
0 , 5.42 , 6.0 , 6 , 8
0 , 5.36 , 6.0 , 6 , 8
0 , 5.36 , 6.0 , 6 , 8
0 , 5.36 , 6.0 , 6 , 8
0 , 5.34 , 6.0 , 6 , 8
0 , 5.28 , 6.0 , 6 , 8
0 , 5.24 , 6.0 , 6 , 8
0 , 5.22 , 6.0 , 6 , 8
0 , 5.18 , 6.0 , 6 , 8
0 , 5.16 , 6.0 , 6 , 8
0 , 5.12 , 6.0 , 6 , 8
0 , 5.1 , 6.0 , 6 , 8
0 , 5.02 , 6.0 , 6 , 8
0 , 4.96 , 6.0 , 6 , 6
0 , 4.92 , 6.0 , 6 , 6
0 , 4.92 , 6.0 , 6 , 6
0 , 4.92 , 6.0 , 6 , 6
0 , 4.9 , 6.0 , 6 , 6
0 , 4.9 , 6.0 , 6 , 6
0 , 4.88 , 6.0 , 6 , 6
0 , 4.88 , 6.0 , 6 , 6
0 , 4.88 , 6.0 , 6 , 6
0 , 4.84 , 6.0 , 6 , 6
0 , 4.84 , 6.0 , 6 , 6
0 , 4.82 , 6.0 , 6 , 6
0 , 4.82 , 6.0 , 6 , 6
0 , 4.82 , 6.0 , 6 , 6
0 , 4.8 , 6.0 , 6 , 6
0 , 4.78 , 6.0 , 6 , 6
0 , 4.76 , 5.0 , 6 , 6
0 , 4.76 , 5.0 , 6 , 6
0 , 4.68 , 4.0 , 6 , 6
0 , 4.68 , 4.0 , 6 , 6
0 , 4.68 , 4.0 , 6 , 6
0 , 4.68 , 4.0 , 6 , 6
0 , 4.64 , 4.0 , 6 , 6
0 , 4.64 , 4.0 , 6 , 6
0 , 4.62 , 4.0 , 6 , 6
0 , 4.62 , 4.0 , 6 , 6
0 , 4.62 , 4.0 , 6 , 6
0 , 4.62 , 4.0 , 6 , 6
0 , 4.6 , 4.0 , 6 , 6
0 , 4.6 , 4.0 , 6 , 6
0 , 4.58 , 4.0 , 4 , 6
0 , 4.58 , 4.0 , 4 , 6
0 , 4.54 , 4.0 , 4 , 6
0 , 4.46 , 4.0 , 4 , 6
0 , 4.42 , 4.0 , 4 , 6
0 , 4.4 , 4.0 , 4 , 6
0 , 4.4 , 4.0 , 4 , 6
0 , 4.4 , 4.0 , 4 , 6
0 , 4.36 , 4.0 , 4 , 6
0 , 4.3 , 4.0 , 4 , 6
0 , 4.3 , 4.0 , 4 , 6
0 , 4.3 , 4.0 , 4 , 6
0 , 4.3 , 4.0 , 4 , 6
0 , 4.3 , 4.0 , 4 , 6
0 , 4.3 , 4.0 , 4 , 6
0 , 4.3 , 4.0 , 4 , 6
0 , 4.28 , 4.0 , 4 , 6
0 , 4.28 , 4.0 , 4 , 6
0 , 4.28 , 4.0 , 4 , 6
0 , 4.26 , 4.0 , 4 , 6
0 , 4.26 , 4.0 , 4 , 6
0 , 4.26 , 4.0 , 4 , 6
0 , 4.24 , 4.0 , 4 , 6
0 , 4.24 , 4.0 , 4 , 6
0 , 4.22 , 4.0 , 4 , 6
0 , 4.22 , 4.0 , 4 , 6
0 , 4.18 , 4.0 , 4 , 6
0 , 4.18 , 4.0 , 4 , 6
0 , 4.18 , 4.0 , 4 , 6
0 , 4.18 , 4.0 , 4 , 6
0 , 4.18 , 4.0 , 4 , 6
0 , 4.18 , 4.0 , 4 , 6
0 , 4.18 , 4.0 , 4 , 6
0 , 4.18 , 4.0 , 4 , 6
0 , 4.18 , 4.0 , 4 , 6
0 , 4.18 , 4.0 , 4 , 6
0 , 4.18 , 4.0 , 4 , 6
0 , 4.14 , 4.0 , 4 , 6
0 , 4.14 , 4.0 , 4 , 6
0 , 4.1 , 4.0 , 4 , 6
0 , 4.1 , 4.0 , 4 , 6
0 , 4.1 , 4.0 , 4 , 6
0 , 4.1 , 4.0 , 4 , 6
0 , 4.1 , 4.0 , 4 , 6
0 , 4.1 , 4.0 , 4 , 6
0 , 4.1 , 4.0 , 4 , 6
0 , 4.1 , 4.0 , 4 , 6
0 , 4.08 , 4.0 , 4 , 6
0 , 4.08 , 4.0 , 4 , 6
0 , 4.06 , 4.0 , 4 , 6
0 , 4.02 , 4.0 , 4 , 6
0 , 4.02 , 4.0 , 4 , 6
0 , 4.0 , 4.0 , 4 , 6
0 , 4.0 , 4.0 , 4 , 6
0 , 3.98 , 4.0 , 4 , 6
0 , 3.98 , 4.0 , 4 , 6
0 , 3.98 , 4.0 , 4 , 6
0 , 3.96 , 4.0 , 4 , 6
0 , 3.94 , 4.0 , 4 , 6
0 , 3.94 , 4.0 , 4 , 6
0 , 3.9 , 4.0 , 4 , 6
0 , 3.9 , 4.0 , 4 , 6
0 , 3.9 , 4.0 , 4 , 6
0 , 3.9 , 4.0 , 4 , 6
0 , 3.9 , 4.0 , 4 , 6
0 , 3.9 , 4.0 , 4 , 6
0 , 3.9 , 4.0 , 4 , 6
0 , 3.9 , 4.0 , 4 , 6
0 , 3.9 , 4.0 , 4 , 6
0 , 3.9 , 4.0 , 4 , 6
0 , 3.88 , 4.0 , 4 , 6
0 , 3.88 , 4.0 , 4 , 6
0 , 3.86 , 4.0 , 4 , 6
0 , 3.86 , 4.0 , 4 , 6
0 , 3.86 , 4.0 , 4 , 6
0 , 3.86 , 4.0 , 4 , 6
0 , 3.86 , 4.0 , 4 , 6
0 , 3.86 , 4.0 , 4 , 6
0 , 3.82 , 4.0 , 4 , 6
0 , 3.8 , 4.0 , 4 , 6
0 , 3.78 , 4.0 , 4 , 6
0 , 3.74 , 4.0 , 4 , 6
0 , 3.74 , 4.0 , 4 , 6
0 , 3.74 , 4.0 , 4 , 6
0 , 3.74 , 4.0 , 4 , 6
0 , 3.74 , 4.0 , 4 , 6
0 , 3.74 , 4.0 , 4 , 6
0 , 3.72 , 4.0 , 4 , 6
0 , 3.72 , 4.0 , 4 , 6
0 , 3.72 , 4.0 , 4 , 6
0 , 3.72 , 4.0 , 4 , 6
0 , 3.72 , 4.0 , 4 , 6
0 , 3.72 , 4.0 , 4 , 6
0 , 3.7 , 4.0 , 4 , 6
0 , 3.7 , 4.0 , 4 , 6
0 , 3.7 , 4.0 , 4 , 6
0 , 3.7 , 4.0 , 4 , 6
0 , 3.7 , 4.0 , 4 , 6
0 , 3.68 , 4.0 , 4 , 6
0 , 3.68 , 4.0 , 4 , 6
0 , 3.68 , 4.0 , 4 , 6
0 , 3.68 , 4.0 , 4 , 6
0 , 3.68 , 4.0 , 4 , 6
0 , 3.68 , 4.0 , 4 , 6
0 , 3.68 , 4.0 , 4 , 6
0 , 3.68 , 4.0 , 4 , 6
0 , 3.68 , 4.0 , 4 , 6
0 , 3.68 , 4.0 , 4 , 6
0 , 3.68 , 4.0 , 4 , 6
0 , 3.66 , 4.0 , 4 , 6
0 , 3.64 , 4.0 , 4 , 6
0 , 3.62 , 4.0 , 4 , 6
0 , 3.62 , 4.0 , 4 , 6
0 , 3.6 , 4.0 , 4 , 6
0 , 3.6 , 4.0 , 4 , 6
0 , 3.52 , 4.0 , 4 , 6
0 , 3.52 , 4.0 , 4 , 6
0 , 3.52 , 4.0 , 4 , 6
0 , 3.52 , 4.0 , 4 , 6
0 , 3.52 , 4.0 , 4 , 6
0 , 3.52 , 4.0 , 4 , 6
0 , 3.52 , 4.0 , 4 , 6
0 , 3.52 , 4.0 , 4 , 6
0 , 3.46 , 4.0 , 4 , 6
0 , 3.44 , 4.0 , 4 , 6
0 , 3.44 , 4.0 , 4 , 6
0 , 3.44 , 4.0 , 4 , 6
0 , 3.44 , 4.0 , 4 , 6
0 , 3.4 , 4.0 , 4 , 6
0 , 3.4 , 4.0 , 4 , 6
0 , 3.4 , 4.0 , 4 , 6
0 , 3.38 , 4.0 , 4 , 6
0 , 3.36 , 4.0 , 4 , 6
0 , 3.36 , 4.0 , 4 , 6
0 , 3.32 , 4.0 , 4 , 4
0 , 3.32 , 4.0 , 4 , 4
0 , 3.32 , 4.0 , 4 , 4
0 , 3.32 , 4.0 , 4 , 4
0 , 3.32 , 4.0 , 4 , 4
0 , 3.3 , 4.0 , 4 , 4
0 , 3.28 , 4.0 , 4 , 4
0 , 3.28 , 4.0 , 4 , 4
0 , 3.28 , 4.0 , 4 , 4
0 , 3.26 , 4.0 , 4 , 4
0 , 3.26 , 4.0 , 4 , 4
0 , 3.26 , 4.0 , 4 , 4
0 , 3.26 , 4.0 , 4 , 4
0 , 3.26 , 4.0 , 4 , 4
0 , 3.26 , 4.0 , 4 , 4
0 , 3.26 , 4.0 , 4 , 4
0 , 3.26 , 4.0 , 4 , 4
0 , 3.22 , 4.0 , 4 , 4
0 , 3.22 , 4.0 , 4 , 4
0 , 3.22 , 4.0 , 4 , 4
0 , 3.22 , 4.0 , 4 , 4
0 , 3.2 , 4.0 , 4 , 4
0 , 3.2 , 4.0 , 4 , 4
0 , 3.2 , 4.0 , 4 , 4
0 , 3.2 , 4.0 , 4 , 4
0 , 3.2 , 4.0 , 4 , 4
0 , 3.2 , 4.0 , 4 , 4
0 , 3.2 , 4.0 , 4 , 4
0 , 3.2 , 4.0 , 4 , 4
0 , 3.2 , 4.0 , 4 , 4
0 , 3.2 , 4.0 , 4 , 4
0 , 3.2 , 4.0 , 4 , 4
0 , 3.18 , 4.0 , 4 , 4
0 , 3.18 , 4.0 , 4 , 4
0 , 3.18 , 4.0 , 4 , 4
0 , 3.18 , 4.0 , 4 , 4
0 , 3.18 , 4.0 , 4 , 4
0 , 3.18 , 4.0 , 4 , 4
0 , 3.18 , 4.0 , 4 , 4
0 , 3.18 , 4.0 , 4 , 4
0 , 3.18 , 4.0 , 4 , 4
0 , 3.18 , 4.0 , 4 , 4
0 , 3.18 , 4.0 , 4 , 4
0 , 3.18 , 4.0 , 4 , 4
0 , 3.18 , 4.0 , 4 , 4
0 , 3.18 , 4.0 , 4 , 4
0 , 3.18 , 4.0 , 4 , 4
0 , 3.18 , 4.0 , 4 , 4
0 , 3.18 , 4.0 , 4 , 4
0 , 3.18 , 4.0 , 4 , 4
0 , 3.18 , 4.0 , 4 , 4
0 , 3.18 , 4.0 , 4 , 4
0 , 3.18 , 4.0 , 4 , 4
0 , 3.18 , 4.0 , 4 , 4
0 , 3.18 , 4.0 , 4 , 4
0 , 3.16 , 4.0 , 4 , 4
0 , 3.16 , 4.0 , 4 , 4
0 , 3.16 , 4.0 , 4 , 4
0 , 3.16 , 4.0 , 4 , 4
0 , 3.16 , 4.0 , 4 , 4
0 , 3.16 , 4.0 , 4 , 4
0 , 3.16 , 4.0 , 4 , 4
0 , 3.16 , 4.0 , 4 , 4
0 , 3.12 , 4.0 , 4 , 4
0 , 3.12 , 4.0 , 4 , 4
0 , 3.1 , 4.0 , 4 , 4
0 , 3.1 , 4.0 , 4 , 4
0 , 3.1 , 4.0 , 4 , 4
0 , 3.1 , 4.0 , 4 , 4
0 , 3.06 , 4.0 , 4 , 4
0 , 3.06 , 4.0 , 4 , 4
0 , 3.06 , 4.0 , 4 , 4
0 , 3.06 , 4.0 , 4 , 4
0 , 3.06 , 4.0 , 4 , 4
0 , 3.06 , 4.0 , 4 , 4
0 , 3.06 , 4.0 , 4 , 4
0 , 3.06 , 4.0 , 4 , 4
0 , 3.06 , 4.0 , 4 , 4
0 , 3.06 , 4.0 , 4 , 4
0 , 3.06 , 4.0 , 4 , 4
0 , 3.06 , 4.0 , 4 , 4
0 , 3.02 , 4.0 , 4 , 4
0 , 3.02 , 4.0 , 4 , 4
0 , 3.02 , 4.0 , 4 , 4
0 , 2.98 , 4.0 , 4 , 4
0 , 2.98 , 4.0 , 4 , 4
0 , 2.98 , 4.0 , 4 , 4
0 , 2.96 , 4.0 , 4 , 4
0 , 2.96 , 4.0 , 4 , 4
0 , 2.96 , 4.0 , 4 , 4
0 , 2.96 , 4.0 , 4 , 4
0 , 2.96 , 4.0 , 4 , 4
0 , 2.96 , 4.0 , 4 , 4
0 , 2.96 , 4.0 , 4 , 4
0 , 2.96 , 4.0 , 4 , 4
0 , 2.96 , 4.0 , 4 , 4
0 , 2.96 , 4.0 , 4 , 4
0 , 2.94 , 4.0 , 4 , 4
0 , 2.94 , 4.0 , 4 , 4
0 , 2.94 , 4.0 , 4 , 4
0 , 2.94 , 4.0 , 4 , 4
0 , 2.94 , 4.0 , 4 , 4
0 , 2.94 , 4.0 , 4 , 4
0 , 2.94 , 4.0 , 4 , 4
0 , 2.94 , 4.0 , 4 , 4
0 , 2.94 , 4.0 , 4 , 4
0 , 2.94 , 4.0 , 4 , 4
0 , 2.94 , 4.0 , 4 , 4
0 , 2.94 , 4.0 , 4 , 4
0 , 2.94 , 4.0 , 4 , 4
0 , 2.94 , 4.0 , 4 , 4
0 , 2.94 , 4.0 , 4 , 4
0 , 2.94 , 4.0 , 4 , 4
0 , 2.94 , 4.0 , 4 , 4
0 , 2.92 , 4.0 , 4 , 4
0 , 2.92 , 4.0 , 4 , 4
0 , 2.92 , 4.0 , 4 , 4
0 , 2.92 , 4.0 , 4 , 4
0 , 2.92 , 4.0 , 4 , 4
0 , 2.92 , 4.0 , 4 , 4
0 , 2.92 , 4.0 , 4 , 4
0 , 2.92 , 4.0 , 4 , 4
0 , 2.92 , 4.0 , 4 , 4
0 , 2.92 , 4.0 , 4 , 4
0 , 2.92 , 4.0 , 4 , 4
0 , 2.92 , 4.0 , 4 , 4
0 , 2.92 , 4.0 , 4 , 4
0 , 2.92 , 4.0 , 4 , 4
0 , 2.92 , 4.0 , 4 , 4
0 , 2.92 , 4.0 , 4 , 4
0 , 2.9 , 4.0 , 4 , 4
0 , 2.9 , 4.0 , 4 , 4
0 , 2.9 , 4.0 , 4 , 4
0 , 2.9 , 4.0 , 4 , 4
0 , 2.9 , 4.0 , 4 , 4
0 , 2.9 , 4.0 , 4 , 4
0 , 2.9 , 4.0 , 4 , 4
0 , 2.9 , 4.0 , 4 , 4
0 , 2.88 , 4.0 , 4 , 4
0 , 2.88 , 4.0 , 4 , 4
0 , 2.88 , 4.0 , 4 , 4
0 , 2.84 , 4.0 , 4 , 4
0 , 2.84 , 4.0 , 4 , 4
0 , 2.84 , 4.0 , 4 , 4
0 , 2.82 , 4.0 , 4 , 4
0 , 2.82 , 4.0 , 4 , 4
0 , 2.82 , 4.0 , 4 , 4
0 , 2.82 , 4.0 , 4 , 4
0 , 2.82 , 4.0 , 4 , 4
0 , 2.82 , 4.0 , 4 , 4
0 , 2.82 , 4.0 , 4 , 4
0 , 2.82 , 4.0 , 4 , 4
0 , 2.82 , 4.0 , 4 , 4
0 , 2.82 , 4.0 , 4 , 4
0 , 2.82 , 4.0 , 4 , 4
0 , 2.82 , 4.0 , 4 , 4
0 , 2.82 , 4.0 , 4 , 4
0 , 2.8 , 4.0 , 4 , 4
0 , 2.8 , 4.0 , 4 , 4
0 , 2.8 , 4.0 , 4 , 4
0 , 2.8 , 4.0 , 4 , 4
0 , 2.8 , 4.0 , 4 , 4
0 , 2.8 , 4.0 , 4 , 4
0 , 2.8 , 4.0 , 4 , 4
0 , 2.8 , 4.0 , 4 , 4
0 , 2.8 , 4.0 , 4 , 4
0 , 2.8 , 4.0 , 4 , 4
0 , 2.8 , 4.0 , 4 , 4
0 , 2.8 , 4.0 , 4 , 4
0 , 2.8 , 4.0 , 4 , 4
0 , 2.78 , 4.0 , 4 , 4
0 , 2.78 , 4.0 , 4 , 4
0 , 2.78 , 4.0 , 4 , 4
0 , 2.78 , 4.0 , 4 , 4
0 , 2.78 , 4.0 , 4 , 4
0 , 2.78 , 4.0 , 4 , 4
0 , 2.76 , 3.0 , 4 , 4
0 , 2.76 , 3.0 , 4 , 4
0 , 2.74 , 2.0 , 4 , 4
0 , 2.74 , 2.0 , 4 , 4
0 , 2.74 , 2.0 , 4 , 4
0 , 2.74 , 2.0 , 4 , 4
0 , 2.74 , 2.0 , 4 , 4
0 , 2.74 , 2.0 , 4 , 4
0 , 2.72 , 2.0 , 4 , 4
0 , 2.72 , 2.0 , 4 , 4
0 , 2.72 , 2.0 , 4 , 4
0 , 2.72 , 2.0 , 4 , 4
0 , 2.72 , 2.0 , 4 , 4
0 , 2.72 , 2.0 , 4 , 4
0 , 2.72 , 2.0 , 4 , 4
0 , 2.72 , 2.0 , 4 , 4
0 , 2.72 , 2.0 , 4 , 4
0 , 2.7 , 2.0 , 4 , 4
0 , 2.7 , 2.0 , 4 , 4
0 , 2.7 , 2.0 , 4 , 4
0 , 2.7 , 2.0 , 4 , 4
0 , 2.7 , 2.0 , 4 , 4
0 , 2.7 , 2.0 , 4 , 4
0 , 2.7 , 2.0 , 4 , 4
0 , 2.7 , 2.0 , 4 , 4
0 , 2.7 , 2.0 , 4 , 4
0 , 2.7 , 2.0 , 4 , 4
0 , 2.7 , 2.0 , 4 , 4
0 , 2.7 , 2.0 , 4 , 4
0 , 2.68 , 2.0 , 4 , 4
0 , 2.68 , 2.0 , 4 , 4
0 , 2.66 , 2.0 , 4 , 4
0 , 2.66 , 2.0 , 4 , 4
0 , 2.66 , 2.0 , 4 , 4
0 , 2.66 , 2.0 , 4 , 4
0 , 2.66 , 2.0 , 4 , 4
0 , 2.66 , 2.0 , 4 , 4
0 , 2.66 , 2.0 , 4 , 4
0 , 2.66 , 2.0 , 4 , 4
0 , 2.66 , 2.0 , 4 , 4
0 , 2.66 , 2.0 , 4 , 4
0 , 2.66 , 2.0 , 4 , 4
0 , 2.66 , 2.0 , 4 , 4
0 , 2.66 , 2.0 , 4 , 4
0 , 2.6 , 2.0 , 2 , 4
0 , 2.58 , 2.0 , 2 , 4
0 , 2.58 , 2.0 , 2 , 4
0 , 2.58 , 2.0 , 2 , 4
0 , 2.58 , 2.0 , 2 , 4
0 , 2.58 , 2.0 , 2 , 4
0 , 2.58 , 2.0 , 2 , 4
0 , 2.58 , 2.0 , 2 , 4
0 , 2.58 , 2.0 , 2 , 4
0 , 2.58 , 2.0 , 2 , 4
0 , 2.58 , 2.0 , 2 , 4
0 , 2.58 , 2.0 , 2 , 4
0 , 2.58 , 2.0 , 2 , 4
0 , 2.58 , 2.0 , 2 , 4
0 , 2.58 , 2.0 , 2 , 4
0 , 2.58 , 2.0 , 2 , 4
0 , 2.58 , 2.0 , 2 , 4
0 , 2.58 , 2.0 , 2 , 4
0 , 2.56 , 2.0 , 2 , 4
0 , 2.56 , 2.0 , 2 , 4
0 , 2.56 , 2.0 , 2 , 4
0 , 2.56 , 2.0 , 2 , 4
0 , 2.56 , 2.0 , 2 , 4
0 , 2.56 , 2.0 , 2 , 4
0 , 2.56 , 2.0 , 2 , 4
0 , 2.56 , 2.0 , 2 , 4
0 , 2.56 , 2.0 , 2 , 4
0 , 2.56 , 2.0 , 2 , 4
0 , 2.56 , 2.0 , 2 , 4
0 , 2.56 , 2.0 , 2 , 4
0 , 2.56 , 2.0 , 2 , 4
0 , 2.56 , 2.0 , 2 , 4
0 , 2.56 , 2.0 , 2 , 4
0 , 2.56 , 2.0 , 2 , 4
0 , 2.56 , 2.0 , 2 , 4
0 , 2.56 , 2.0 , 2 , 4
0 , 2.56 , 2.0 , 2 , 4
0 , 2.56 , 2.0 , 2 , 4
0 , 2.56 , 2.0 , 2 , 4
0 , 2.56 , 2.0 , 2 , 4
0 , 2.56 , 2.0 , 2 , 4
0 , 2.56 , 2.0 , 2 , 4
0 , 2.56 , 2.0 , 2 , 4
0 , 2.54 , 2.0 , 2 , 4
0 , 2.54 , 2.0 , 2 , 4
0 , 2.54 , 2.0 , 2 , 4
0 , 2.54 , 2.0 , 2 , 4
0 , 2.54 , 2.0 , 2 , 4
0 , 2.54 , 2.0 , 2 , 4
0 , 2.54 , 2.0 , 2 , 4
0 , 2.54 , 2.0 , 2 , 4
0 , 2.54 , 2.0 , 2 , 4
0 , 2.54 , 2.0 , 2 , 4
0 , 2.54 , 2.0 , 2 , 4
0 , 2.54 , 2.0 , 2 , 4
0 , 2.54 , 2.0 , 2 , 4
0 , 2.54 , 2.0 , 2 , 4
0 , 2.52 , 2.0 , 2 , 4
0 , 2.52 , 2.0 , 2 , 4
0 , 2.52 , 2.0 , 2 , 4
0 , 2.52 , 2.0 , 2 , 4
0 , 2.52 , 2.0 , 2 , 4
0 , 2.52 , 2.0 , 2 , 4
0 , 2.52 , 2.0 , 2 , 4
0 , 2.52 , 2.0 , 2 , 4
0 , 2.52 , 2.0 , 2 , 4
0 , 2.52 , 2.0 , 2 , 4
0 , 2.52 , 2.0 , 2 , 4
0 , 2.52 , 2.0 , 2 , 4
0 , 2.52 , 2.0 , 2 , 4
0 , 2.52 , 2.0 , 2 , 4
0 , 2.52 , 2.0 , 2 , 4
0 , 2.52 , 2.0 , 2 , 4
0 , 2.5 , 2.0 , 2 , 4
0 , 2.5 , 2.0 , 2 , 4
0 , 2.5 , 2.0 , 2 , 4
0 , 2.5 , 2.0 , 2 , 4
0 , 2.5 , 2.0 , 2 , 4
0 , 2.48 , 2.0 , 2 , 4
0 , 2.48 , 2.0 , 2 , 4
0 , 2.48 , 2.0 , 2 , 4
0 , 2.48 , 2.0 , 2 , 4
0 , 2.48 , 2.0 , 2 , 4
0 , 2.46 , 2.0 , 2 , 4
0 , 2.46 , 2.0 , 2 , 4
0 , 2.46 , 2.0 , 2 , 4
0 , 2.46 , 2.0 , 2 , 4
0 , 2.46 , 2.0 , 2 , 4
0 , 2.46 , 2.0 , 2 , 4
0 , 2.46 , 2.0 , 2 , 4
0 , 2.42 , 2.0 , 2 , 4
0 , 2.42 , 2.0 , 2 , 4
0 , 2.38 , 2.0 , 2 , 4
0 , 2.38 , 2.0 , 2 , 4
0 , 2.38 , 2.0 , 2 , 4
0 , 2.38 , 2.0 , 2 , 4
0 , 2.38 , 2.0 , 2 , 4
0 , 2.38 , 2.0 , 2 , 4
0 , 2.38 , 2.0 , 2 , 4
0 , 2.38 , 2.0 , 2 , 4
0 , 2.36 , 2.0 , 2 , 4
0 , 2.36 , 2.0 , 2 , 4
0 , 2.36 , 2.0 , 2 , 4
0 , 2.36 , 2.0 , 2 , 4
0 , 2.34 , 2.0 , 2 , 4
0 , 2.34 , 2.0 , 2 , 4
0 , 2.32 , 2.0 , 2 , 4
0 , 2.32 , 2.0 , 2 , 4
0 , 2.32 , 2.0 , 2 , 4
0 , 2.32 , 2.0 , 2 , 4
0 , 2.3 , 2.0 , 2 , 4
0 , 2.3 , 2.0 , 2 , 4
0 , 2.3 , 2.0 , 2 , 4
0 , 2.3 , 2.0 , 2 , 4
0 , 2.28 , 2.0 , 2 , 4
0 , 2.28 , 2.0 , 2 , 4
0 , 2.28 , 2.0 , 2 , 4
0 , 2.28 , 2.0 , 2 , 4
0 , 2.28 , 2.0 , 2 , 4
0 , 2.28 , 2.0 , 2 , 4
0 , 2.28 , 2.0 , 2 , 4
0 , 2.28 , 2.0 , 2 , 4
0 , 2.28 , 2.0 , 2 , 4
0 , 2.28 , 2.0 , 2 , 4
0 , 2.28 , 2.0 , 2 , 4
0 , 2.28 , 2.0 , 2 , 4
0 , 2.28 , 2.0 , 2 , 4
0 , 2.28 , 2.0 , 2 , 4
0 , 2.26 , 2.0 , 2 , 4
0 , 2.26 , 2.0 , 2 , 4
0 , 2.26 , 2.0 , 2 , 4
0 , 2.26 , 2.0 , 2 , 4
0 , 2.26 , 2.0 , 2 , 4
0 , 2.26 , 2.0 , 2 , 4
0 , 2.26 , 2.0 , 2 , 4
0 , 2.26 , 2.0 , 2 , 4
0 , 2.24 , 2.0 , 2 , 4
0 , 2.24 , 2.0 , 2 , 4
0 , 2.24 , 2.0 , 2 , 4
0 , 2.24 , 2.0 , 2 , 4
0 , 2.24 , 2.0 , 2 , 4
0 , 2.24 , 2.0 , 2 , 4
0 , 2.24 , 2.0 , 2 , 4
0 , 2.22 , 2.0 , 2 , 4
0 , 2.22 , 2.0 , 2 , 4
0 , 2.22 , 2.0 , 2 , 4
0 , 2.22 , 2.0 , 2 , 4
0 , 2.22 , 2.0 , 2 , 4
0 , 2.22 , 2.0 , 2 , 4
0 , 2.2 , 2.0 , 2 , 4
0 , 2.2 , 2.0 , 2 , 4
0 , 2.2 , 2.0 , 2 , 4
0 , 2.2 , 2.0 , 2 , 4
0 , 2.2 , 2.0 , 2 , 4
0 , 2.18 , 2.0 , 2 , 4
0 , 2.14 , 2.0 , 2 , 4
0 , 2.14 , 2.0 , 2 , 4
0 , 2.14 , 2.0 , 2 , 4
0 , 2.14 , 2.0 , 2 , 4
0 , 2.14 , 2.0 , 2 , 4
0 , 2.14 , 2.0 , 2 , 4
0 , 2.14 , 2.0 , 2 , 4
0 , 2.14 , 2.0 , 2 , 4
0 , 2.14 , 2.0 , 2 , 4
0 , 2.14 , 2.0 , 2 , 4
0 , 2.14 , 2.0 , 2 , 4
0 , 2.14 , 2.0 , 2 , 4
0 , 2.14 , 2.0 , 2 , 4
0 , 2.14 , 2.0 , 2 , 4
0 , 2.14 , 2.0 , 2 , 4
0 , 2.14 , 2.0 , 2 , 4
0 , 2.14 , 2.0 , 2 , 4
0 , 2.12 , 2.0 , 2 , 4
0 , 2.12 , 2.0 , 2 , 4
0 , 2.12 , 2.0 , 2 , 4
0 , 2.1 , 2.0 , 2 , 4
0 , 2.1 , 2.0 , 2 , 4
0 , 2.1 , 2.0 , 2 , 4
0 , 2.1 , 2.0 , 2 , 4
0 , 2.1 , 2.0 , 2 , 4
0 , 2.1 , 2.0 , 2 , 4
0 , 2.1 , 2.0 , 2 , 4
0 , 2.1 , 2.0 , 2 , 4
0 , 2.1 , 2.0 , 2 , 4
0 , 2.1 , 2.0 , 2 , 4
0 , 2.1 , 2.0 , 2 , 4
0 , 2.1 , 2.0 , 2 , 4
0 , 2.1 , 2.0 , 2 , 4
0 , 2.08 , 2.0 , 2 , 4
0 , 2.08 , 2.0 , 2 , 4
0 , 2.08 , 2.0 , 2 , 4
0 , 2.08 , 2.0 , 2 , 4
0 , 2.08 , 2.0 , 2 , 4
0 , 2.08 , 2.0 , 2 , 4
0 , 2.08 , 2.0 , 2 , 4
0 , 2.08 , 2.0 , 2 , 4
0 , 2.08 , 2.0 , 2 , 4
0 , 2.08 , 2.0 , 2 , 4
0 , 2.08 , 2.0 , 2 , 4
0 , 2.08 , 2.0 , 2 , 4
0 , 2.08 , 2.0 , 2 , 4
0 , 2.08 , 2.0 , 2 , 4
0 , 2.06 , 2.0 , 2 , 4
0 , 2.06 , 2.0 , 2 , 4
0 , 2.06 , 2.0 , 2 , 4
0 , 2.06 , 2.0 , 2 , 4
0 , 2.06 , 2.0 , 2 , 4
0 , 2.06 , 2.0 , 2 , 4
0 , 2.06 , 2.0 , 2 , 4
0 , 2.06 , 2.0 , 2 , 4
0 , 2.06 , 2.0 , 2 , 4
0 , 2.06 , 2.0 , 2 , 4
0 , 2.06 , 2.0 , 2 , 4
0 , 2.06 , 2.0 , 2 , 4
0 , 2.06 , 2.0 , 2 , 4
0 , 2.06 , 2.0 , 2 , 4
0 , 2.06 , 2.0 , 2 , 4
0 , 2.06 , 2.0 , 2 , 4
0 , 2.04 , 2.0 , 2 , 4
0 , 2.04 , 2.0 , 2 , 4
0 , 2.04 , 2.0 , 2 , 4
0 , 2.04 , 2.0 , 2 , 4
0 , 2.04 , 2.0 , 2 , 4
0 , 2.02 , 2.0 , 2 , 4
0 , 2.02 , 2.0 , 2 , 4
0 , 2.02 , 2.0 , 2 , 4
0 , 2.02 , 2.0 , 2 , 4
0 , 2.02 , 2.0 , 2 , 4
0 , 2.02 , 2.0 , 2 , 4
0 , 2.02 , 2.0 , 2 , 4
0 , 2.02 , 2.0 , 2 , 4
0 , 2.02 , 2.0 , 2 , 4
0 , 2.02 , 2.0 , 2 , 4
0 , 2.02 , 2.0 , 2 , 4
0 , 2.02 , 2.0 , 2 , 4
0 , 2.0 , 2.0 , 2 , 4
0 , 2.0 , 2.0 , 2 , 4
0 , 2.0 , 2.0 , 2 , 4
0 , 2.0 , 2.0 , 2 , 4
0 , 1.98 , 2.0 , 2 , 4
0 , 1.98 , 2.0 , 2 , 4
0 , 1.98 , 2.0 , 2 , 4
0 , 1.98 , 2.0 , 2 , 4
0 , 1.98 , 2.0 , 2 , 4
0 , 1.98 , 2.0 , 2 , 4
0 , 1.98 , 2.0 , 2 , 4
0 , 1.98 , 2.0 , 2 , 4
0 , 1.98 , 2.0 , 2 , 4
0 , 1.98 , 2.0 , 2 , 4
0 , 1.98 , 2.0 , 2 , 4
0 , 1.98 , 2.0 , 2 , 4
0 , 1.98 , 2.0 , 2 , 4
0 , 1.98 , 2.0 , 2 , 4
0 , 1.98 , 2.0 , 2 , 4
0 , 1.98 , 2.0 , 2 , 4
0 , 1.98 , 2.0 , 2 , 4
0 , 1.98 , 2.0 , 2 , 4
0 , 1.96 , 2.0 , 2 , 4
0 , 1.96 , 2.0 , 2 , 4
0 , 1.96 , 2.0 , 2 , 4
0 , 1.96 , 2.0 , 2 , 4
0 , 1.96 , 2.0 , 2 , 4
0 , 1.96 , 2.0 , 2 , 4
0 , 1.94 , 2.0 , 2 , 4
0 , 1.94 , 2.0 , 2 , 4
0 , 1.94 , 2.0 , 2 , 4
0 , 1.94 , 2.0 , 2 , 4
0 , 1.94 , 2.0 , 2 , 4
0 , 1.94 , 2.0 , 2 , 4
0 , 1.94 , 2.0 , 2 , 4
0 , 1.94 , 2.0 , 2 , 4
0 , 1.94 , 2.0 , 2 , 4
0 , 1.94 , 2.0 , 2 , 4
0 , 1.94 , 2.0 , 2 , 4
0 , 1.94 , 2.0 , 2 , 4
0 , 1.94 , 2.0 , 2 , 4
0 , 1.94 , 2.0 , 2 , 4
0 , 1.94 , 2.0 , 2 , 4
0 , 1.94 , 2.0 , 2 , 4
0 , 1.94 , 2.0 , 2 , 4
0 , 1.94 , 2.0 , 2 , 4
0 , 1.94 , 2.0 , 2 , 4
0 , 1.94 , 2.0 , 2 , 4
0 , 1.94 , 2.0 , 2 , 4
0 , 1.94 , 2.0 , 2 , 4
0 , 1.94 , 2.0 , 2 , 4
0 , 1.94 , 2.0 , 2 , 4
0 , 1.94 , 2.0 , 2 , 4
0 , 1.92 , 2.0 , 2 , 4
0 , 1.88 , 2.0 , 2 , 4
0 , 1.86 , 2.0 , 2 , 4
0 , 1.86 , 2.0 , 2 , 4
0 , 1.86 , 2.0 , 2 , 4
0 , 1.86 , 2.0 , 2 , 4
0 , 1.86 , 2.0 , 2 , 4
0 , 1.86 , 2.0 , 2 , 4
0 , 1.86 , 2.0 , 2 , 4
0 , 1.86 , 2.0 , 2 , 4
0 , 1.86 , 2.0 , 2 , 4
0 , 1.84 , 2.0 , 2 , 4
0 , 1.84 , 2.0 , 2 , 4
0 , 1.84 , 2.0 , 2 , 4
0 , 1.82 , 2.0 , 2 , 4
0 , 1.82 , 2.0 , 2 , 4
0 , 1.82 , 2.0 , 2 , 4
0 , 1.78 , 2.0 , 2 , 4
0 , 1.76 , 2.0 , 2 , 4
0 , 1.72 , 2.0 , 2 , 4
0 , 1.72 , 2.0 , 2 , 4
0 , 1.7 , 2.0 , 2 , 4
0 , 1.7 , 2.0 , 2 , 4
0 , 1.7 , 2.0 , 2 , 4
0 , 1.7 , 2.0 , 2 , 4
0 , 1.7 , 2.0 , 2 , 4
0 , 1.7 , 2.0 , 2 , 4
0 , 1.7 , 2.0 , 2 , 4
0 , 1.7 , 2.0 , 2 , 4
0 , 1.7 , 2.0 , 2 , 4
0 , 1.7 , 2.0 , 2 , 4
0 , 1.7 , 2.0 , 2 , 4
0 , 1.7 , 2.0 , 2 , 4
0 , 1.7 , 2.0 , 2 , 4
0 , 1.7 , 2.0 , 2 , 4
0 , 1.7 , 2.0 , 2 , 4
0 , 1.7 , 2.0 , 2 , 4
0 , 1.7 , 2.0 , 2 , 4
0 , 1.7 , 2.0 , 2 , 4
0 , 1.7 , 2.0 , 2 , 4
0 , 1.7 , 2.0 , 2 , 4
0 , 1.7 , 2.0 , 2 , 4
0 , 1.68 , 2.0 , 2 , 4
0 , 1.66 , 2.0 , 2 , 4
0 , 1.66 , 2.0 , 2 , 4
0 , 1.66 , 2.0 , 2 , 4
0 , 1.66 , 2.0 , 2 , 4
0 , 1.66 , 2.0 , 2 , 4
0 , 1.64 , 2.0 , 2 , 4
0 , 1.64 , 2.0 , 2 , 4
0 , 1.64 , 2.0 , 2 , 4
0 , 1.64 , 2.0 , 2 , 4
0 , 1.64 , 2.0 , 2 , 4
0 , 1.64 , 2.0 , 2 , 4
0 , 1.64 , 2.0 , 2 , 4
0 , 1.64 , 2.0 , 2 , 4
0 , 1.64 , 2.0 , 2 , 4
0 , 1.64 , 2.0 , 2 , 4
0 , 1.64 , 2.0 , 2 , 4
0 , 1.64 , 2.0 , 2 , 4
0 , 1.64 , 2.0 , 2 , 4
0 , 1.64 , 2.0 , 2 , 4
0 , 1.64 , 2.0 , 2 , 4
0 , 1.62 , 2.0 , 2 , 2
0 , 1.62 , 2.0 , 2 , 2
0 , 1.62 , 2.0 , 2 , 2
0 , 1.62 , 2.0 , 2 , 2
0 , 1.62 , 2.0 , 2 , 2
0 , 1.62 , 2.0 , 2 , 2
0 , 1.62 , 2.0 , 2 , 2
0 , 1.62 , 2.0 , 2 , 2
0 , 1.62 , 2.0 , 2 , 2
0 , 1.62 , 2.0 , 2 , 2
0 , 1.62 , 2.0 , 2 , 2
0 , 1.62 , 2.0 , 2 , 2
0 , 1.62 , 2.0 , 2 , 2
0 , 1.62 , 2.0 , 2 , 2
0 , 1.62 , 2.0 , 2 , 2
0 , 1.62 , 2.0 , 2 , 2
0 , 1.62 , 2.0 , 2 , 2
0 , 1.62 , 2.0 , 2 , 2
0 , 1.62 , 2.0 , 2 , 2
0 , 1.62 , 2.0 , 2 , 2
0 , 1.62 , 2.0 , 2 , 2
0 , 1.62 , 2.0 , 2 , 2
0 , 1.62 , 2.0 , 2 , 2
0 , 1.62 , 2.0 , 2 , 2
0 , 1.62 , 2.0 , 2 , 2
0 , 1.62 , 2.0 , 2 , 2
0 , 1.62 , 2.0 , 2 , 2
0 , 1.62 , 2.0 , 2 , 2
0 , 1.62 , 2.0 , 2 , 2
0 , 1.62 , 2.0 , 2 , 2
0 , 1.62 , 2.0 , 2 , 2
0 , 1.62 , 2.0 , 2 , 2
0 , 1.62 , 2.0 , 2 , 2
0 , 1.62 , 2.0 , 2 , 2
0 , 1.62 , 2.0 , 2 , 2
0 , 1.62 , 2.0 , 2 , 2
0 , 1.62 , 2.0 , 2 , 2
0 , 1.62 , 2.0 , 2 , 2
0 , 1.62 , 2.0 , 2 , 2
0 , 1.62 , 2.0 , 2 , 2
0 , 1.62 , 2.0 , 2 , 2
0 , 1.62 , 2.0 , 2 , 2
0 , 1.62 , 2.0 , 2 , 2
0 , 1.62 , 2.0 , 2 , 2
0 , 1.62 , 2.0 , 2 , 2
0 , 1.62 , 2.0 , 2 , 2
0 , 1.62 , 2.0 , 2 , 2
0 , 1.62 , 2.0 , 2 , 2
0 , 1.62 , 2.0 , 2 , 2
0 , 1.6 , 2.0 , 2 , 2
0 , 1.6 , 2.0 , 2 , 2
0 , 1.6 , 2.0 , 2 , 2
0 , 1.6 , 2.0 , 2 , 2
0 , 1.6 , 2.0 , 2 , 2
0 , 1.6 , 2.0 , 2 , 2
0 , 1.6 , 2.0 , 2 , 2
0 , 1.6 , 2.0 , 2 , 2
0 , 1.6 , 2.0 , 2 , 2
0 , 1.6 , 2.0 , 2 , 2
0 , 1.6 , 2.0 , 2 , 2
0 , 1.6 , 2.0 , 2 , 2
0 , 1.6 , 2.0 , 2 , 2
0 , 1.6 , 2.0 , 2 , 2
0 , 1.6 , 2.0 , 2 , 2
0 , 1.6 , 2.0 , 2 , 2
0 , 1.6 , 2.0 , 2 , 2
0 , 1.6 , 2.0 , 2 , 2
0 , 1.6 , 2.0 , 2 , 2
0 , 1.6 , 2.0 , 2 , 2
0 , 1.6 , 2.0 , 2 , 2
0 , 1.6 , 2.0 , 2 , 2
0 , 1.6 , 2.0 , 2 , 2
0 , 1.6 , 2.0 , 2 , 2
0 , 1.6 , 2.0 , 2 , 2
0 , 1.6 , 2.0 , 2 , 2
0 , 1.6 , 2.0 , 2 , 2
0 , 1.6 , 2.0 , 2 , 2
0 , 1.6 , 2.0 , 2 , 2
0 , 1.6 , 2.0 , 2 , 2
0 , 1.6 , 2.0 , 2 , 2
0 , 1.6 , 2.0 , 2 , 2
0 , 1.6 , 2.0 , 2 , 2
0 , 1.6 , 2.0 , 2 , 2
0 , 1.6 , 2.0 , 2 , 2
0 , 1.6 , 2.0 , 2 , 2
0 , 1.6 , 2.0 , 2 , 2
0 , 1.6 , 2.0 , 2 , 2
0 , 1.6 , 2.0 , 2 , 2
0 , 1.6 , 2.0 , 2 , 2
0 , 1.6 , 2.0 , 2 , 2
0 , 1.6 , 2.0 , 2 , 2
0 , 1.6 , 2.0 , 2 , 2
0 , 1.6 , 2.0 , 2 , 2
0 , 1.6 , 2.0 , 2 , 2
0 , 1.6 , 2.0 , 2 , 2
0 , 1.6 , 2.0 , 2 , 2
0 , 1.6 , 2.0 , 2 , 2
0 , 1.6 , 2.0 , 2 , 2
0 , 1.6 , 2.0 , 2 , 2
0 , 1.6 , 2.0 , 2 , 2
0 , 1.6 , 2.0 , 2 , 2
0 , 1.6 , 2.0 , 2 , 2
0 , 1.6 , 2.0 , 2 , 2
0 , 1.6 , 2.0 , 2 , 2
0 , 1.6 , 2.0 , 2 , 2
0 , 1.6 , 2.0 , 2 , 2
0 , 1.6 , 2.0 , 2 , 2
0 , 1.6 , 2.0 , 2 , 2
0 , 1.6 , 2.0 , 2 , 2
0 , 1.6 , 2.0 , 2 , 2
0 , 1.6 , 2.0 , 2 , 2
0 , 1.6 , 2.0 , 2 , 2
0 , 1.6 , 2.0 , 2 , 2
0 , 1.6 , 2.0 , 2 , 2
0 , 1.6 , 2.0 , 2 , 2
0 , 1.6 , 2.0 , 2 , 2
0 , 1.6 , 2.0 , 2 , 2
0 , 1.6 , 2.0 , 2 , 2
0 , 1.6 , 2.0 , 2 , 2
0 , 1.6 , 2.0 , 2 , 2
0 , 1.6 , 2.0 , 2 , 2
0 , 1.6 , 2.0 , 2 , 2
0 , 1.6 , 2.0 , 2 , 2
0 , 1.6 , 2.0 , 2 , 2
0 , 1.6 , 2.0 , 2 , 2
0 , 1.6 , 2.0 , 2 , 2
0 , 1.6 , 2.0 , 2 , 2
0 , 1.6 , 2.0 , 2 , 2
0 , 1.6 , 2.0 , 2 , 2
0 , 1.6 , 2.0 , 2 , 2
0 , 1.6 , 2.0 , 2 , 2
0 , 1.6 , 2.0 , 2 , 2
0 , 1.6 , 2.0 , 2 , 2
0 , 1.6 , 2.0 , 2 , 2
0 , 1.6 , 2.0 , 2 , 2
0 , 1.6 , 2.0 , 2 , 2
0 , 1.6 , 2.0 , 2 , 2
0 , 1.6 , 2.0 , 2 , 2
0 , 1.6 , 2.0 , 2 , 2
0 , 1.6 , 2.0 , 2 , 2
0 , 1.6 , 2.0 , 2 , 2
0 , 1.6 , 2.0 , 2 , 2
0 , 1.6 , 2.0 , 2 , 2
0 , 1.6 , 2.0 , 2 , 2
0 , 1.6 , 2.0 , 2 , 2
0 , 1.6 , 2.0 , 2 , 2
0 , 1.6 , 2.0 , 2 , 2
0 , 1.6 , 2.0 , 2 , 2
0 , 1.6 , 2.0 , 2 , 2
0 , 1.6 , 2.0 , 2 , 2
0 , 1.6 , 2.0 , 2 , 2
0 , 1.6 , 2.0 , 2 , 2
0 , 1.58 , 2.0 , 2 , 2
0 , 1.58 , 2.0 , 2 , 2
0 , 1.58 , 2.0 , 2 , 2
0 , 1.58 , 2.0 , 2 , 2
0 , 1.58 , 2.0 , 2 , 2
0 , 1.58 , 2.0 , 2 , 2
0 , 1.58 , 2.0 , 2 , 2
0 , 1.58 , 2.0 , 2 , 2
0 , 1.58 , 2.0 , 2 , 2
0 , 1.58 , 2.0 , 2 , 2
0 , 1.58 , 2.0 , 2 , 2
0 , 1.58 , 2.0 , 2 , 2
0 , 1.58 , 2.0 , 2 , 2
0 , 1.58 , 2.0 , 2 , 2
0 , 1.58 , 2.0 , 2 , 2
0 , 1.58 , 2.0 , 2 , 2
0 , 1.58 , 2.0 , 2 , 2
0 , 1.58 , 2.0 , 2 , 2
0 , 1.58 , 2.0 , 2 , 2
0 , 1.58 , 2.0 , 2 , 2
0 , 1.58 , 2.0 , 2 , 2
0 , 1.58 , 2.0 , 2 , 2
21  Perfect solutions
perfect solution individuals [[2, 4, 1, 7, 5, 3, 6, 0], [5, 2, 0, 7, 4, 1, 3, 6], [0, 6, 3, 5, 7, 1, 4, 2], [3, 5, 0, 4, 1, 7, 2, 6], [6, 1, 5, 2, 0, 3, 7, 4], [4, 0, 7, 3, 1, 6, 2, 5], [0, 6, 3, 5, 7, 1, 4, 2], [4, 0, 7, 5, 2, 6, 1, 3], [4, 2, 0, 5, 7, 1, 3, 6], [2, 0, 6, 4, 7, 1, 3, 5], [3, 1, 6, 2, 5, 7, 0, 4], [4, 0, 7, 5, 2, 6, 1, 3], [3, 1, 6, 2, 5, 7, 4, 0], [0, 4, 7, 5, 2, 6, 1, 3], [4, 0, 3, 5, 7, 1, 6, 2], [4, 2, 0, 5, 7, 1, 3, 6], [4, 2, 0, 5, 7, 1, 3, 6], [4, 0, 3, 5, 7, 1, 6, 2], [4, 6, 3, 0, 2, 7, 5, 1], [4, 2, 0, 5, 7, 1, 3, 6], [3, 6, 0, 7, 4, 1, 5, 2]]
