0 , 10.14 , 10.0 , 8 , 22
0 , 9.88 , 10.0 , 8 , 22
0 , 9.64 , 10.0 , 8 , 18
0 , 9.46 , 10.0 , 8 , 18
0 , 9.3 , 9.0 , 8 , 18
0 , 9.1 , 8.0 , 8 , 18
0 , 9.02 , 8.0 , 8 , 16
0 , 8.96 , 8.0 , 8 , 16
0 , 8.84 , 8.0 , 8 , 14
0 , 8.8 , 8.0 , 8 , 14
0 , 8.72 , 8.0 , 8 , 14
0 , 8.68 , 8.0 , 8 , 14
0 , 8.66 , 8.0 , 8 , 14
0 , 8.48 , 8.0 , 8 , 14
0 , 8.4 , 8.0 , 8 , 14
0 , 8.26 , 8.0 , 8 , 14
0 , 8.26 , 8.0 , 8 , 14
0 , 8.18 , 8.0 , 8 , 12
0 , 8.16 , 8.0 , 8 , 12
0 , 8.04 , 8.0 , 8 , 12
0 , 7.94 , 8.0 , 8 , 12
0 , 7.86 , 8.0 , 8 , 12
0 , 7.74 , 8.0 , 8 , 12
0 , 7.66 , 8.0 , 8 , 12
0 , 7.6 , 8.0 , 8 , 12
0 , 7.44 , 8.0 , 8 , 12
0 , 7.36 , 8.0 , 8 , 12
0 , 7.3 , 8.0 , 8 , 12
0 , 7.28 , 8.0 , 8 , 12
0 , 7.14 , 8.0 , 8 , 12
0 , 7.12 , 8.0 , 8 , 12
0 , 7.06 , 8.0 , 8 , 12
0 , 7.04 , 8.0 , 8 , 10
0 , 7.04 , 8.0 , 8 , 10
0 , 7.0 , 8.0 , 8 , 10
0 , 6.94 , 8.0 , 8 , 10
0 , 6.92 , 8.0 , 8 , 10
0 , 6.88 , 8.0 , 8 , 10
0 , 6.8 , 8.0 , 8 , 10
0 , 6.74 , 8.0 , 8 , 10
0 , 6.64 , 8.0 , 8 , 10
0 , 6.58 , 8.0 , 8 , 10
0 , 6.48 , 7.0 , 8 , 10
0 , 6.44 , 6.0 , 8 , 10
0 , 6.38 , 6.0 , 8 , 10
0 , 6.3 , 6.0 , 8 , 10
0 , 6.2 , 6.0 , 8 , 10
0 , 6.18 , 6.0 , 8 , 10
0 , 6.16 , 6.0 , 8 , 10
0 , 6.16 , 6.0 , 8 , 10
0 , 6.16 , 6.0 , 8 , 10
0 , 6.16 , 6.0 , 8 , 10
0 , 6.08 , 6.0 , 8 , 10
0 , 6.08 , 6.0 , 8 , 10
0 , 6.0 , 6.0 , 8 , 10
0 , 5.94 , 6.0 , 8 , 10
0 , 5.92 , 6.0 , 8 , 8
0 , 5.92 , 6.0 , 8 , 8
0 , 5.92 , 6.0 , 8 , 8
0 , 5.9 , 6.0 , 8 , 8
0 , 5.86 , 6.0 , 8 , 8
0 , 5.82 , 6.0 , 8 , 8
0 , 5.8 , 6.0 , 8 , 8
0 , 5.8 , 6.0 , 8 , 8
0 , 5.8 , 6.0 , 8 , 8
0 , 5.78 , 6.0 , 6 , 8
0 , 5.78 , 6.0 , 6 , 8
0 , 5.78 , 6.0 , 6 , 8
0 , 5.74 , 6.0 , 6 , 8
0 , 5.72 , 6.0 , 6 , 8
0 , 5.66 , 6.0 , 6 , 8
0 , 5.64 , 6.0 , 6 , 8
0 , 5.62 , 6.0 , 6 , 8
0 , 5.6 , 6.0 , 6 , 8
0 , 5.58 , 6.0 , 6 , 8
0 , 5.58 , 6.0 , 6 , 8
0 , 5.58 , 6.0 , 6 , 8
0 , 5.58 , 6.0 , 6 , 8
0 , 5.54 , 6.0 , 6 , 8
0 , 5.48 , 6.0 , 6 , 8
0 , 5.48 , 6.0 , 6 , 8
0 , 5.48 , 6.0 , 6 , 8
0 , 5.38 , 6.0 , 6 , 8
0 , 5.38 , 6.0 , 6 , 8
0 , 5.34 , 6.0 , 6 , 8
0 , 5.32 , 6.0 , 6 , 8
0 , 5.24 , 6.0 , 6 , 8
0 , 5.2 , 6.0 , 6 , 8
0 , 5.18 , 6.0 , 6 , 8
0 , 5.18 , 6.0 , 6 , 8
0 , 5.16 , 6.0 , 6 , 8
0 , 5.16 , 6.0 , 6 , 8
0 , 5.08 , 6.0 , 6 , 8
0 , 5.06 , 6.0 , 6 , 8
0 , 5.06 , 6.0 , 6 , 8
0 , 5.04 , 6.0 , 6 , 8
0 , 5.04 , 6.0 , 6 , 8
0 , 5.0 , 6.0 , 6 , 8
0 , 5.0 , 6.0 , 6 , 8
0 , 4.94 , 6.0 , 6 , 8
0 , 4.88 , 6.0 , 6 , 8
0 , 4.84 , 6.0 , 6 , 8
0 , 4.82 , 6.0 , 6 , 8
0 , 4.8 , 6.0 , 6 , 6
0 , 4.8 , 6.0 , 6 , 6
0 , 4.78 , 6.0 , 6 , 6
0 , 4.78 , 6.0 , 6 , 6
0 , 4.78 , 6.0 , 6 , 6
0 , 4.78 , 6.0 , 6 , 6
0 , 4.74 , 6.0 , 6 , 6
0 , 4.74 , 6.0 , 6 , 6
0 , 4.72 , 6.0 , 6 , 6
0 , 4.72 , 6.0 , 6 , 6
0 , 4.72 , 6.0 , 6 , 6
0 , 4.72 , 6.0 , 6 , 6
0 , 4.72 , 6.0 , 6 , 6
0 , 4.72 , 6.0 , 6 , 6
0 , 4.7 , 6.0 , 6 , 6
0 , 4.7 , 6.0 , 6 , 6
0 , 4.7 , 6.0 , 6 , 6
0 , 4.68 , 6.0 , 6 , 6
0 , 4.68 , 6.0 , 6 , 6
0 , 4.68 , 6.0 , 6 , 6
0 , 4.66 , 6.0 , 6 , 6
0 , 4.66 , 6.0 , 6 , 6
0 , 4.66 , 6.0 , 6 , 6
0 , 4.66 , 6.0 , 6 , 6
0 , 4.66 , 6.0 , 6 , 6
0 , 4.66 , 6.0 , 6 , 6
0 , 4.66 , 6.0 , 6 , 6
0 , 4.66 , 6.0 , 6 , 6
0 , 4.62 , 5.0 , 6 , 6
0 , 4.62 , 5.0 , 6 , 6
0 , 4.62 , 5.0 , 6 , 6
0 , 4.62 , 5.0 , 6 , 6
0 , 4.62 , 5.0 , 6 , 6
0 , 4.62 , 5.0 , 6 , 6
0 , 4.62 , 5.0 , 6 , 6
0 , 4.62 , 5.0 , 6 , 6
0 , 4.6 , 4.0 , 6 , 6
0 , 4.6 , 4.0 , 6 , 6
0 , 4.58 , 4.0 , 6 , 6
0 , 4.58 , 4.0 , 6 , 6
0 , 4.58 , 4.0 , 6 , 6
0 , 4.58 , 4.0 , 6 , 6
0 , 4.58 , 4.0 , 6 , 6
0 , 4.58 , 4.0 , 6 , 6
0 , 4.58 , 4.0 , 6 , 6
0 , 4.58 , 4.0 , 6 , 6
0 , 4.58 , 4.0 , 6 , 6
0 , 4.54 , 4.0 , 6 , 6
0 , 4.48 , 4.0 , 6 , 6
0 , 4.42 , 4.0 , 6 , 6
0 , 4.42 , 4.0 , 6 , 6
0 , 4.42 , 4.0 , 6 , 6
0 , 4.42 , 4.0 , 6 , 6
0 , 4.42 , 4.0 , 6 , 6
0 , 4.42 , 4.0 , 6 , 6
0 , 4.42 , 4.0 , 6 , 6
0 , 4.42 , 4.0 , 6 , 6
0 , 4.42 , 4.0 , 6 , 6
0 , 4.42 , 4.0 , 6 , 6
0 , 4.42 , 4.0 , 6 , 6
0 , 4.36 , 4.0 , 6 , 6
0 , 4.36 , 4.0 , 6 , 6
0 , 4.32 , 4.0 , 6 , 6
0 , 4.3 , 4.0 , 6 , 6
0 , 4.28 , 4.0 , 4 , 6
0 , 4.28 , 4.0 , 4 , 6
0 , 4.28 , 4.0 , 4 , 6
0 , 4.28 , 4.0 , 4 , 6
0 , 4.28 , 4.0 , 4 , 6
0 , 4.28 , 4.0 , 4 , 6
0 , 4.28 , 4.0 , 4 , 6
0 , 4.28 , 4.0 , 4 , 6
0 , 4.24 , 4.0 , 4 , 6
0 , 4.24 , 4.0 , 4 , 6
0 , 4.24 , 4.0 , 4 , 6
0 , 4.24 , 4.0 , 4 , 6
0 , 4.2 , 4.0 , 4 , 6
0 , 4.16 , 4.0 , 4 , 6
0 , 4.16 , 4.0 , 4 , 6
0 , 4.16 , 4.0 , 4 , 6
0 , 4.14 , 4.0 , 4 , 6
0 , 4.14 , 4.0 , 4 , 6
0 , 4.14 , 4.0 , 4 , 6
0 , 4.14 , 4.0 , 4 , 6
0 , 4.14 , 4.0 , 4 , 6
0 , 4.14 , 4.0 , 4 , 6
0 , 4.14 , 4.0 , 4 , 6
0 , 4.14 , 4.0 , 4 , 6
0 , 4.14 , 4.0 , 4 , 6
0 , 4.14 , 4.0 , 4 , 6
0 , 4.14 , 4.0 , 4 , 6
0 , 4.12 , 4.0 , 4 , 6
0 , 4.1 , 4.0 , 4 , 6
0 , 4.1 , 4.0 , 4 , 6
0 , 4.1 , 4.0 , 4 , 6
0 , 4.1 , 4.0 , 4 , 6
0 , 4.04 , 4.0 , 4 , 6
0 , 4.0 , 4.0 , 4 , 6
0 , 4.0 , 4.0 , 4 , 6
0 , 4.0 , 4.0 , 4 , 6
0 , 4.0 , 4.0 , 4 , 6
0 , 3.92 , 4.0 , 4 , 6
0 , 3.92 , 4.0 , 4 , 6
0 , 3.92 , 4.0 , 4 , 6
0 , 3.92 , 4.0 , 4 , 6
0 , 3.92 , 4.0 , 4 , 6
0 , 3.92 , 4.0 , 4 , 6
0 , 3.92 , 4.0 , 4 , 6
0 , 3.92 , 4.0 , 4 , 6
0 , 3.9 , 4.0 , 4 , 6
0 , 3.9 , 4.0 , 4 , 6
0 , 3.9 , 4.0 , 4 , 6
0 , 3.9 , 4.0 , 4 , 6
0 , 3.84 , 4.0 , 4 , 6
0 , 3.82 , 4.0 , 4 , 6
0 , 3.82 , 4.0 , 4 , 6
0 , 3.82 , 4.0 , 4 , 6
0 , 3.82 , 4.0 , 4 , 6
0 , 3.82 , 4.0 , 4 , 6
0 , 3.8 , 4.0 , 4 , 6
0 , 3.8 , 4.0 , 4 , 6
0 , 3.78 , 4.0 , 4 , 6
0 , 3.78 , 4.0 , 4 , 6
0 , 3.78 , 4.0 , 4 , 6
0 , 3.78 , 4.0 , 4 , 6
0 , 3.78 , 4.0 , 4 , 6
0 , 3.78 , 4.0 , 4 , 6
0 , 3.74 , 4.0 , 4 , 6
0 , 3.74 , 4.0 , 4 , 6
0 , 3.72 , 4.0 , 4 , 6
0 , 3.68 , 4.0 , 4 , 6
0 , 3.68 , 4.0 , 4 , 6
0 , 3.62 , 4.0 , 4 , 6
0 , 3.6 , 4.0 , 4 , 6
0 , 3.6 , 4.0 , 4 , 6
0 , 3.6 , 4.0 , 4 , 6
0 , 3.56 , 4.0 , 4 , 6
0 , 3.56 , 4.0 , 4 , 6
0 , 3.56 , 4.0 , 4 , 6
0 , 3.56 , 4.0 , 4 , 6
0 , 3.52 , 4.0 , 4 , 6
0 , 3.48 , 4.0 , 4 , 6
0 , 3.48 , 4.0 , 4 , 6
0 , 3.48 , 4.0 , 4 , 6
0 , 3.42 , 4.0 , 4 , 6
0 , 3.42 , 4.0 , 4 , 6
0 , 3.42 , 4.0 , 4 , 6
0 , 3.4 , 4.0 , 4 , 6
0 , 3.4 , 4.0 , 4 , 6
0 , 3.4 , 4.0 , 4 , 6
0 , 3.38 , 4.0 , 4 , 6
0 , 3.36 , 4.0 , 4 , 6
0 , 3.36 , 4.0 , 4 , 6
0 , 3.32 , 4.0 , 4 , 6
0 , 3.32 , 4.0 , 4 , 6
0 , 3.32 , 4.0 , 4 , 6
0 , 3.32 , 4.0 , 4 , 6
0 , 3.32 , 4.0 , 4 , 6
0 , 3.32 , 4.0 , 4 , 6
0 , 3.32 , 4.0 , 4 , 6
0 , 3.32 , 4.0 , 4 , 6
0 , 3.32 , 4.0 , 4 , 6
0 , 3.32 , 4.0 , 4 , 6
0 , 3.28 , 4.0 , 4 , 6
0 , 3.28 , 4.0 , 4 , 6
0 , 3.28 , 4.0 , 4 , 6
0 , 3.28 , 4.0 , 4 , 6
0 , 3.24 , 4.0 , 4 , 6
0 , 3.24 , 4.0 , 4 , 6
0 , 3.24 , 4.0 , 4 , 6
0 , 3.24 , 4.0 , 4 , 6
0 , 3.24 , 4.0 , 4 , 6
0 , 3.24 , 4.0 , 4 , 6
0 , 3.24 , 4.0 , 4 , 6
0 , 3.2 , 4.0 , 4 , 6
0 , 3.18 , 4.0 , 4 , 6
0 , 3.18 , 4.0 , 4 , 6
0 , 3.18 , 4.0 , 4 , 6
0 , 3.16 , 4.0 , 4 , 6
0 , 3.16 , 4.0 , 4 , 6
0 , 3.16 , 4.0 , 4 , 6
0 , 3.16 , 4.0 , 4 , 6
0 , 3.16 , 4.0 , 4 , 6
0 , 3.16 , 4.0 , 4 , 6
0 , 3.12 , 4.0 , 4 , 4
0 , 3.12 , 4.0 , 4 , 4
0 , 3.1 , 4.0 , 4 , 4
0 , 3.1 , 4.0 , 4 , 4
0 , 3.1 , 4.0 , 4 , 4
0 , 3.1 , 4.0 , 4 , 4
0 , 3.1 , 4.0 , 4 , 4
0 , 3.1 , 4.0 , 4 , 4
0 , 3.1 , 4.0 , 4 , 4
0 , 3.1 , 4.0 , 4 , 4
0 , 3.1 , 4.0 , 4 , 4
0 , 3.08 , 4.0 , 4 , 4
0 , 3.08 , 4.0 , 4 , 4
0 , 3.08 , 4.0 , 4 , 4
0 , 3.08 , 4.0 , 4 , 4
0 , 3.08 , 4.0 , 4 , 4
0 , 3.08 , 4.0 , 4 , 4
0 , 3.08 , 4.0 , 4 , 4
0 , 3.08 , 4.0 , 4 , 4
0 , 3.08 , 4.0 , 4 , 4
0 , 3.08 , 4.0 , 4 , 4
0 , 3.08 , 4.0 , 4 , 4
0 , 3.08 , 4.0 , 4 , 4
0 , 3.08 , 4.0 , 4 , 4
0 , 3.08 , 4.0 , 4 , 4
0 , 3.08 , 4.0 , 4 , 4
0 , 3.08 , 4.0 , 4 , 4
0 , 3.08 , 4.0 , 4 , 4
0 , 3.08 , 4.0 , 4 , 4
0 , 3.08 , 4.0 , 4 , 4
0 , 3.08 , 4.0 , 4 , 4
0 , 3.06 , 4.0 , 4 , 4
0 , 3.06 , 4.0 , 4 , 4
0 , 3.06 , 4.0 , 4 , 4
0 , 3.06 , 4.0 , 4 , 4
0 , 3.02 , 4.0 , 4 , 4
0 , 3.02 , 4.0 , 4 , 4
0 , 3.02 , 4.0 , 4 , 4
0 , 3.02 , 4.0 , 4 , 4
0 , 3.02 , 4.0 , 4 , 4
0 , 3.02 , 4.0 , 4 , 4
0 , 3.02 , 4.0 , 4 , 4
0 , 3.02 , 4.0 , 4 , 4
0 , 3.02 , 4.0 , 4 , 4
0 , 3.02 , 4.0 , 4 , 4
0 , 3.02 , 4.0 , 4 , 4
0 , 3.02 , 4.0 , 4 , 4
0 , 3.02 , 4.0 , 4 , 4
0 , 3.02 , 4.0 , 4 , 4
0 , 3.0 , 4.0 , 4 , 4
0 , 3.0 , 4.0 , 4 , 4
0 , 3.0 , 4.0 , 4 , 4
0 , 3.0 , 4.0 , 4 , 4
0 , 3.0 , 4.0 , 4 , 4
0 , 3.0 , 4.0 , 4 , 4
0 , 3.0 , 4.0 , 4 , 4
0 , 3.0 , 4.0 , 4 , 4
0 , 3.0 , 4.0 , 4 , 4
0 , 3.0 , 4.0 , 4 , 4
0 , 3.0 , 4.0 , 4 , 4
0 , 3.0 , 4.0 , 4 , 4
0 , 3.0 , 4.0 , 4 , 4
0 , 3.0 , 4.0 , 4 , 4
0 , 3.0 , 4.0 , 4 , 4
0 , 2.98 , 4.0 , 4 , 4
0 , 2.98 , 4.0 , 4 , 4
0 , 2.94 , 4.0 , 4 , 4
0 , 2.94 , 4.0 , 4 , 4
0 , 2.94 , 4.0 , 4 , 4
0 , 2.94 , 4.0 , 4 , 4
0 , 2.94 , 4.0 , 4 , 4
0 , 2.94 , 4.0 , 4 , 4
0 , 2.94 , 4.0 , 4 , 4
0 , 2.94 , 4.0 , 4 , 4
0 , 2.92 , 4.0 , 4 , 4
0 , 2.92 , 4.0 , 4 , 4
0 , 2.92 , 4.0 , 4 , 4
0 , 2.9 , 4.0 , 4 , 4
0 , 2.9 , 4.0 , 4 , 4
0 , 2.9 , 4.0 , 4 , 4
0 , 2.9 , 4.0 , 4 , 4
0 , 2.9 , 4.0 , 4 , 4
0 , 2.9 , 4.0 , 4 , 4
0 , 2.9 , 4.0 , 4 , 4
0 , 2.9 , 4.0 , 4 , 4
0 , 2.9 , 4.0 , 4 , 4
0 , 2.9 , 4.0 , 4 , 4
0 , 2.9 , 4.0 , 4 , 4
0 , 2.9 , 4.0 , 4 , 4
0 , 2.9 , 4.0 , 4 , 4
0 , 2.88 , 4.0 , 4 , 4
0 , 2.88 , 4.0 , 4 , 4
0 , 2.88 , 4.0 , 4 , 4
0 , 2.88 , 4.0 , 4 , 4
0 , 2.88 , 4.0 , 4 , 4
0 , 2.84 , 4.0 , 4 , 4
0 , 2.84 , 4.0 , 4 , 4
0 , 2.84 , 4.0 , 4 , 4
0 , 2.84 , 4.0 , 4 , 4
0 , 2.84 , 4.0 , 4 , 4
0 , 2.84 , 4.0 , 4 , 4
0 , 2.84 , 4.0 , 4 , 4
0 , 2.82 , 4.0 , 4 , 4
0 , 2.82 , 4.0 , 4 , 4
0 , 2.82 , 4.0 , 4 , 4
0 , 2.82 , 4.0 , 4 , 4
0 , 2.82 , 4.0 , 4 , 4
0 , 2.8 , 4.0 , 4 , 4
0 , 2.8 , 4.0 , 4 , 4
0 , 2.8 , 4.0 , 4 , 4
0 , 2.8 , 4.0 , 4 , 4
0 , 2.8 , 4.0 , 4 , 4
0 , 2.8 , 4.0 , 4 , 4
0 , 2.8 , 4.0 , 4 , 4
0 , 2.8 , 4.0 , 4 , 4
0 , 2.8 , 4.0 , 4 , 4
0 , 2.8 , 4.0 , 4 , 4
0 , 2.8 , 4.0 , 4 , 4
0 , 2.8 , 4.0 , 4 , 4
0 , 2.78 , 3.0 , 4 , 4
0 , 2.78 , 3.0 , 4 , 4
0 , 2.78 , 3.0 , 4 , 4
0 , 2.78 , 3.0 , 4 , 4
0 , 2.78 , 3.0 , 4 , 4
0 , 2.78 , 3.0 , 4 , 4
0 , 2.78 , 3.0 , 4 , 4
0 , 2.78 , 3.0 , 4 , 4
0 , 2.78 , 3.0 , 4 , 4
0 , 2.78 , 3.0 , 4 , 4
0 , 2.78 , 3.0 , 4 , 4
0 , 2.78 , 3.0 , 4 , 4
0 , 2.78 , 3.0 , 4 , 4
0 , 2.78 , 3.0 , 4 , 4
0 , 2.76 , 2.0 , 4 , 4
0 , 2.76 , 2.0 , 4 , 4
0 , 2.76 , 2.0 , 4 , 4
0 , 2.76 , 2.0 , 4 , 4
0 , 2.76 , 2.0 , 4 , 4
0 , 2.76 , 2.0 , 4 , 4
0 , 2.76 , 2.0 , 4 , 4
0 , 2.76 , 2.0 , 4 , 4
0 , 2.74 , 2.0 , 4 , 4
0 , 2.72 , 2.0 , 4 , 4
0 , 2.72 , 2.0 , 4 , 4
0 , 2.72 , 2.0 , 4 , 4
0 , 2.72 , 2.0 , 4 , 4
0 , 2.72 , 2.0 , 4 , 4
0 , 2.72 , 2.0 , 4 , 4
0 , 2.72 , 2.0 , 4 , 4
0 , 2.72 , 2.0 , 4 , 4
0 , 2.72 , 2.0 , 4 , 4
0 , 2.72 , 2.0 , 4 , 4
0 , 2.72 , 2.0 , 4 , 4
0 , 2.72 , 2.0 , 4 , 4
0 , 2.72 , 2.0 , 4 , 4
0 , 2.72 , 2.0 , 4 , 4
0 , 2.72 , 2.0 , 4 , 4
0 , 2.7 , 2.0 , 4 , 4
0 , 2.7 , 2.0 , 4 , 4
0 , 2.7 , 2.0 , 4 , 4
0 , 2.7 , 2.0 , 4 , 4
0 , 2.7 , 2.0 , 4 , 4
0 , 2.68 , 2.0 , 4 , 4
0 , 2.68 , 2.0 , 4 , 4
0 , 2.68 , 2.0 , 4 , 4
0 , 2.68 , 2.0 , 4 , 4
0 , 2.68 , 2.0 , 4 , 4
0 , 2.68 , 2.0 , 4 , 4
0 , 2.68 , 2.0 , 4 , 4
0 , 2.68 , 2.0 , 4 , 4
0 , 2.68 , 2.0 , 4 , 4
0 , 2.68 , 2.0 , 4 , 4
0 , 2.68 , 2.0 , 4 , 4
0 , 2.68 , 2.0 , 4 , 4
0 , 2.68 , 2.0 , 4 , 4
0 , 2.68 , 2.0 , 4 , 4
0 , 2.66 , 2.0 , 2 , 4
0 , 2.6 , 2.0 , 2 , 4
0 , 2.6 , 2.0 , 2 , 4
0 , 2.6 , 2.0 , 2 , 4
0 , 2.6 , 2.0 , 2 , 4
0 , 2.6 , 2.0 , 2 , 4
0 , 2.6 , 2.0 , 2 , 4
0 , 2.58 , 2.0 , 2 , 4
0 , 2.56 , 2.0 , 2 , 4
0 , 2.56 , 2.0 , 2 , 4
0 , 2.56 , 2.0 , 2 , 4
0 , 2.56 , 2.0 , 2 , 4
0 , 2.56 , 2.0 , 2 , 4
0 , 2.56 , 2.0 , 2 , 4
0 , 2.56 , 2.0 , 2 , 4
0 , 2.56 , 2.0 , 2 , 4
0 , 2.56 , 2.0 , 2 , 4
0 , 2.54 , 2.0 , 2 , 4
0 , 2.54 , 2.0 , 2 , 4
0 , 2.54 , 2.0 , 2 , 4
0 , 2.54 , 2.0 , 2 , 4
0 , 2.54 , 2.0 , 2 , 4
0 , 2.54 , 2.0 , 2 , 4
0 , 2.54 , 2.0 , 2 , 4
0 , 2.54 , 2.0 , 2 , 4
0 , 2.54 , 2.0 , 2 , 4
0 , 2.52 , 2.0 , 2 , 4
0 , 2.52 , 2.0 , 2 , 4
0 , 2.52 , 2.0 , 2 , 4
0 , 2.52 , 2.0 , 2 , 4
0 , 2.52 , 2.0 , 2 , 4
0 , 2.52 , 2.0 , 2 , 4
0 , 2.52 , 2.0 , 2 , 4
0 , 2.52 , 2.0 , 2 , 4
0 , 2.52 , 2.0 , 2 , 4
0 , 2.52 , 2.0 , 2 , 4
0 , 2.52 , 2.0 , 2 , 4
0 , 2.52 , 2.0 , 2 , 4
0 , 2.52 , 2.0 , 2 , 4
0 , 2.52 , 2.0 , 2 , 4
0 , 2.52 , 2.0 , 2 , 4
0 , 2.52 , 2.0 , 2 , 4
0 , 2.52 , 2.0 , 2 , 4
0 , 2.52 , 2.0 , 2 , 4
0 , 2.52 , 2.0 , 2 , 4
0 , 2.52 , 2.0 , 2 , 4
0 , 2.52 , 2.0 , 2 , 4
0 , 2.52 , 2.0 , 2 , 4
0 , 2.52 , 2.0 , 2 , 4
0 , 2.52 , 2.0 , 2 , 4
0 , 2.52 , 2.0 , 2 , 4
0 , 2.52 , 2.0 , 2 , 4
0 , 2.52 , 2.0 , 2 , 4
0 , 2.52 , 2.0 , 2 , 4
0 , 2.52 , 2.0 , 2 , 4
0 , 2.52 , 2.0 , 2 , 4
0 , 2.52 , 2.0 , 2 , 4
0 , 2.52 , 2.0 , 2 , 4
0 , 2.52 , 2.0 , 2 , 4
0 , 2.52 , 2.0 , 2 , 4
0 , 2.52 , 2.0 , 2 , 4
0 , 2.52 , 2.0 , 2 , 4
0 , 2.48 , 2.0 , 2 , 4
0 , 2.48 , 2.0 , 2 , 4
0 , 2.48 , 2.0 , 2 , 4
0 , 2.46 , 2.0 , 2 , 4
0 , 2.46 , 2.0 , 2 , 4
0 , 2.46 , 2.0 , 2 , 4
0 , 2.46 , 2.0 , 2 , 4
0 , 2.46 , 2.0 , 2 , 4
0 , 2.46 , 2.0 , 2 , 4
0 , 2.46 , 2.0 , 2 , 4
0 , 2.46 , 2.0 , 2 , 4
0 , 2.44 , 2.0 , 2 , 4
0 , 2.44 , 2.0 , 2 , 4
0 , 2.42 , 2.0 , 2 , 4
0 , 2.42 , 2.0 , 2 , 4
0 , 2.42 , 2.0 , 2 , 4
0 , 2.42 , 2.0 , 2 , 4
0 , 2.42 , 2.0 , 2 , 4
0 , 2.42 , 2.0 , 2 , 4
0 , 2.42 , 2.0 , 2 , 4
0 , 2.42 , 2.0 , 2 , 4
0 , 2.42 , 2.0 , 2 , 4
0 , 2.42 , 2.0 , 2 , 4
0 , 2.42 , 2.0 , 2 , 4
0 , 2.42 , 2.0 , 2 , 4
0 , 2.4 , 2.0 , 2 , 4
0 , 2.4 , 2.0 , 2 , 4
0 , 2.4 , 2.0 , 2 , 4
0 , 2.4 , 2.0 , 2 , 4
0 , 2.4 , 2.0 , 2 , 4
0 , 2.4 , 2.0 , 2 , 4
0 , 2.4 , 2.0 , 2 , 4
0 , 2.4 , 2.0 , 2 , 4
0 , 2.4 , 2.0 , 2 , 4
0 , 2.4 , 2.0 , 2 , 4
0 , 2.4 , 2.0 , 2 , 4
0 , 2.4 , 2.0 , 2 , 4
0 , 2.4 , 2.0 , 2 , 4
0 , 2.4 , 2.0 , 2 , 4
0 , 2.4 , 2.0 , 2 , 4
0 , 2.4 , 2.0 , 2 , 4
0 , 2.4 , 2.0 , 2 , 4
0 , 2.4 , 2.0 , 2 , 4
0 , 2.4 , 2.0 , 2 , 4
0 , 2.38 , 2.0 , 2 , 4
0 , 2.38 , 2.0 , 2 , 4
0 , 2.38 , 2.0 , 2 , 4
0 , 2.38 , 2.0 , 2 , 4
0 , 2.38 , 2.0 , 2 , 4
0 , 2.38 , 2.0 , 2 , 4
0 , 2.38 , 2.0 , 2 , 4
0 , 2.38 , 2.0 , 2 , 4
0 , 2.38 , 2.0 , 2 , 4
0 , 2.38 , 2.0 , 2 , 4
0 , 2.38 , 2.0 , 2 , 4
0 , 2.38 , 2.0 , 2 , 4
0 , 2.38 , 2.0 , 2 , 4
0 , 2.38 , 2.0 , 2 , 4
0 , 2.38 , 2.0 , 2 , 4
0 , 2.38 , 2.0 , 2 , 4
0 , 2.38 , 2.0 , 2 , 4
0 , 2.38 , 2.0 , 2 , 4
0 , 2.38 , 2.0 , 2 , 4
0 , 2.38 , 2.0 , 2 , 4
0 , 2.38 , 2.0 , 2 , 4
0 , 2.36 , 2.0 , 2 , 4
0 , 2.36 , 2.0 , 2 , 4
0 , 2.36 , 2.0 , 2 , 4
0 , 2.36 , 2.0 , 2 , 4
0 , 2.36 , 2.0 , 2 , 4
0 , 2.36 , 2.0 , 2 , 4
0 , 2.36 , 2.0 , 2 , 4
0 , 2.36 , 2.0 , 2 , 4
0 , 2.36 , 2.0 , 2 , 4
0 , 2.36 , 2.0 , 2 , 4
0 , 2.36 , 2.0 , 2 , 4
0 , 2.34 , 2.0 , 2 , 4
0 , 2.34 , 2.0 , 2 , 4
0 , 2.32 , 2.0 , 2 , 4
0 , 2.32 , 2.0 , 2 , 4
0 , 2.32 , 2.0 , 2 , 4
0 , 2.32 , 2.0 , 2 , 4
0 , 2.32 , 2.0 , 2 , 4
0 , 2.32 , 2.0 , 2 , 4
0 , 2.3 , 2.0 , 2 , 4
0 , 2.3 , 2.0 , 2 , 4
0 , 2.3 , 2.0 , 2 , 4
0 , 2.3 , 2.0 , 2 , 4
0 , 2.3 , 2.0 , 2 , 4
0 , 2.3 , 2.0 , 2 , 4
0 , 2.3 , 2.0 , 2 , 4
0 , 2.28 , 2.0 , 2 , 4
0 , 2.28 , 2.0 , 2 , 4
0 , 2.28 , 2.0 , 2 , 4
0 , 2.28 , 2.0 , 2 , 4
0 , 2.28 , 2.0 , 2 , 4
0 , 2.28 , 2.0 , 2 , 4
0 , 2.28 , 2.0 , 2 , 4
0 , 2.28 , 2.0 , 2 , 4
0 , 2.28 , 2.0 , 2 , 4
0 , 2.28 , 2.0 , 2 , 4
0 , 2.28 , 2.0 , 2 , 4
0 , 2.28 , 2.0 , 2 , 4
0 , 2.28 , 2.0 , 2 , 4
0 , 2.28 , 2.0 , 2 , 4
0 , 2.28 , 2.0 , 2 , 4
0 , 2.28 , 2.0 , 2 , 4
0 , 2.28 , 2.0 , 2 , 4
0 , 2.28 , 2.0 , 2 , 4
0 , 2.28 , 2.0 , 2 , 4
0 , 2.28 , 2.0 , 2 , 4
0 , 2.26 , 2.0 , 2 , 4
0 , 2.26 , 2.0 , 2 , 4
0 , 2.26 , 2.0 , 2 , 4
0 , 2.26 , 2.0 , 2 , 4
0 , 2.26 , 2.0 , 2 , 4
0 , 2.26 , 2.0 , 2 , 4
0 , 2.22 , 2.0 , 2 , 4
0 , 2.22 , 2.0 , 2 , 4
0 , 2.22 , 2.0 , 2 , 4
0 , 2.22 , 2.0 , 2 , 4
0 , 2.22 , 2.0 , 2 , 4
0 , 2.22 , 2.0 , 2 , 4
0 , 2.22 , 2.0 , 2 , 4
0 , 2.22 , 2.0 , 2 , 4
0 , 2.22 , 2.0 , 2 , 4
0 , 2.22 , 2.0 , 2 , 4
0 , 2.22 , 2.0 , 2 , 4
0 , 2.22 , 2.0 , 2 , 4
0 , 2.22 , 2.0 , 2 , 4
0 , 2.22 , 2.0 , 2 , 4
0 , 2.22 , 2.0 , 2 , 4
0 , 2.2 , 2.0 , 2 , 4
0 , 2.18 , 2.0 , 2 , 4
0 , 2.18 , 2.0 , 2 , 4
0 , 2.18 , 2.0 , 2 , 4
0 , 2.12 , 2.0 , 2 , 4
0 , 2.12 , 2.0 , 2 , 4
0 , 2.12 , 2.0 , 2 , 4
0 , 2.12 , 2.0 , 2 , 4
0 , 2.12 , 2.0 , 2 , 4
0 , 2.12 , 2.0 , 2 , 4
0 , 2.12 , 2.0 , 2 , 4
0 , 2.12 , 2.0 , 2 , 4
0 , 2.12 , 2.0 , 2 , 4
0 , 2.12 , 2.0 , 2 , 4
0 , 2.12 , 2.0 , 2 , 4
0 , 2.12 , 2.0 , 2 , 4
0 , 2.12 , 2.0 , 2 , 4
0 , 2.12 , 2.0 , 2 , 4
0 , 2.12 , 2.0 , 2 , 4
0 , 2.12 , 2.0 , 2 , 4
0 , 2.12 , 2.0 , 2 , 4
0 , 2.12 , 2.0 , 2 , 4
0 , 2.1 , 2.0 , 2 , 4
0 , 2.08 , 2.0 , 2 , 4
0 , 2.08 , 2.0 , 2 , 4
0 , 2.08 , 2.0 , 2 , 4
0 , 2.08 , 2.0 , 2 , 4
0 , 2.08 , 2.0 , 2 , 4
0 , 2.08 , 2.0 , 2 , 4
0 , 2.08 , 2.0 , 2 , 4
0 , 2.08 , 2.0 , 2 , 4
0 , 2.08 , 2.0 , 2 , 4
0 , 2.08 , 2.0 , 2 , 4
0 , 2.06 , 2.0 , 2 , 4
0 , 2.04 , 2.0 , 2 , 4
0 , 2.04 , 2.0 , 2 , 4
0 , 2.04 , 2.0 , 2 , 4
0 , 2.04 , 2.0 , 2 , 4
0 , 2.04 , 2.0 , 2 , 4
0 , 2.0 , 2.0 , 2 , 4
0 , 2.0 , 2.0 , 2 , 4
0 , 2.0 , 2.0 , 2 , 4
0 , 2.0 , 2.0 , 2 , 4
0 , 2.0 , 2.0 , 2 , 4
0 , 2.0 , 2.0 , 2 , 4
0 , 1.98 , 2.0 , 2 , 4
0 , 1.98 , 2.0 , 2 , 4
0 , 1.98 , 2.0 , 2 , 4
0 , 1.98 , 2.0 , 2 , 4
0 , 1.98 , 2.0 , 2 , 4
0 , 1.94 , 2.0 , 2 , 4
0 , 1.94 , 2.0 , 2 , 4
0 , 1.94 , 2.0 , 2 , 4
0 , 1.94 , 2.0 , 2 , 4
0 , 1.94 , 2.0 , 2 , 4
0 , 1.94 , 2.0 , 2 , 4
0 , 1.94 , 2.0 , 2 , 4
0 , 1.94 , 2.0 , 2 , 4
0 , 1.94 , 2.0 , 2 , 4
0 , 1.92 , 2.0 , 2 , 4
0 , 1.92 , 2.0 , 2 , 4
0 , 1.92 , 2.0 , 2 , 4
0 , 1.92 , 2.0 , 2 , 4
0 , 1.92 , 2.0 , 2 , 4
0 , 1.92 , 2.0 , 2 , 4
0 , 1.92 , 2.0 , 2 , 4
0 , 1.92 , 2.0 , 2 , 4
0 , 1.92 , 2.0 , 2 , 4
0 , 1.92 , 2.0 , 2 , 4
0 , 1.92 , 2.0 , 2 , 4
0 , 1.9 , 2.0 , 2 , 4
0 , 1.88 , 2.0 , 2 , 4
0 , 1.88 , 2.0 , 2 , 4
0 , 1.88 , 2.0 , 2 , 4
0 , 1.88 , 2.0 , 2 , 4
0 , 1.84 , 2.0 , 2 , 4
0 , 1.84 , 2.0 , 2 , 4
0 , 1.84 , 2.0 , 2 , 4
0 , 1.84 , 2.0 , 2 , 4
0 , 1.84 , 2.0 , 2 , 4
0 , 1.84 , 2.0 , 2 , 4
0 , 1.84 , 2.0 , 2 , 4
0 , 1.84 , 2.0 , 2 , 4
0 , 1.84 , 2.0 , 2 , 4
0 , 1.84 , 2.0 , 2 , 4
0 , 1.84 , 2.0 , 2 , 4
0 , 1.84 , 2.0 , 2 , 4
0 , 1.84 , 2.0 , 2 , 4
0 , 1.84 , 2.0 , 2 , 4
0 , 1.84 , 2.0 , 2 , 4
0 , 1.84 , 2.0 , 2 , 4
0 , 1.84 , 2.0 , 2 , 4
0 , 1.82 , 2.0 , 2 , 4
0 , 1.82 , 2.0 , 2 , 4
0 , 1.82 , 2.0 , 2 , 4
0 , 1.82 , 2.0 , 2 , 4
0 , 1.82 , 2.0 , 2 , 4
0 , 1.82 , 2.0 , 2 , 4
0 , 1.82 , 2.0 , 2 , 4
0 , 1.82 , 2.0 , 2 , 4
0 , 1.82 , 2.0 , 2 , 4
0 , 1.82 , 2.0 , 2 , 4
0 , 1.82 , 2.0 , 2 , 4
0 , 1.82 , 2.0 , 2 , 4
0 , 1.82 , 2.0 , 2 , 4
0 , 1.82 , 2.0 , 2 , 4
0 , 1.82 , 2.0 , 2 , 4
0 , 1.82 , 2.0 , 2 , 4
0 , 1.82 , 2.0 , 2 , 4
0 , 1.8 , 2.0 , 2 , 4
0 , 1.8 , 2.0 , 2 , 4
0 , 1.8 , 2.0 , 2 , 4
0 , 1.8 , 2.0 , 2 , 4
0 , 1.78 , 2.0 , 2 , 4
0 , 1.78 , 2.0 , 2 , 4
0 , 1.78 , 2.0 , 2 , 4
0 , 1.78 , 2.0 , 2 , 4
0 , 1.78 , 2.0 , 2 , 4
0 , 1.78 , 2.0 , 2 , 4
0 , 1.78 , 2.0 , 2 , 4
0 , 1.78 , 2.0 , 2 , 4
0 , 1.78 , 2.0 , 2 , 4
0 , 1.76 , 2.0 , 2 , 4
0 , 1.76 , 2.0 , 2 , 4
0 , 1.76 , 2.0 , 2 , 4
0 , 1.76 , 2.0 , 2 , 4
0 , 1.76 , 2.0 , 2 , 4
0 , 1.72 , 2.0 , 2 , 4
0 , 1.72 , 2.0 , 2 , 4
0 , 1.72 , 2.0 , 2 , 4
0 , 1.72 , 2.0 , 2 , 4
0 , 1.72 , 2.0 , 2 , 4
0 , 1.72 , 2.0 , 2 , 4
0 , 1.72 , 2.0 , 2 , 4
0 , 1.72 , 2.0 , 2 , 4
0 , 1.68 , 2.0 , 2 , 4
0 , 1.68 , 2.0 , 2 , 4
0 , 1.68 , 2.0 , 2 , 4
0 , 1.68 , 2.0 , 2 , 4
0 , 1.68 , 2.0 , 2 , 4
0 , 1.68 , 2.0 , 2 , 4
0 , 1.68 , 2.0 , 2 , 4
0 , 1.66 , 2.0 , 2 , 4
0 , 1.66 , 2.0 , 2 , 4
0 , 1.66 , 2.0 , 2 , 4
0 , 1.66 , 2.0 , 2 , 4
0 , 1.66 , 2.0 , 2 , 4
0 , 1.66 , 2.0 , 2 , 4
0 , 1.66 , 2.0 , 2 , 4
0 , 1.66 , 2.0 , 2 , 4
0 , 1.66 , 2.0 , 2 , 4
0 , 1.66 , 2.0 , 2 , 4
0 , 1.66 , 2.0 , 2 , 4
0 , 1.66 , 2.0 , 2 , 4
0 , 1.66 , 2.0 , 2 , 4
0 , 1.64 , 2.0 , 2 , 4
0 , 1.64 , 2.0 , 2 , 4
0 , 1.62 , 2.0 , 2 , 2
0 , 1.62 , 2.0 , 2 , 2
0 , 1.6 , 2.0 , 2 , 2
0 , 1.6 , 2.0 , 2 , 2
0 , 1.6 , 2.0 , 2 , 2
0 , 1.6 , 2.0 , 2 , 2
0 , 1.6 , 2.0 , 2 , 2
0 , 1.6 , 2.0 , 2 , 2
0 , 1.6 , 2.0 , 2 , 2
0 , 1.6 , 2.0 , 2 , 2
0 , 1.6 , 2.0 , 2 , 2
0 , 1.6 , 2.0 , 2 , 2
0 , 1.6 , 2.0 , 2 , 2
0 , 1.6 , 2.0 , 2 , 2
0 , 1.6 , 2.0 , 2 , 2
0 , 1.6 , 2.0 , 2 , 2
0 , 1.6 , 2.0 , 2 , 2
0 , 1.6 , 2.0 , 2 , 2
0 , 1.6 , 2.0 , 2 , 2
0 , 1.6 , 2.0 , 2 , 2
0 , 1.6 , 2.0 , 2 , 2
0 , 1.6 , 2.0 , 2 , 2
0 , 1.6 , 2.0 , 2 , 2
0 , 1.6 , 2.0 , 2 , 2
0 , 1.6 , 2.0 , 2 , 2
0 , 1.6 , 2.0 , 2 , 2
0 , 1.6 , 2.0 , 2 , 2
0 , 1.6 , 2.0 , 2 , 2
0 , 1.6 , 2.0 , 2 , 2
0 , 1.6 , 2.0 , 2 , 2
0 , 1.6 , 2.0 , 2 , 2
0 , 1.6 , 2.0 , 2 , 2
0 , 1.6 , 2.0 , 2 , 2
0 , 1.6 , 2.0 , 2 , 2
0 , 1.6 , 2.0 , 2 , 2
0 , 1.6 , 2.0 , 2 , 2
0 , 1.6 , 2.0 , 2 , 2
0 , 1.6 , 2.0 , 2 , 2
0 , 1.6 , 2.0 , 2 , 2
0 , 1.6 , 2.0 , 2 , 2
0 , 1.6 , 2.0 , 2 , 2
0 , 1.6 , 2.0 , 2 , 2
0 , 1.6 , 2.0 , 2 , 2
0 , 1.6 , 2.0 , 2 , 2
0 , 1.6 , 2.0 , 2 , 2
0 , 1.6 , 2.0 , 2 , 2
0 , 1.6 , 2.0 , 2 , 2
0 , 1.6 , 2.0 , 2 , 2
0 , 1.6 , 2.0 , 2 , 2
0 , 1.58 , 2.0 , 2 , 2
0 , 1.58 , 2.0 , 2 , 2
0 , 1.58 , 2.0 , 2 , 2
0 , 1.58 , 2.0 , 2 , 2
0 , 1.58 , 2.0 , 2 , 2
0 , 1.58 , 2.0 , 2 , 2
0 , 1.58 , 2.0 , 2 , 2
0 , 1.58 , 2.0 , 2 , 2
0 , 1.58 , 2.0 , 2 , 2
0 , 1.58 , 2.0 , 2 , 2
0 , 1.58 , 2.0 , 2 , 2
0 , 1.58 , 2.0 , 2 , 2
0 , 1.58 , 2.0 , 2 , 2
0 , 1.58 , 2.0 , 2 , 2
0 , 1.58 , 2.0 , 2 , 2
0 , 1.58 , 2.0 , 2 , 2
0 , 1.58 , 2.0 , 2 , 2
0 , 1.58 , 2.0 , 2 , 2
0 , 1.58 , 2.0 , 2 , 2
0 , 1.58 , 2.0 , 2 , 2
0 , 1.58 , 2.0 , 2 , 2
0 , 1.58 , 2.0 , 2 , 2
0 , 1.58 , 2.0 , 2 , 2
0 , 1.58 , 2.0 , 2 , 2
0 , 1.58 , 2.0 , 2 , 2
0 , 1.58 , 2.0 , 2 , 2
0 , 1.58 , 2.0 , 2 , 2
0 , 1.58 , 2.0 , 2 , 2
0 , 1.58 , 2.0 , 2 , 2
0 , 1.58 , 2.0 , 2 , 2
0 , 1.58 , 2.0 , 2 , 2
0 , 1.58 , 2.0 , 2 , 2
0 , 1.58 , 2.0 , 2 , 2
0 , 1.58 , 2.0 , 2 , 2
0 , 1.58 , 2.0 , 2 , 2
0 , 1.58 , 2.0 , 2 , 2
0 , 1.58 , 2.0 , 2 , 2
0 , 1.58 , 2.0 , 2 , 2
0 , 1.58 , 2.0 , 2 , 2
0 , 1.58 , 2.0 , 2 , 2
0 , 1.58 , 2.0 , 2 , 2
0 , 1.58 , 2.0 , 2 , 2
0 , 1.58 , 2.0 , 2 , 2
0 , 1.58 , 2.0 , 2 , 2
0 , 1.58 , 2.0 , 2 , 2
0 , 1.58 , 2.0 , 2 , 2
0 , 1.58 , 2.0 , 2 , 2
0 , 1.58 , 2.0 , 2 , 2
0 , 1.58 , 2.0 , 2 , 2
0 , 1.58 , 2.0 , 2 , 2
0 , 1.58 , 2.0 , 2 , 2
0 , 1.58 , 2.0 , 2 , 2
0 , 1.58 , 2.0 , 2 , 2
0 , 1.58 , 2.0 , 2 , 2
0 , 1.58 , 2.0 , 2 , 2
0 , 1.58 , 2.0 , 2 , 2
0 , 1.58 , 2.0 , 2 , 2
0 , 1.58 , 2.0 , 2 , 2
0 , 1.58 , 2.0 , 2 , 2
0 , 1.58 , 2.0 , 2 , 2
0 , 1.58 , 2.0 , 2 , 2
0 , 1.58 , 2.0 , 2 , 2
0 , 1.58 , 2.0 , 2 , 2
0 , 1.58 , 2.0 , 2 , 2
0 , 1.58 , 2.0 , 2 , 2
0 , 1.58 , 2.0 , 2 , 2
0 , 1.58 , 2.0 , 2 , 2
0 , 1.58 , 2.0 , 2 , 2
0 , 1.58 , 2.0 , 2 , 2
0 , 1.58 , 2.0 , 2 , 2
0 , 1.58 , 2.0 , 2 , 2
0 , 1.58 , 2.0 , 2 , 2
0 , 1.58 , 2.0 , 2 , 2
0 , 1.58 , 2.0 , 2 , 2
0 , 1.58 , 2.0 , 2 , 2
0 , 1.58 , 2.0 , 2 , 2
0 , 1.58 , 2.0 , 2 , 2
0 , 1.58 , 2.0 , 2 , 2
0 , 1.58 , 2.0 , 2 , 2
0 , 1.58 , 2.0 , 2 , 2
0 , 1.58 , 2.0 , 2 , 2
0 , 1.58 , 2.0 , 2 , 2
0 , 1.58 , 2.0 , 2 , 2
0 , 1.58 , 2.0 , 2 , 2
0 , 1.58 , 2.0 , 2 , 2
0 , 1.58 , 2.0 , 2 , 2
0 , 1.58 , 2.0 , 2 , 2
0 , 1.58 , 2.0 , 2 , 2
0 , 1.58 , 2.0 , 2 , 2
0 , 1.58 , 2.0 , 2 , 2
0 , 1.58 , 2.0 , 2 , 2
0 , 1.58 , 2.0 , 2 , 2
0 , 1.58 , 2.0 , 2 , 2
0 , 1.58 , 2.0 , 2 , 2
0 , 1.58 , 2.0 , 2 , 2
0 , 1.58 , 2.0 , 2 , 2
0 , 1.58 , 2.0 , 2 , 2
0 , 1.58 , 2.0 , 2 , 2
0 , 1.58 , 2.0 , 2 , 2
0 , 1.58 , 2.0 , 2 , 2
0 , 1.58 , 2.0 , 2 , 2
0 , 1.58 , 2.0 , 2 , 2
0 , 1.58 , 2.0 , 2 , 2
0 , 1.58 , 2.0 , 2 , 2
0 , 1.58 , 2.0 , 2 , 2
0 , 1.56 , 2.0 , 2 , 2
0 , 1.56 , 2.0 , 2 , 2
0 , 1.56 , 2.0 , 2 , 2
0 , 1.56 , 2.0 , 2 , 2
0 , 1.56 , 2.0 , 2 , 2
0 , 1.56 , 2.0 , 2 , 2
0 , 1.56 , 2.0 , 2 , 2
0 , 1.56 , 2.0 , 2 , 2
0 , 1.56 , 2.0 , 2 , 2
0 , 1.56 , 2.0 , 2 , 2
0 , 1.56 , 2.0 , 2 , 2
0 , 1.56 , 2.0 , 2 , 2
0 , 1.56 , 2.0 , 2 , 2
0 , 1.56 , 2.0 , 2 , 2
0 , 1.56 , 2.0 , 2 , 2
0 , 1.56 , 2.0 , 2 , 2
0 , 1.56 , 2.0 , 2 , 2
0 , 1.56 , 2.0 , 2 , 2
0 , 1.56 , 2.0 , 2 , 2
0 , 1.56 , 2.0 , 2 , 2
0 , 1.56 , 2.0 , 2 , 2
0 , 1.56 , 2.0 , 2 , 2
0 , 1.56 , 2.0 , 2 , 2
0 , 1.56 , 2.0 , 2 , 2
0 , 1.56 , 2.0 , 2 , 2
0 , 1.56 , 2.0 , 2 , 2
0 , 1.56 , 2.0 , 2 , 2
0 , 1.56 , 2.0 , 2 , 2
0 , 1.56 , 2.0 , 2 , 2
0 , 1.56 , 2.0 , 2 , 2
0 , 1.56 , 2.0 , 2 , 2
0 , 1.56 , 2.0 , 2 , 2
22  Perfect solutions
perfect solution individuals [[5, 2, 0, 6, 4, 7, 1, 3], [6, 2, 0, 5, 7, 4, 1, 3], [5, 3, 1, 7, 4, 6, 0, 2], [3, 1, 7, 4, 6, 0, 2, 5], [5, 2, 4, 6, 0, 3, 1, 7], [4, 6, 1, 3, 7, 0, 2, 5], [6, 2, 0, 5, 7, 4, 1, 3], [4, 0, 7, 3, 1, 6, 2, 5], [3, 5, 7, 1, 6, 0, 2, 4], [5, 2, 0, 7, 3, 1, 6, 4], [4, 0, 7, 3, 1, 6, 2, 5], [4, 2, 7, 3, 6, 0, 5, 1], [5, 3, 0, 4, 7, 1, 6, 2], [5, 7, 1, 3, 0, 6, 4, 2], [4, 2, 0, 5, 7, 1, 3, 6], [7, 2, 0, 5, 1, 4, 6, 3], [5, 2, 0, 7, 4, 1, 3, 6], [4, 6, 1, 3, 7, 0, 2, 5], [4, 6, 1, 5, 2, 0, 7, 3], [4, 2, 0, 6, 1, 7, 5, 3], [4, 0, 3, 5, 7, 1, 6, 2], [4, 6, 1, 5, 2, 0, 7, 3]]
