0 , 10.02 , 9.0 , 8 , 26
0 , 9.76 , 8.0 , 8 , 22
0 , 9.5 , 8.0 , 8 , 20
0 , 9.34 , 8.0 , 8 , 18
0 , 9.24 , 8.0 , 8 , 18
0 , 9.1 , 8.0 , 8 , 16
0 , 9.04 , 8.0 , 8 , 16
0 , 8.82 , 8.0 , 8 , 14
0 , 8.74 , 8.0 , 8 , 14
0 , 8.66 , 8.0 , 8 , 14
0 , 8.62 , 8.0 , 8 , 14
0 , 8.6 , 8.0 , 8 , 14
0 , 8.54 , 8.0 , 8 , 14
0 , 8.36 , 8.0 , 8 , 14
0 , 8.3 , 8.0 , 8 , 14
0 , 8.16 , 8.0 , 8 , 14
0 , 7.98 , 8.0 , 8 , 14
0 , 7.9 , 8.0 , 8 , 14
0 , 7.84 , 8.0 , 8 , 12
0 , 7.74 , 8.0 , 8 , 12
0 , 7.66 , 8.0 , 8 , 12
0 , 7.64 , 8.0 , 8 , 12
0 , 7.56 , 8.0 , 8 , 12
0 , 7.5 , 8.0 , 8 , 12
0 , 7.46 , 8.0 , 8 , 12
0 , 7.42 , 8.0 , 8 , 12
0 , 7.32 , 8.0 , 8 , 12
0 , 7.22 , 8.0 , 8 , 10
0 , 7.18 , 8.0 , 8 , 10
0 , 7.08 , 8.0 , 8 , 10
0 , 7.08 , 8.0 , 8 , 10
0 , 7.08 , 8.0 , 8 , 10
0 , 7.08 , 8.0 , 8 , 10
0 , 7.02 , 8.0 , 8 , 10
0 , 6.98 , 8.0 , 8 , 10
0 , 6.92 , 8.0 , 8 , 10
0 , 6.92 , 8.0 , 8 , 10
0 , 6.9 , 8.0 , 8 , 10
0 , 6.88 , 8.0 , 8 , 10
0 , 6.82 , 8.0 , 8 , 10
0 , 6.82 , 8.0 , 8 , 10
0 , 6.82 , 8.0 , 8 , 10
0 , 6.78 , 8.0 , 8 , 10
0 , 6.76 , 8.0 , 8 , 10
0 , 6.7 , 8.0 , 8 , 10
0 , 6.64 , 8.0 , 8 , 10
0 , 6.52 , 6.0 , 8 , 10
0 , 6.44 , 6.0 , 8 , 10
0 , 6.38 , 6.0 , 8 , 10
0 , 6.32 , 6.0 , 8 , 8
0 , 6.24 , 6.0 , 8 , 8
0 , 6.24 , 6.0 , 8 , 8
0 , 6.2 , 6.0 , 8 , 8
0 , 6.16 , 6.0 , 8 , 8
0 , 6.16 , 6.0 , 8 , 8
0 , 6.1 , 6.0 , 8 , 8
0 , 6.08 , 6.0 , 8 , 8
0 , 6.08 , 6.0 , 8 , 8
0 , 6.08 , 6.0 , 8 , 8
0 , 6.06 , 6.0 , 6 , 8
0 , 6.06 , 6.0 , 6 , 8
0 , 6.06 , 6.0 , 6 , 8
0 , 6.06 , 6.0 , 6 , 8
0 , 6.06 , 6.0 , 6 , 8
0 , 5.96 , 6.0 , 6 , 8
0 , 5.92 , 6.0 , 6 , 8
0 , 5.9 , 6.0 , 6 , 8
0 , 5.86 , 6.0 , 6 , 8
0 , 5.86 , 6.0 , 6 , 8
0 , 5.8 , 6.0 , 6 , 8
0 , 5.78 , 6.0 , 6 , 8
0 , 5.74 , 6.0 , 6 , 8
0 , 5.72 , 6.0 , 6 , 8
0 , 5.66 , 6.0 , 6 , 8
0 , 5.66 , 6.0 , 6 , 8
0 , 5.64 , 6.0 , 6 , 8
0 , 5.58 , 6.0 , 6 , 8
0 , 5.5 , 6.0 , 6 , 8
0 , 5.48 , 6.0 , 6 , 8
0 , 5.46 , 6.0 , 6 , 8
0 , 5.46 , 6.0 , 6 , 8
0 , 5.46 , 6.0 , 6 , 8
0 , 5.44 , 6.0 , 6 , 8
0 , 5.44 , 6.0 , 6 , 8
0 , 5.42 , 6.0 , 6 , 8
0 , 5.38 , 6.0 , 6 , 8
0 , 5.38 , 6.0 , 6 , 8
0 , 5.36 , 6.0 , 6 , 8
0 , 5.36 , 6.0 , 6 , 8
0 , 5.36 , 6.0 , 6 , 8
0 , 5.34 , 6.0 , 6 , 8
0 , 5.32 , 6.0 , 6 , 8
0 , 5.3 , 6.0 , 6 , 8
0 , 5.3 , 6.0 , 6 , 8
0 , 5.3 , 6.0 , 6 , 8
0 , 5.3 , 6.0 , 6 , 8
0 , 5.3 , 6.0 , 6 , 8
0 , 5.28 , 6.0 , 6 , 8
0 , 5.28 , 6.0 , 6 , 8
0 , 5.26 , 6.0 , 6 , 8
0 , 5.24 , 6.0 , 6 , 8
0 , 5.18 , 6.0 , 6 , 8
0 , 5.14 , 6.0 , 6 , 8
0 , 5.14 , 6.0 , 6 , 8
0 , 5.12 , 6.0 , 6 , 8
0 , 5.12 , 6.0 , 6 , 8
0 , 5.06 , 6.0 , 6 , 8
0 , 5.04 , 6.0 , 6 , 6
0 , 5.04 , 6.0 , 6 , 6
0 , 5.02 , 6.0 , 6 , 6
0 , 5.02 , 6.0 , 6 , 6
0 , 5.02 , 6.0 , 6 , 6
0 , 5.02 , 6.0 , 6 , 6
0 , 5.02 , 6.0 , 6 , 6
0 , 5.02 , 6.0 , 6 , 6
0 , 5.02 , 6.0 , 6 , 6
0 , 4.98 , 6.0 , 6 , 6
0 , 4.98 , 6.0 , 6 , 6
0 , 4.98 , 6.0 , 6 , 6
0 , 4.98 , 6.0 , 6 , 6
0 , 4.98 , 6.0 , 6 , 6
0 , 4.96 , 6.0 , 6 , 6
0 , 4.96 , 6.0 , 6 , 6
0 , 4.96 , 6.0 , 6 , 6
0 , 4.96 , 6.0 , 6 , 6
0 , 4.92 , 6.0 , 6 , 6
0 , 4.92 , 6.0 , 6 , 6
0 , 4.92 , 6.0 , 6 , 6
0 , 4.92 , 6.0 , 6 , 6
0 , 4.92 , 6.0 , 6 , 6
0 , 4.92 , 6.0 , 6 , 6
0 , 4.92 , 6.0 , 6 , 6
0 , 4.92 , 6.0 , 6 , 6
0 , 4.92 , 6.0 , 6 , 6
0 , 4.92 , 6.0 , 6 , 6
0 , 4.92 , 6.0 , 6 , 6
0 , 4.92 , 6.0 , 6 , 6
0 , 4.9 , 6.0 , 6 , 6
0 , 4.9 , 6.0 , 6 , 6
0 , 4.88 , 6.0 , 6 , 6
0 , 4.88 , 6.0 , 6 , 6
0 , 4.82 , 6.0 , 6 , 6
0 , 4.82 , 6.0 , 6 , 6
0 , 4.82 , 6.0 , 6 , 6
0 , 4.82 , 6.0 , 6 , 6
0 , 4.82 , 6.0 , 6 , 6
0 , 4.82 , 6.0 , 6 , 6
0 , 4.76 , 6.0 , 6 , 6
0 , 4.74 , 6.0 , 6 , 6
0 , 4.74 , 6.0 , 6 , 6
0 , 4.72 , 6.0 , 6 , 6
0 , 4.72 , 6.0 , 6 , 6
0 , 4.72 , 6.0 , 6 , 6
0 , 4.66 , 6.0 , 6 , 6
0 , 4.66 , 6.0 , 6 , 6
0 , 4.66 , 6.0 , 6 , 6
0 , 4.64 , 6.0 , 6 , 6
0 , 4.62 , 6.0 , 6 , 6
0 , 4.6 , 5.0 , 6 , 6
0 , 4.58 , 4.0 , 6 , 6
0 , 4.54 , 4.0 , 6 , 6
0 , 4.54 , 4.0 , 6 , 6
0 , 4.54 , 4.0 , 6 , 6
0 , 4.5 , 4.0 , 6 , 6
0 , 4.5 , 4.0 , 6 , 6
0 , 4.46 , 4.0 , 6 , 6
0 , 4.46 , 4.0 , 6 , 6
0 , 4.46 , 4.0 , 6 , 6
0 , 4.44 , 4.0 , 6 , 6
0 , 4.42 , 4.0 , 6 , 6
0 , 4.42 , 4.0 , 6 , 6
0 , 4.38 , 4.0 , 6 , 6
0 , 4.38 , 4.0 , 6 , 6
0 , 4.38 , 4.0 , 6 , 6
0 , 4.38 , 4.0 , 6 , 6
0 , 4.38 , 4.0 , 6 , 6
0 , 4.36 , 4.0 , 4 , 6
0 , 4.34 , 4.0 , 4 , 6
0 , 4.34 , 4.0 , 4 , 6
0 , 4.32 , 4.0 , 4 , 6
0 , 4.32 , 4.0 , 4 , 6
0 , 4.28 , 4.0 , 4 , 6
0 , 4.28 , 4.0 , 4 , 6
0 , 4.28 , 4.0 , 4 , 6
0 , 4.28 , 4.0 , 4 , 6
0 , 4.26 , 4.0 , 4 , 6
0 , 4.24 , 4.0 , 4 , 6
0 , 4.24 , 4.0 , 4 , 6
0 , 4.24 , 4.0 , 4 , 6
0 , 4.24 , 4.0 , 4 , 6
0 , 4.22 , 4.0 , 4 , 6
0 , 4.22 , 4.0 , 4 , 6
0 , 4.22 , 4.0 , 4 , 6
0 , 4.22 , 4.0 , 4 , 6
0 , 4.22 , 4.0 , 4 , 6
0 , 4.2 , 4.0 , 4 , 6
0 , 4.2 , 4.0 , 4 , 6
0 , 4.2 , 4.0 , 4 , 6
0 , 4.18 , 4.0 , 4 , 6
0 , 4.18 , 4.0 , 4 , 6
0 , 4.12 , 4.0 , 4 , 6
0 , 4.1 , 4.0 , 4 , 6
0 , 4.1 , 4.0 , 4 , 6
0 , 4.1 , 4.0 , 4 , 6
0 , 4.08 , 4.0 , 4 , 6
0 , 4.08 , 4.0 , 4 , 6
0 , 4.08 , 4.0 , 4 , 6
0 , 4.04 , 4.0 , 4 , 6
0 , 4.04 , 4.0 , 4 , 6
0 , 4.04 , 4.0 , 4 , 6
0 , 4.04 , 4.0 , 4 , 6
0 , 4.04 , 4.0 , 4 , 6
0 , 3.98 , 4.0 , 4 , 6
0 , 3.98 , 4.0 , 4 , 6
0 , 3.98 , 4.0 , 4 , 6
0 , 3.98 , 4.0 , 4 , 6
0 , 3.98 , 4.0 , 4 , 6
0 , 3.96 , 4.0 , 4 , 6
0 , 3.96 , 4.0 , 4 , 6
0 , 3.96 , 4.0 , 4 , 6
0 , 3.96 , 4.0 , 4 , 6
0 , 3.96 , 4.0 , 4 , 6
0 , 3.96 , 4.0 , 4 , 6
0 , 3.94 , 4.0 , 4 , 6
0 , 3.94 , 4.0 , 4 , 6
0 , 3.94 , 4.0 , 4 , 6
0 , 3.94 , 4.0 , 4 , 6
0 , 3.94 , 4.0 , 4 , 6
0 , 3.94 , 4.0 , 4 , 6
0 , 3.94 , 4.0 , 4 , 6
0 , 3.94 , 4.0 , 4 , 6
0 , 3.92 , 4.0 , 4 , 6
0 , 3.92 , 4.0 , 4 , 6
0 , 3.9 , 4.0 , 4 , 6
0 , 3.88 , 4.0 , 4 , 6
0 , 3.88 , 4.0 , 4 , 6
0 , 3.88 , 4.0 , 4 , 6
0 , 3.88 , 4.0 , 4 , 6
0 , 3.88 , 4.0 , 4 , 6
0 , 3.88 , 4.0 , 4 , 6
0 , 3.88 , 4.0 , 4 , 6
0 , 3.86 , 4.0 , 4 , 6
0 , 3.86 , 4.0 , 4 , 6
0 , 3.86 , 4.0 , 4 , 6
0 , 3.86 , 4.0 , 4 , 6
0 , 3.86 , 4.0 , 4 , 6
0 , 3.86 , 4.0 , 4 , 6
0 , 3.84 , 4.0 , 4 , 6
0 , 3.84 , 4.0 , 4 , 6
0 , 3.78 , 4.0 , 4 , 6
0 , 3.78 , 4.0 , 4 , 6
0 , 3.78 , 4.0 , 4 , 6
0 , 3.76 , 4.0 , 4 , 6
0 , 3.76 , 4.0 , 4 , 6
0 , 3.76 , 4.0 , 4 , 6
0 , 3.74 , 4.0 , 4 , 6
0 , 3.72 , 4.0 , 4 , 6
0 , 3.72 , 4.0 , 4 , 6
0 , 3.72 , 4.0 , 4 , 6
0 , 3.72 , 4.0 , 4 , 6
0 , 3.72 , 4.0 , 4 , 6
0 , 3.68 , 4.0 , 4 , 6
0 , 3.68 , 4.0 , 4 , 6
0 , 3.68 , 4.0 , 4 , 6
0 , 3.68 , 4.0 , 4 , 6
0 , 3.66 , 4.0 , 4 , 6
0 , 3.66 , 4.0 , 4 , 6
0 , 3.62 , 4.0 , 4 , 6
0 , 3.62 , 4.0 , 4 , 6
0 , 3.58 , 4.0 , 4 , 6
0 , 3.58 , 4.0 , 4 , 6
0 , 3.56 , 4.0 , 4 , 6
0 , 3.56 , 4.0 , 4 , 6
0 , 3.56 , 4.0 , 4 , 6
0 , 3.54 , 4.0 , 4 , 6
0 , 3.54 , 4.0 , 4 , 6
0 , 3.54 , 4.0 , 4 , 6
0 , 3.54 , 4.0 , 4 , 6
0 , 3.54 , 4.0 , 4 , 6
0 , 3.54 , 4.0 , 4 , 6
0 , 3.5 , 4.0 , 4 , 6
0 , 3.5 , 4.0 , 4 , 6
0 , 3.5 , 4.0 , 4 , 6
0 , 3.5 , 4.0 , 4 , 6
0 , 3.5 , 4.0 , 4 , 6
0 , 3.5 , 4.0 , 4 , 6
0 , 3.5 , 4.0 , 4 , 6
0 , 3.5 , 4.0 , 4 , 6
0 , 3.48 , 4.0 , 4 , 6
0 , 3.46 , 4.0 , 4 , 6
0 , 3.46 , 4.0 , 4 , 6
0 , 3.46 , 4.0 , 4 , 6
0 , 3.46 , 4.0 , 4 , 6
0 , 3.46 , 4.0 , 4 , 6
0 , 3.46 , 4.0 , 4 , 6
0 , 3.46 , 4.0 , 4 , 6
0 , 3.46 , 4.0 , 4 , 6
0 , 3.46 , 4.0 , 4 , 6
0 , 3.46 , 4.0 , 4 , 6
0 , 3.44 , 4.0 , 4 , 6
0 , 3.44 , 4.0 , 4 , 6
0 , 3.44 , 4.0 , 4 , 6
0 , 3.42 , 4.0 , 4 , 6
0 , 3.38 , 4.0 , 4 , 6
0 , 3.34 , 4.0 , 4 , 6
0 , 3.32 , 4.0 , 4 , 4
0 , 3.32 , 4.0 , 4 , 4
0 , 3.32 , 4.0 , 4 , 4
0 , 3.32 , 4.0 , 4 , 4
0 , 3.32 , 4.0 , 4 , 4
0 , 3.32 , 4.0 , 4 , 4
0 , 3.32 , 4.0 , 4 , 4
0 , 3.32 , 4.0 , 4 , 4
0 , 3.32 , 4.0 , 4 , 4
0 , 3.32 , 4.0 , 4 , 4
0 , 3.32 , 4.0 , 4 , 4
0 , 3.3 , 4.0 , 4 , 4
0 , 3.3 , 4.0 , 4 , 4
0 , 3.3 , 4.0 , 4 , 4
0 , 3.3 , 4.0 , 4 , 4
0 , 3.3 , 4.0 , 4 , 4
0 , 3.3 , 4.0 , 4 , 4
0 , 3.3 , 4.0 , 4 , 4
0 , 3.3 , 4.0 , 4 , 4
0 , 3.3 , 4.0 , 4 , 4
0 , 3.3 , 4.0 , 4 , 4
0 , 3.3 , 4.0 , 4 , 4
0 , 3.3 , 4.0 , 4 , 4
0 , 3.3 , 4.0 , 4 , 4
0 , 3.3 , 4.0 , 4 , 4
0 , 3.3 , 4.0 , 4 , 4
0 , 3.3 , 4.0 , 4 , 4
0 , 3.3 , 4.0 , 4 , 4
0 , 3.3 , 4.0 , 4 , 4
0 , 3.3 , 4.0 , 4 , 4
0 , 3.3 , 4.0 , 4 , 4
0 , 3.26 , 4.0 , 4 , 4
0 , 3.26 , 4.0 , 4 , 4
0 , 3.26 , 4.0 , 4 , 4
0 , 3.22 , 4.0 , 4 , 4
0 , 3.22 , 4.0 , 4 , 4
0 , 3.22 , 4.0 , 4 , 4
0 , 3.22 , 4.0 , 4 , 4
0 , 3.22 , 4.0 , 4 , 4
0 , 3.2 , 4.0 , 4 , 4
0 , 3.2 , 4.0 , 4 , 4
0 , 3.2 , 4.0 , 4 , 4
0 , 3.2 , 4.0 , 4 , 4
0 , 3.2 , 4.0 , 4 , 4
0 , 3.2 , 4.0 , 4 , 4
0 , 3.2 , 4.0 , 4 , 4
0 , 3.2 , 4.0 , 4 , 4
0 , 3.2 , 4.0 , 4 , 4
0 , 3.2 , 4.0 , 4 , 4
0 , 3.2 , 4.0 , 4 , 4
0 , 3.2 , 4.0 , 4 , 4
0 , 3.2 , 4.0 , 4 , 4
0 , 3.2 , 4.0 , 4 , 4
0 , 3.2 , 4.0 , 4 , 4
0 , 3.2 , 4.0 , 4 , 4
0 , 3.2 , 4.0 , 4 , 4
0 , 3.2 , 4.0 , 4 , 4
0 , 3.2 , 4.0 , 4 , 4
0 , 3.2 , 4.0 , 4 , 4
0 , 3.2 , 4.0 , 4 , 4
0 , 3.2 , 4.0 , 4 , 4
0 , 3.2 , 4.0 , 4 , 4
0 , 3.2 , 4.0 , 4 , 4
0 , 3.2 , 4.0 , 4 , 4
0 , 3.18 , 4.0 , 4 , 4
0 , 3.18 , 4.0 , 4 , 4
0 , 3.18 , 4.0 , 4 , 4
0 , 3.18 , 4.0 , 4 , 4
0 , 3.18 , 4.0 , 4 , 4
0 , 3.18 , 4.0 , 4 , 4
0 , 3.18 , 4.0 , 4 , 4
0 , 3.18 , 4.0 , 4 , 4
0 , 3.18 , 4.0 , 4 , 4
0 , 3.18 , 4.0 , 4 , 4
0 , 3.18 , 4.0 , 4 , 4
0 , 3.16 , 4.0 , 4 , 4
0 , 3.16 , 4.0 , 4 , 4
0 , 3.16 , 4.0 , 4 , 4
0 , 3.16 , 4.0 , 4 , 4
0 , 3.16 , 4.0 , 4 , 4
0 , 3.16 , 4.0 , 4 , 4
0 , 3.16 , 4.0 , 4 , 4
0 , 3.16 , 4.0 , 4 , 4
0 , 3.16 , 4.0 , 4 , 4
0 , 3.16 , 4.0 , 4 , 4
0 , 3.16 , 4.0 , 4 , 4
0 , 3.16 , 4.0 , 4 , 4
0 , 3.16 , 4.0 , 4 , 4
0 , 3.16 , 4.0 , 4 , 4
0 , 3.16 , 4.0 , 4 , 4
0 , 3.16 , 4.0 , 4 , 4
0 , 3.16 , 4.0 , 4 , 4
0 , 3.16 , 4.0 , 4 , 4
0 , 3.16 , 4.0 , 4 , 4
0 , 3.16 , 4.0 , 4 , 4
0 , 3.16 , 4.0 , 4 , 4
0 , 3.16 , 4.0 , 4 , 4
0 , 3.16 , 4.0 , 4 , 4
0 , 3.16 , 4.0 , 4 , 4
0 , 3.16 , 4.0 , 4 , 4
0 , 3.16 , 4.0 , 4 , 4
0 , 3.16 , 4.0 , 4 , 4
0 , 3.16 , 4.0 , 4 , 4
0 , 3.16 , 4.0 , 4 , 4
0 , 3.12 , 4.0 , 4 , 4
0 , 3.12 , 4.0 , 4 , 4
0 , 3.12 , 4.0 , 4 , 4
0 , 3.12 , 4.0 , 4 , 4
0 , 3.12 , 4.0 , 4 , 4
0 , 3.12 , 4.0 , 4 , 4
0 , 3.1 , 4.0 , 4 , 4
0 , 3.06 , 4.0 , 4 , 4
0 , 3.06 , 4.0 , 4 , 4
0 , 3.06 , 4.0 , 4 , 4
0 , 3.06 , 4.0 , 4 , 4
0 , 3.06 , 4.0 , 4 , 4
0 , 3.06 , 4.0 , 4 , 4
0 , 3.06 , 4.0 , 4 , 4
0 , 3.06 , 4.0 , 4 , 4
0 , 3.06 , 4.0 , 4 , 4
0 , 3.06 , 4.0 , 4 , 4
0 , 3.06 , 4.0 , 4 , 4
0 , 3.06 , 4.0 , 4 , 4
0 , 3.06 , 4.0 , 4 , 4
0 , 3.04 , 4.0 , 4 , 4
0 , 3.04 , 4.0 , 4 , 4
0 , 3.04 , 4.0 , 4 , 4
0 , 3.04 , 4.0 , 4 , 4
0 , 3.02 , 4.0 , 4 , 4
0 , 3.02 , 4.0 , 4 , 4
0 , 3.02 , 4.0 , 4 , 4
0 , 3.02 , 4.0 , 4 , 4
0 , 3.02 , 4.0 , 4 , 4
0 , 3.02 , 4.0 , 4 , 4
0 , 3.02 , 4.0 , 4 , 4
0 , 3.02 , 4.0 , 4 , 4
0 , 3.02 , 4.0 , 4 , 4
0 , 3.02 , 4.0 , 4 , 4
0 , 3.02 , 4.0 , 4 , 4
0 , 3.02 , 4.0 , 4 , 4
0 , 3.02 , 4.0 , 4 , 4
0 , 3.02 , 4.0 , 4 , 4
0 , 3.02 , 4.0 , 4 , 4
0 , 2.98 , 4.0 , 4 , 4
0 , 2.98 , 4.0 , 4 , 4
0 , 2.96 , 4.0 , 4 , 4
0 , 2.96 , 4.0 , 4 , 4
0 , 2.96 , 4.0 , 4 , 4
0 , 2.96 , 4.0 , 4 , 4
0 , 2.96 , 4.0 , 4 , 4
0 , 2.96 , 4.0 , 4 , 4
0 , 2.96 , 4.0 , 4 , 4
0 , 2.96 , 4.0 , 4 , 4
0 , 2.96 , 4.0 , 4 , 4
0 , 2.96 , 4.0 , 4 , 4
0 , 2.96 , 4.0 , 4 , 4
0 , 2.96 , 4.0 , 4 , 4
0 , 2.94 , 4.0 , 4 , 4
0 , 2.94 , 4.0 , 4 , 4
0 , 2.94 , 4.0 , 4 , 4
0 , 2.94 , 4.0 , 4 , 4
0 , 2.94 , 4.0 , 4 , 4
0 , 2.94 , 4.0 , 4 , 4
0 , 2.94 , 4.0 , 4 , 4
0 , 2.94 , 4.0 , 4 , 4
0 , 2.94 , 4.0 , 4 , 4
0 , 2.94 , 4.0 , 4 , 4
0 , 2.94 , 4.0 , 4 , 4
0 , 2.94 , 4.0 , 4 , 4
0 , 2.94 , 4.0 , 4 , 4
0 , 2.92 , 4.0 , 4 , 4
0 , 2.92 , 4.0 , 4 , 4
0 , 2.92 , 4.0 , 4 , 4
0 , 2.92 , 4.0 , 4 , 4
0 , 2.92 , 4.0 , 4 , 4
0 , 2.92 , 4.0 , 4 , 4
0 , 2.92 , 4.0 , 4 , 4
0 , 2.92 , 4.0 , 4 , 4
0 , 2.92 , 4.0 , 4 , 4
0 , 2.9 , 4.0 , 4 , 4
0 , 2.9 , 4.0 , 4 , 4
0 , 2.9 , 4.0 , 4 , 4
0 , 2.9 , 4.0 , 4 , 4
0 , 2.86 , 4.0 , 4 , 4
0 , 2.86 , 4.0 , 4 , 4
0 , 2.86 , 4.0 , 4 , 4
0 , 2.86 , 4.0 , 4 , 4
0 , 2.86 , 4.0 , 4 , 4
0 , 2.86 , 4.0 , 4 , 4
0 , 2.84 , 4.0 , 4 , 4
0 , 2.84 , 4.0 , 4 , 4
0 , 2.84 , 4.0 , 4 , 4
0 , 2.82 , 3.0 , 4 , 4
0 , 2.82 , 3.0 , 4 , 4
0 , 2.82 , 3.0 , 4 , 4
0 , 2.82 , 3.0 , 4 , 4
0 , 2.82 , 3.0 , 4 , 4
0 , 2.8 , 2.0 , 4 , 4
0 , 2.8 , 2.0 , 4 , 4
0 , 2.8 , 2.0 , 4 , 4
0 , 2.8 , 2.0 , 4 , 4
0 , 2.8 , 2.0 , 4 , 4
0 , 2.8 , 2.0 , 4 , 4
0 , 2.8 , 2.0 , 4 , 4
0 , 2.8 , 2.0 , 4 , 4
0 , 2.8 , 2.0 , 4 , 4
0 , 2.8 , 2.0 , 4 , 4
0 , 2.8 , 2.0 , 4 , 4
0 , 2.78 , 2.0 , 4 , 4
0 , 2.76 , 2.0 , 4 , 4
0 , 2.76 , 2.0 , 4 , 4
0 , 2.76 , 2.0 , 4 , 4
0 , 2.76 , 2.0 , 4 , 4
0 , 2.76 , 2.0 , 4 , 4
0 , 2.76 , 2.0 , 4 , 4
0 , 2.74 , 2.0 , 4 , 4
0 , 2.74 , 2.0 , 4 , 4
0 , 2.74 , 2.0 , 4 , 4
0 , 2.74 , 2.0 , 4 , 4
0 , 2.74 , 2.0 , 4 , 4
0 , 2.74 , 2.0 , 4 , 4
0 , 2.74 , 2.0 , 4 , 4
0 , 2.74 , 2.0 , 4 , 4
0 , 2.74 , 2.0 , 4 , 4
0 , 2.74 , 2.0 , 4 , 4
0 , 2.74 , 2.0 , 4 , 4
0 , 2.74 , 2.0 , 4 , 4
0 , 2.74 , 2.0 , 4 , 4
0 , 2.74 , 2.0 , 4 , 4
0 , 2.74 , 2.0 , 4 , 4
0 , 2.74 , 2.0 , 4 , 4
0 , 2.74 , 2.0 , 4 , 4
0 , 2.74 , 2.0 , 4 , 4
0 , 2.74 , 2.0 , 4 , 4
0 , 2.74 , 2.0 , 4 , 4
0 , 2.74 , 2.0 , 4 , 4
0 , 2.74 , 2.0 , 4 , 4
0 , 2.74 , 2.0 , 4 , 4
0 , 2.74 , 2.0 , 4 , 4
0 , 2.74 , 2.0 , 4 , 4
0 , 2.74 , 2.0 , 4 , 4
0 , 2.72 , 2.0 , 2 , 4
0 , 2.72 , 2.0 , 2 , 4
0 , 2.7 , 2.0 , 2 , 4
0 , 2.7 , 2.0 , 2 , 4
0 , 2.68 , 2.0 , 2 , 4
0 , 2.68 , 2.0 , 2 , 4
0 , 2.68 , 2.0 , 2 , 4
0 , 2.68 , 2.0 , 2 , 4
0 , 2.68 , 2.0 , 2 , 4
0 , 2.68 , 2.0 , 2 , 4
0 , 2.68 , 2.0 , 2 , 4
0 , 2.68 , 2.0 , 2 , 4
0 , 2.66 , 2.0 , 2 , 4
0 , 2.66 , 2.0 , 2 , 4
0 , 2.64 , 2.0 , 2 , 4
0 , 2.64 , 2.0 , 2 , 4
0 , 2.62 , 2.0 , 2 , 4
0 , 2.62 , 2.0 , 2 , 4
0 , 2.62 , 2.0 , 2 , 4
0 , 2.62 , 2.0 , 2 , 4
0 , 2.62 , 2.0 , 2 , 4
0 , 2.6 , 2.0 , 2 , 4
0 , 2.6 , 2.0 , 2 , 4
0 , 2.6 , 2.0 , 2 , 4
0 , 2.6 , 2.0 , 2 , 4
0 , 2.58 , 2.0 , 2 , 4
0 , 2.58 , 2.0 , 2 , 4
0 , 2.56 , 2.0 , 2 , 4
0 , 2.56 , 2.0 , 2 , 4
0 , 2.56 , 2.0 , 2 , 4
0 , 2.56 , 2.0 , 2 , 4
0 , 2.56 , 2.0 , 2 , 4
0 , 2.56 , 2.0 , 2 , 4
0 , 2.56 , 2.0 , 2 , 4
0 , 2.56 , 2.0 , 2 , 4
0 , 2.56 , 2.0 , 2 , 4
0 , 2.54 , 2.0 , 2 , 4
0 , 2.54 , 2.0 , 2 , 4
0 , 2.54 , 2.0 , 2 , 4
0 , 2.54 , 2.0 , 2 , 4
0 , 2.52 , 2.0 , 2 , 4
0 , 2.52 , 2.0 , 2 , 4
0 , 2.52 , 2.0 , 2 , 4
0 , 2.52 , 2.0 , 2 , 4
0 , 2.52 , 2.0 , 2 , 4
0 , 2.52 , 2.0 , 2 , 4
0 , 2.52 , 2.0 , 2 , 4
0 , 2.52 , 2.0 , 2 , 4
0 , 2.52 , 2.0 , 2 , 4
0 , 2.5 , 2.0 , 2 , 4
0 , 2.5 , 2.0 , 2 , 4
0 , 2.5 , 2.0 , 2 , 4
0 , 2.5 , 2.0 , 2 , 4
0 , 2.5 , 2.0 , 2 , 4
0 , 2.5 , 2.0 , 2 , 4
0 , 2.5 , 2.0 , 2 , 4
0 , 2.48 , 2.0 , 2 , 4
0 , 2.48 , 2.0 , 2 , 4
0 , 2.46 , 2.0 , 2 , 4
0 , 2.46 , 2.0 , 2 , 4
0 , 2.46 , 2.0 , 2 , 4
0 , 2.46 , 2.0 , 2 , 4
0 , 2.46 , 2.0 , 2 , 4
0 , 2.46 , 2.0 , 2 , 4
0 , 2.46 , 2.0 , 2 , 4
0 , 2.46 , 2.0 , 2 , 4
0 , 2.46 , 2.0 , 2 , 4
0 , 2.46 , 2.0 , 2 , 4
0 , 2.46 , 2.0 , 2 , 4
0 , 2.46 , 2.0 , 2 , 4
0 , 2.42 , 2.0 , 2 , 4
0 , 2.42 , 2.0 , 2 , 4
0 , 2.42 , 2.0 , 2 , 4
0 , 2.42 , 2.0 , 2 , 4
0 , 2.4 , 2.0 , 2 , 4
0 , 2.4 , 2.0 , 2 , 4
0 , 2.4 , 2.0 , 2 , 4
0 , 2.4 , 2.0 , 2 , 4
0 , 2.4 , 2.0 , 2 , 4
0 , 2.4 , 2.0 , 2 , 4
0 , 2.4 , 2.0 , 2 , 4
0 , 2.4 , 2.0 , 2 , 4
0 , 2.38 , 2.0 , 2 , 4
0 , 2.36 , 2.0 , 2 , 4
0 , 2.36 , 2.0 , 2 , 4
0 , 2.36 , 2.0 , 2 , 4
0 , 2.36 , 2.0 , 2 , 4
0 , 2.34 , 2.0 , 2 , 4
0 , 2.34 , 2.0 , 2 , 4
0 , 2.34 , 2.0 , 2 , 4
0 , 2.32 , 2.0 , 2 , 4
0 , 2.32 , 2.0 , 2 , 4
0 , 2.32 , 2.0 , 2 , 4
0 , 2.3 , 2.0 , 2 , 4
0 , 2.3 , 2.0 , 2 , 4
0 , 2.3 , 2.0 , 2 , 4
0 , 2.26 , 2.0 , 2 , 4
0 , 2.26 , 2.0 , 2 , 4
0 , 2.26 , 2.0 , 2 , 4
0 , 2.26 , 2.0 , 2 , 4
0 , 2.26 , 2.0 , 2 , 4
0 , 2.26 , 2.0 , 2 , 4
0 , 2.26 , 2.0 , 2 , 4
0 , 2.26 , 2.0 , 2 , 4
0 , 2.26 , 2.0 , 2 , 4
0 , 2.26 , 2.0 , 2 , 4
0 , 2.26 , 2.0 , 2 , 4
0 , 2.26 , 2.0 , 2 , 4
0 , 2.26 , 2.0 , 2 , 4
0 , 2.26 , 2.0 , 2 , 4
0 , 2.26 , 2.0 , 2 , 4
0 , 2.24 , 2.0 , 2 , 4
0 , 2.24 , 2.0 , 2 , 4
0 , 2.24 , 2.0 , 2 , 4
0 , 2.24 , 2.0 , 2 , 4
0 , 2.24 , 2.0 , 2 , 4
0 , 2.22 , 2.0 , 2 , 4
0 , 2.22 , 2.0 , 2 , 4
0 , 2.22 , 2.0 , 2 , 4
0 , 2.22 , 2.0 , 2 , 4
0 , 2.22 , 2.0 , 2 , 4
0 , 2.22 , 2.0 , 2 , 4
0 , 2.22 , 2.0 , 2 , 4
0 , 2.22 , 2.0 , 2 , 4
0 , 2.22 , 2.0 , 2 , 4
0 , 2.22 , 2.0 , 2 , 4
0 , 2.18 , 2.0 , 2 , 4
0 , 2.18 , 2.0 , 2 , 4
0 , 2.18 , 2.0 , 2 , 4
0 , 2.18 , 2.0 , 2 , 4
0 , 2.18 , 2.0 , 2 , 4
0 , 2.18 , 2.0 , 2 , 4
0 , 2.18 , 2.0 , 2 , 4
0 , 2.18 , 2.0 , 2 , 4
0 , 2.18 , 2.0 , 2 , 4
0 , 2.16 , 2.0 , 2 , 4
0 , 2.16 , 2.0 , 2 , 4
0 , 2.16 , 2.0 , 2 , 4
0 , 2.14 , 2.0 , 2 , 4
0 , 2.14 , 2.0 , 2 , 4
0 , 2.14 , 2.0 , 2 , 4
0 , 2.14 , 2.0 , 2 , 4
0 , 2.14 , 2.0 , 2 , 4
0 , 2.14 , 2.0 , 2 , 4
0 , 2.14 , 2.0 , 2 , 4
0 , 2.14 , 2.0 , 2 , 4
0 , 2.14 , 2.0 , 2 , 4
0 , 2.14 , 2.0 , 2 , 4
0 , 2.14 , 2.0 , 2 , 4
0 , 2.14 , 2.0 , 2 , 4
0 , 2.14 , 2.0 , 2 , 4
0 , 2.14 , 2.0 , 2 , 4
0 , 2.14 , 2.0 , 2 , 4
0 , 2.14 , 2.0 , 2 , 4
0 , 2.14 , 2.0 , 2 , 4
0 , 2.14 , 2.0 , 2 , 4
0 , 2.14 , 2.0 , 2 , 4
0 , 2.14 , 2.0 , 2 , 4
0 , 2.12 , 2.0 , 2 , 4
0 , 2.12 , 2.0 , 2 , 4
0 , 2.12 , 2.0 , 2 , 4
0 , 2.12 , 2.0 , 2 , 4
0 , 2.12 , 2.0 , 2 , 4
0 , 2.12 , 2.0 , 2 , 4
0 , 2.12 , 2.0 , 2 , 4
0 , 2.12 , 2.0 , 2 , 4
0 , 2.12 , 2.0 , 2 , 4
0 , 2.12 , 2.0 , 2 , 4
0 , 2.12 , 2.0 , 2 , 4
0 , 2.12 , 2.0 , 2 , 4
0 , 2.12 , 2.0 , 2 , 4
0 , 2.12 , 2.0 , 2 , 4
0 , 2.12 , 2.0 , 2 , 4
0 , 2.12 , 2.0 , 2 , 4
0 , 2.12 , 2.0 , 2 , 4
0 , 2.12 , 2.0 , 2 , 4
0 , 2.12 , 2.0 , 2 , 4
0 , 2.12 , 2.0 , 2 , 4
0 , 2.12 , 2.0 , 2 , 4
0 , 2.12 , 2.0 , 2 , 4
0 , 2.08 , 2.0 , 2 , 4
0 , 2.08 , 2.0 , 2 , 4
0 , 2.08 , 2.0 , 2 , 4
0 , 2.08 , 2.0 , 2 , 4
0 , 2.08 , 2.0 , 2 , 4
0 , 2.08 , 2.0 , 2 , 4
0 , 2.08 , 2.0 , 2 , 4
0 , 2.08 , 2.0 , 2 , 4
0 , 2.08 , 2.0 , 2 , 4
0 , 2.08 , 2.0 , 2 , 4
0 , 2.06 , 2.0 , 2 , 4
0 , 2.06 , 2.0 , 2 , 4
0 , 2.06 , 2.0 , 2 , 4
0 , 2.04 , 2.0 , 2 , 4
0 , 2.04 , 2.0 , 2 , 4
0 , 2.04 , 2.0 , 2 , 4
0 , 2.04 , 2.0 , 2 , 4
0 , 2.04 , 2.0 , 2 , 4
0 , 2.04 , 2.0 , 2 , 4
0 , 2.04 , 2.0 , 2 , 4
0 , 2.04 , 2.0 , 2 , 4
0 , 2.04 , 2.0 , 2 , 4
0 , 2.04 , 2.0 , 2 , 4
0 , 2.04 , 2.0 , 2 , 4
0 , 2.04 , 2.0 , 2 , 4
0 , 2.04 , 2.0 , 2 , 4
0 , 2.04 , 2.0 , 2 , 4
0 , 2.04 , 2.0 , 2 , 4
0 , 2.04 , 2.0 , 2 , 4
0 , 2.04 , 2.0 , 2 , 4
0 , 2.04 , 2.0 , 2 , 4
0 , 2.0 , 2.0 , 2 , 4
0 , 2.0 , 2.0 , 2 , 4
0 , 2.0 , 2.0 , 2 , 4
0 , 1.96 , 2.0 , 2 , 4
0 , 1.96 , 2.0 , 2 , 4
0 , 1.96 , 2.0 , 2 , 4
0 , 1.94 , 2.0 , 2 , 4
0 , 1.94 , 2.0 , 2 , 4
0 , 1.92 , 2.0 , 2 , 4
0 , 1.92 , 2.0 , 2 , 4
0 , 1.92 , 2.0 , 2 , 4
0 , 1.92 , 2.0 , 2 , 4
0 , 1.92 , 2.0 , 2 , 4
0 , 1.9 , 2.0 , 2 , 4
0 , 1.88 , 2.0 , 2 , 4
0 , 1.88 , 2.0 , 2 , 4
0 , 1.88 , 2.0 , 2 , 4
0 , 1.86 , 2.0 , 2 , 4
0 , 1.86 , 2.0 , 2 , 4
0 , 1.86 , 2.0 , 2 , 4
0 , 1.86 , 2.0 , 2 , 4
0 , 1.86 , 2.0 , 2 , 4
0 , 1.86 , 2.0 , 2 , 4
0 , 1.86 , 2.0 , 2 , 4
0 , 1.84 , 2.0 , 2 , 4
0 , 1.84 , 2.0 , 2 , 4
0 , 1.84 , 2.0 , 2 , 4
0 , 1.84 , 2.0 , 2 , 4
0 , 1.84 , 2.0 , 2 , 4
0 , 1.84 , 2.0 , 2 , 4
0 , 1.84 , 2.0 , 2 , 4
0 , 1.84 , 2.0 , 2 , 4
0 , 1.84 , 2.0 , 2 , 4
0 , 1.84 , 2.0 , 2 , 4
0 , 1.84 , 2.0 , 2 , 4
0 , 1.84 , 2.0 , 2 , 4
0 , 1.84 , 2.0 , 2 , 4
0 , 1.84 , 2.0 , 2 , 4
0 , 1.84 , 2.0 , 2 , 4
0 , 1.84 , 2.0 , 2 , 4
0 , 1.84 , 2.0 , 2 , 4
0 , 1.84 , 2.0 , 2 , 4
0 , 1.84 , 2.0 , 2 , 4
0 , 1.84 , 2.0 , 2 , 4
0 , 1.84 , 2.0 , 2 , 4
0 , 1.84 , 2.0 , 2 , 4
0 , 1.84 , 2.0 , 2 , 4
0 , 1.84 , 2.0 , 2 , 4
0 , 1.84 , 2.0 , 2 , 4
0 , 1.84 , 2.0 , 2 , 4
0 , 1.82 , 2.0 , 2 , 4
0 , 1.82 , 2.0 , 2 , 4
0 , 1.8 , 2.0 , 2 , 4
0 , 1.8 , 2.0 , 2 , 4
0 , 1.8 , 2.0 , 2 , 4
0 , 1.8 , 2.0 , 2 , 4
0 , 1.8 , 2.0 , 2 , 4
0 , 1.8 , 2.0 , 2 , 4
0 , 1.8 , 2.0 , 2 , 4
0 , 1.76 , 2.0 , 2 , 4
0 , 1.76 , 2.0 , 2 , 4
0 , 1.76 , 2.0 , 2 , 4
0 , 1.76 , 2.0 , 2 , 4
0 , 1.76 , 2.0 , 2 , 4
0 , 1.76 , 2.0 , 2 , 4
0 , 1.74 , 2.0 , 2 , 4
0 , 1.74 , 2.0 , 2 , 4
0 , 1.74 , 2.0 , 2 , 4
0 , 1.74 , 2.0 , 2 , 4
0 , 1.74 , 2.0 , 2 , 4
0 , 1.74 , 2.0 , 2 , 4
0 , 1.74 , 2.0 , 2 , 4
0 , 1.74 , 2.0 , 2 , 4
0 , 1.74 , 2.0 , 2 , 4
0 , 1.72 , 2.0 , 2 , 2
0 , 1.72 , 2.0 , 2 , 2
0 , 1.72 , 2.0 , 2 , 2
0 , 1.72 , 2.0 , 2 , 2
0 , 1.72 , 2.0 , 2 , 2
0 , 1.72 , 2.0 , 2 , 2
0 , 1.72 , 2.0 , 2 , 2
0 , 1.72 , 2.0 , 2 , 2
0 , 1.72 , 2.0 , 2 , 2
0 , 1.72 , 2.0 , 2 , 2
0 , 1.72 , 2.0 , 2 , 2
0 , 1.72 , 2.0 , 2 , 2
0 , 1.72 , 2.0 , 2 , 2
0 , 1.72 , 2.0 , 2 , 2
0 , 1.72 , 2.0 , 2 , 2
0 , 1.72 , 2.0 , 2 , 2
0 , 1.72 , 2.0 , 2 , 2
0 , 1.72 , 2.0 , 2 , 2
0 , 1.72 , 2.0 , 2 , 2
0 , 1.72 , 2.0 , 2 , 2
0 , 1.72 , 2.0 , 2 , 2
0 , 1.72 , 2.0 , 2 , 2
0 , 1.72 , 2.0 , 2 , 2
0 , 1.72 , 2.0 , 2 , 2
0 , 1.72 , 2.0 , 2 , 2
0 , 1.72 , 2.0 , 2 , 2
0 , 1.72 , 2.0 , 2 , 2
0 , 1.72 , 2.0 , 2 , 2
0 , 1.72 , 2.0 , 2 , 2
0 , 1.72 , 2.0 , 2 , 2
0 , 1.72 , 2.0 , 2 , 2
0 , 1.72 , 2.0 , 2 , 2
0 , 1.72 , 2.0 , 2 , 2
0 , 1.72 , 2.0 , 2 , 2
0 , 1.72 , 2.0 , 2 , 2
0 , 1.72 , 2.0 , 2 , 2
0 , 1.72 , 2.0 , 2 , 2
0 , 1.72 , 2.0 , 2 , 2
0 , 1.72 , 2.0 , 2 , 2
0 , 1.72 , 2.0 , 2 , 2
0 , 1.72 , 2.0 , 2 , 2
0 , 1.72 , 2.0 , 2 , 2
0 , 1.72 , 2.0 , 2 , 2
0 , 1.72 , 2.0 , 2 , 2
0 , 1.72 , 2.0 , 2 , 2
0 , 1.72 , 2.0 , 2 , 2
0 , 1.72 , 2.0 , 2 , 2
0 , 1.72 , 2.0 , 2 , 2
0 , 1.72 , 2.0 , 2 , 2
0 , 1.72 , 2.0 , 2 , 2
0 , 1.72 , 2.0 , 2 , 2
0 , 1.72 , 2.0 , 2 , 2
0 , 1.72 , 2.0 , 2 , 2
0 , 1.72 , 2.0 , 2 , 2
0 , 1.72 , 2.0 , 2 , 2
0 , 1.72 , 2.0 , 2 , 2
0 , 1.72 , 2.0 , 2 , 2
0 , 1.72 , 2.0 , 2 , 2
0 , 1.72 , 2.0 , 2 , 2
0 , 1.72 , 2.0 , 2 , 2
0 , 1.72 , 2.0 , 2 , 2
0 , 1.72 , 2.0 , 2 , 2
0 , 1.72 , 2.0 , 2 , 2
0 , 1.72 , 2.0 , 2 , 2
0 , 1.72 , 2.0 , 2 , 2
0 , 1.72 , 2.0 , 2 , 2
0 , 1.72 , 2.0 , 2 , 2
0 , 1.72 , 2.0 , 2 , 2
0 , 1.72 , 2.0 , 2 , 2
0 , 1.72 , 2.0 , 2 , 2
0 , 1.72 , 2.0 , 2 , 2
0 , 1.72 , 2.0 , 2 , 2
0 , 1.72 , 2.0 , 2 , 2
0 , 1.72 , 2.0 , 2 , 2
0 , 1.72 , 2.0 , 2 , 2
0 , 1.72 , 2.0 , 2 , 2
0 , 1.72 , 2.0 , 2 , 2
0 , 1.72 , 2.0 , 2 , 2
0 , 1.72 , 2.0 , 2 , 2
0 , 1.72 , 2.0 , 2 , 2
0 , 1.7 , 2.0 , 2 , 2
0 , 1.7 , 2.0 , 2 , 2
0 , 1.7 , 2.0 , 2 , 2
0 , 1.7 , 2.0 , 2 , 2
0 , 1.7 , 2.0 , 2 , 2
0 , 1.7 , 2.0 , 2 , 2
0 , 1.7 , 2.0 , 2 , 2
0 , 1.7 , 2.0 , 2 , 2
0 , 1.7 , 2.0 , 2 , 2
0 , 1.7 , 2.0 , 2 , 2
0 , 1.7 , 2.0 , 2 , 2
0 , 1.7 , 2.0 , 2 , 2
0 , 1.7 , 2.0 , 2 , 2
0 , 1.7 , 2.0 , 2 , 2
0 , 1.7 , 2.0 , 2 , 2
0 , 1.7 , 2.0 , 2 , 2
0 , 1.7 , 2.0 , 2 , 2
0 , 1.7 , 2.0 , 2 , 2
0 , 1.7 , 2.0 , 2 , 2
0 , 1.7 , 2.0 , 2 , 2
0 , 1.7 , 2.0 , 2 , 2
0 , 1.7 , 2.0 , 2 , 2
0 , 1.7 , 2.0 , 2 , 2
0 , 1.7 , 2.0 , 2 , 2
0 , 1.7 , 2.0 , 2 , 2
0 , 1.7 , 2.0 , 2 , 2
0 , 1.7 , 2.0 , 2 , 2
0 , 1.7 , 2.0 , 2 , 2
0 , 1.7 , 2.0 , 2 , 2
0 , 1.7 , 2.0 , 2 , 2
0 , 1.7 , 2.0 , 2 , 2
0 , 1.7 , 2.0 , 2 , 2
0 , 1.7 , 2.0 , 2 , 2
0 , 1.7 , 2.0 , 2 , 2
0 , 1.7 , 2.0 , 2 , 2
0 , 1.7 , 2.0 , 2 , 2
0 , 1.7 , 2.0 , 2 , 2
0 , 1.7 , 2.0 , 2 , 2
0 , 1.7 , 2.0 , 2 , 2
0 , 1.7 , 2.0 , 2 , 2
0 , 1.7 , 2.0 , 2 , 2
0 , 1.7 , 2.0 , 2 , 2
0 , 1.7 , 2.0 , 2 , 2
0 , 1.7 , 2.0 , 2 , 2
0 , 1.7 , 2.0 , 2 , 2
0 , 1.7 , 2.0 , 2 , 2
0 , 1.7 , 2.0 , 2 , 2
0 , 1.7 , 2.0 , 2 , 2
0 , 1.7 , 2.0 , 2 , 2
0 , 1.7 , 2.0 , 2 , 2
0 , 1.7 , 2.0 , 2 , 2
0 , 1.7 , 2.0 , 2 , 2
0 , 1.7 , 2.0 , 2 , 2
0 , 1.7 , 2.0 , 2 , 2
0 , 1.7 , 2.0 , 2 , 2
0 , 1.7 , 2.0 , 2 , 2
0 , 1.7 , 2.0 , 2 , 2
0 , 1.7 , 2.0 , 2 , 2
0 , 1.7 , 2.0 , 2 , 2
0 , 1.7 , 2.0 , 2 , 2
0 , 1.7 , 2.0 , 2 , 2
0 , 1.68 , 2.0 , 2 , 2
0 , 1.68 , 2.0 , 2 , 2
0 , 1.68 , 2.0 , 2 , 2
0 , 1.68 , 2.0 , 2 , 2
0 , 1.68 , 2.0 , 2 , 2
0 , 1.68 , 2.0 , 2 , 2
0 , 1.68 , 2.0 , 2 , 2
0 , 1.68 , 2.0 , 2 , 2
0 , 1.68 , 2.0 , 2 , 2
0 , 1.68 , 2.0 , 2 , 2
0 , 1.68 , 2.0 , 2 , 2
0 , 1.68 , 2.0 , 2 , 2
0 , 1.68 , 2.0 , 2 , 2
0 , 1.68 , 2.0 , 2 , 2
0 , 1.68 , 2.0 , 2 , 2
0 , 1.68 , 2.0 , 2 , 2
0 , 1.68 , 2.0 , 2 , 2
0 , 1.68 , 2.0 , 2 , 2
0 , 1.68 , 2.0 , 2 , 2
0 , 1.68 , 2.0 , 2 , 2
0 , 1.68 , 2.0 , 2 , 2
0 , 1.68 , 2.0 , 2 , 2
0 , 1.68 , 2.0 , 2 , 2
0 , 1.68 , 2.0 , 2 , 2
0 , 1.68 , 2.0 , 2 , 2
0 , 1.68 , 2.0 , 2 , 2
0 , 1.68 , 2.0 , 2 , 2
0 , 1.68 , 2.0 , 2 , 2
16  Perfect solutions
perfect solution individuals [[4, 6, 1, 3, 7, 0, 2, 5], [2, 0, 6, 4, 7, 1, 3, 5], [5, 2, 0, 6, 4, 7, 1, 3], [3, 0, 4, 7, 1, 6, 2, 5], [4, 1, 3, 5, 7, 2, 0, 6], [4, 6, 1, 3, 7, 0, 2, 5], [5, 2, 0, 6, 4, 7, 1, 3], [4, 0, 3, 5, 7, 1, 6, 2], [3, 6, 4, 2, 0, 5, 7, 1], [4, 1, 3, 5, 7, 2, 0, 6], [2, 0, 6, 4, 7, 1, 3, 5], [5, 2, 0, 6, 4, 7, 1, 3], [3, 1, 6, 2, 5, 7, 4, 0], [5, 2, 0, 7, 4, 1, 3, 6], [5, 2, 0, 7, 4, 1, 3, 6], [2, 5, 7, 0, 3, 6, 4, 1]]
