0 , 9.9 , 10.0 , 10 , 22
0 , 9.6 , 10.0 , 8 , 20
0 , 9.32 , 10.0 , 8 , 16
0 , 9.08 , 9.0 , 8 , 16
0 , 8.88 , 8.0 , 6 , 16
0 , 8.74 , 8.0 , 8 , 16
0 , 8.56 , 8.0 , 8 , 14
0 , 8.5 , 8.0 , 8 , 14
0 , 8.34 , 8.0 , 10 , 14
0 , 8.2 , 8.0 , 10 , 14
0 , 8.08 , 8.0 , 8 , 12
0 , 8.08 , 8.0 , 8 , 12
0 , 7.98 , 8.0 , 8 , 12
0 , 7.88 , 8.0 , 10 , 12
0 , 7.82 , 8.0 , 10 , 12
0 , 7.72 , 8.0 , 10 , 12
0 , 7.62 , 8.0 , 8 , 12
0 , 7.56 , 8.0 , 8 , 12
0 , 7.5 , 8.0 , 8 , 12
0 , 7.46 , 8.0 , 10 , 12
0 , 7.4 , 8.0 , 10 , 12
0 , 7.3 , 8.0 , 10 , 12
0 , 7.2 , 8.0 , 10 , 10
0 , 7.14 , 8.0 , 10 , 10
0 , 7.14 , 8.0 , 10 , 10
0 , 7.14 , 8.0 , 10 , 10
0 , 7.12 , 8.0 , 10 , 10
0 , 7.1 , 8.0 , 8 , 10
0 , 7.04 , 8.0 , 8 , 10
0 , 7.02 , 8.0 , 8 , 10
0 , 7.02 , 8.0 , 8 , 10
0 , 7.0 , 8.0 , 8 , 10
0 , 6.98 , 8.0 , 8 , 10
0 , 6.82 , 8.0 , 8 , 10
0 , 6.78 , 8.0 , 8 , 10
0 , 6.74 , 7.0 , 8 , 10
0 , 6.74 , 7.0 , 8 , 10
0 , 6.68 , 6.0 , 8 , 10
0 , 6.64 , 6.0 , 8 , 10
0 , 6.62 , 6.0 , 8 , 10
0 , 6.62 , 6.0 , 8 , 10
0 , 6.62 , 6.0 , 8 , 10
0 , 6.62 , 6.0 , 8 , 10
0 , 6.62 , 6.0 , 8 , 10
0 , 6.58 , 6.0 , 8 , 10
0 , 6.5 , 6.0 , 8 , 10
0 , 6.44 , 6.0 , 8 , 10
0 , 6.42 , 6.0 , 8 , 10
0 , 6.4 , 6.0 , 8 , 10
0 , 6.34 , 6.0 , 8 , 10
0 , 6.3 , 6.0 , 8 , 10
0 , 6.3 , 6.0 , 8 , 10
0 , 6.26 , 6.0 , 8 , 10
0 , 6.26 , 6.0 , 8 , 10
0 , 6.18 , 6.0 , 8 , 10
0 , 6.1 , 6.0 , 8 , 8
0 , 6.08 , 6.0 , 8 , 8
0 , 6.04 , 6.0 , 8 , 8
0 , 6.02 , 6.0 , 8 , 8
0 , 6.0 , 6.0 , 8 , 8
0 , 5.94 , 6.0 , 8 , 8
0 , 5.94 , 6.0 , 8 , 8
0 , 5.92 , 6.0 , 6 , 8
0 , 5.92 , 6.0 , 6 , 8
0 , 5.92 , 6.0 , 6 , 8
0 , 5.92 , 6.0 , 6 , 8
0 , 5.9 , 6.0 , 6 , 8
0 , 5.88 , 6.0 , 6 , 8
0 , 5.88 , 6.0 , 6 , 8
0 , 5.88 , 6.0 , 6 , 8
0 , 5.86 , 6.0 , 6 , 8
0 , 5.86 , 6.0 , 6 , 8
0 , 5.8 , 6.0 , 6 , 8
0 , 5.78 , 6.0 , 6 , 8
0 , 5.74 , 6.0 , 6 , 8
0 , 5.72 , 6.0 , 6 , 8
0 , 5.72 , 6.0 , 6 , 8
0 , 5.7 , 6.0 , 6 , 8
0 , 5.64 , 6.0 , 6 , 8
0 , 5.6 , 6.0 , 6 , 8
0 , 5.6 , 6.0 , 6 , 8
0 , 5.6 , 6.0 , 6 , 8
0 , 5.58 , 6.0 , 6 , 8
0 , 5.48 , 6.0 , 6 , 8
0 , 5.46 , 6.0 , 6 , 8
0 , 5.46 , 6.0 , 6 , 8
0 , 5.44 , 6.0 , 6 , 8
0 , 5.44 , 6.0 , 6 , 8
0 , 5.42 , 6.0 , 6 , 8
0 , 5.4 , 6.0 , 6 , 8
0 , 5.4 , 6.0 , 6 , 8
0 , 5.38 , 6.0 , 6 , 8
0 , 5.38 , 6.0 , 6 , 8
0 , 5.34 , 6.0 , 6 , 8
0 , 5.32 , 6.0 , 6 , 8
0 , 5.28 , 6.0 , 6 , 8
0 , 5.28 , 6.0 , 6 , 8
0 , 5.28 , 6.0 , 6 , 8
0 , 5.28 , 6.0 , 6 , 8
0 , 5.28 , 6.0 , 6 , 8
0 , 5.24 , 6.0 , 6 , 8
0 , 5.22 , 6.0 , 6 , 8
0 , 5.2 , 6.0 , 6 , 8
0 , 5.18 , 6.0 , 6 , 8
0 , 5.12 , 6.0 , 6 , 8
0 , 5.12 , 6.0 , 6 , 8
0 , 5.12 , 6.0 , 6 , 8
0 , 5.08 , 6.0 , 6 , 8
0 , 5.02 , 6.0 , 6 , 8
0 , 5.0 , 6.0 , 6 , 8
0 , 5.0 , 6.0 , 6 , 8
0 , 4.98 , 6.0 , 6 , 8
0 , 4.92 , 6.0 , 6 , 6
0 , 4.92 , 6.0 , 6 , 6
0 , 4.92 , 6.0 , 6 , 6
0 , 4.92 , 6.0 , 6 , 6
0 , 4.92 , 6.0 , 6 , 6
0 , 4.92 , 6.0 , 6 , 6
0 , 4.9 , 6.0 , 6 , 6
0 , 4.88 , 6.0 , 6 , 6
0 , 4.88 , 6.0 , 6 , 6
0 , 4.88 , 6.0 , 6 , 6
0 , 4.88 , 6.0 , 6 , 6
0 , 4.82 , 6.0 , 6 , 6
0 , 4.82 , 6.0 , 6 , 6
0 , 4.82 , 6.0 , 6 , 6
0 , 4.8 , 6.0 , 6 , 6
0 , 4.8 , 6.0 , 6 , 6
0 , 4.78 , 6.0 , 6 , 6
0 , 4.78 , 6.0 , 6 , 6
0 , 4.76 , 6.0 , 6 , 6
0 , 4.74 , 6.0 , 6 , 6
0 , 4.74 , 6.0 , 6 , 6
0 , 4.74 , 6.0 , 6 , 6
0 , 4.68 , 6.0 , 6 , 6
0 , 4.68 , 6.0 , 6 , 6
0 , 4.68 , 6.0 , 6 , 6
0 , 4.66 , 5.0 , 6 , 6
0 , 4.64 , 4.0 , 6 , 6
0 , 4.64 , 4.0 , 6 , 6
0 , 4.64 , 4.0 , 6 , 6
0 , 4.64 , 4.0 , 6 , 6
0 , 4.64 , 4.0 , 6 , 6
0 , 4.64 , 4.0 , 6 , 6
0 , 4.64 , 4.0 , 6 , 6
0 , 4.64 , 4.0 , 6 , 6
0 , 4.64 , 4.0 , 6 , 6
0 , 4.64 , 4.0 , 6 , 6
0 , 4.64 , 4.0 , 6 , 6
0 , 4.62 , 4.0 , 6 , 6
0 , 4.62 , 4.0 , 6 , 6
0 , 4.6 , 4.0 , 6 , 6
0 , 4.6 , 4.0 , 6 , 6
0 , 4.6 , 4.0 , 6 , 6
0 , 4.6 , 4.0 , 6 , 6
0 , 4.6 , 4.0 , 6 , 6
0 , 4.6 , 4.0 , 6 , 6
0 , 4.58 , 4.0 , 6 , 6
0 , 4.58 , 4.0 , 6 , 6
0 , 4.58 , 4.0 , 6 , 6
0 , 4.56 , 4.0 , 6 , 6
0 , 4.52 , 4.0 , 6 , 6
0 , 4.44 , 4.0 , 6 , 6
0 , 4.44 , 4.0 , 6 , 6
0 , 4.44 , 4.0 , 6 , 6
0 , 4.4 , 4.0 , 4 , 6
0 , 4.4 , 4.0 , 4 , 6
0 , 4.38 , 4.0 , 4 , 6
0 , 4.38 , 4.0 , 4 , 6
0 , 4.38 , 4.0 , 4 , 6
0 , 4.34 , 4.0 , 4 , 6
0 , 4.34 , 4.0 , 4 , 6
0 , 4.34 , 4.0 , 4 , 6
0 , 4.32 , 4.0 , 4 , 6
0 , 4.32 , 4.0 , 4 , 6
0 , 4.32 , 4.0 , 4 , 6
0 , 4.32 , 4.0 , 4 , 6
0 , 4.24 , 4.0 , 4 , 6
0 , 4.24 , 4.0 , 4 , 6
0 , 4.24 , 4.0 , 4 , 6
0 , 4.22 , 4.0 , 4 , 6
0 , 4.22 , 4.0 , 4 , 6
0 , 4.2 , 4.0 , 4 , 6
0 , 4.2 , 4.0 , 4 , 6
0 , 4.2 , 4.0 , 4 , 6
0 , 4.14 , 4.0 , 4 , 6
0 , 4.12 , 4.0 , 4 , 6
0 , 4.1 , 4.0 , 4 , 6
0 , 4.1 , 4.0 , 4 , 6
0 , 4.1 , 4.0 , 4 , 6
0 , 4.08 , 4.0 , 4 , 6
0 , 4.08 , 4.0 , 4 , 6
0 , 4.08 , 4.0 , 4 , 6
0 , 4.08 , 4.0 , 4 , 6
0 , 4.06 , 4.0 , 4 , 6
0 , 4.06 , 4.0 , 4 , 6
0 , 4.06 , 4.0 , 4 , 6
0 , 4.06 , 4.0 , 4 , 6
0 , 4.06 , 4.0 , 4 , 6
0 , 4.06 , 4.0 , 4 , 6
0 , 4.06 , 4.0 , 4 , 6
0 , 4.06 , 4.0 , 4 , 6
0 , 4.06 , 4.0 , 4 , 6
0 , 4.06 , 4.0 , 4 , 6
0 , 4.06 , 4.0 , 4 , 6
0 , 4.06 , 4.0 , 4 , 6
0 , 4.06 , 4.0 , 4 , 6
0 , 4.06 , 4.0 , 4 , 6
0 , 4.02 , 4.0 , 4 , 6
0 , 4.02 , 4.0 , 4 , 6
0 , 4.02 , 4.0 , 4 , 6
0 , 4.0 , 4.0 , 4 , 6
0 , 3.98 , 4.0 , 4 , 6
0 , 3.98 , 4.0 , 4 , 6
0 , 3.98 , 4.0 , 4 , 6
0 , 3.98 , 4.0 , 4 , 6
0 , 3.98 , 4.0 , 4 , 6
0 , 3.98 , 4.0 , 4 , 6
0 , 3.98 , 4.0 , 4 , 6
0 , 3.96 , 4.0 , 4 , 6
0 , 3.92 , 4.0 , 4 , 6
0 , 3.92 , 4.0 , 4 , 6
0 , 3.92 , 4.0 , 4 , 6
0 , 3.92 , 4.0 , 4 , 6
0 , 3.92 , 4.0 , 4 , 6
0 , 3.92 , 4.0 , 4 , 6
0 , 3.86 , 4.0 , 4 , 6
0 , 3.86 , 4.0 , 4 , 6
0 , 3.84 , 4.0 , 4 , 6
0 , 3.84 , 4.0 , 4 , 6
0 , 3.82 , 4.0 , 4 , 6
0 , 3.8 , 4.0 , 4 , 6
0 , 3.78 , 4.0 , 4 , 6
0 , 3.74 , 4.0 , 4 , 6
0 , 3.74 , 4.0 , 4 , 6
0 , 3.74 , 4.0 , 4 , 6
0 , 3.74 , 4.0 , 4 , 6
0 , 3.74 , 4.0 , 4 , 6
0 , 3.7 , 4.0 , 4 , 6
0 , 3.7 , 4.0 , 4 , 6
0 , 3.68 , 4.0 , 4 , 6
0 , 3.68 , 4.0 , 4 , 6
0 , 3.68 , 4.0 , 4 , 6
0 , 3.68 , 4.0 , 4 , 6
0 , 3.68 , 4.0 , 4 , 6
0 , 3.64 , 4.0 , 4 , 6
0 , 3.62 , 4.0 , 4 , 6
0 , 3.62 , 4.0 , 4 , 6
0 , 3.6 , 4.0 , 4 , 6
0 , 3.6 , 4.0 , 4 , 6
0 , 3.6 , 4.0 , 4 , 6
0 , 3.6 , 4.0 , 4 , 6
0 , 3.6 , 4.0 , 4 , 6
0 , 3.6 , 4.0 , 4 , 6
0 , 3.6 , 4.0 , 4 , 6
0 , 3.6 , 4.0 , 4 , 6
0 , 3.6 , 4.0 , 4 , 6
0 , 3.6 , 4.0 , 4 , 6
0 , 3.58 , 4.0 , 4 , 6
0 , 3.56 , 4.0 , 4 , 6
0 , 3.56 , 4.0 , 4 , 6
0 , 3.5 , 4.0 , 4 , 6
0 , 3.48 , 4.0 , 4 , 6
0 , 3.48 , 4.0 , 4 , 6
0 , 3.48 , 4.0 , 4 , 6
0 , 3.46 , 4.0 , 4 , 6
0 , 3.46 , 4.0 , 4 , 6
0 , 3.44 , 4.0 , 4 , 6
0 , 3.44 , 4.0 , 4 , 6
0 , 3.42 , 4.0 , 4 , 6
0 , 3.42 , 4.0 , 4 , 6
0 , 3.42 , 4.0 , 4 , 6
0 , 3.42 , 4.0 , 4 , 6
0 , 3.42 , 4.0 , 4 , 6
0 , 3.42 , 4.0 , 4 , 6
0 , 3.42 , 4.0 , 4 , 6
0 , 3.42 , 4.0 , 4 , 6
0 , 3.42 , 4.0 , 4 , 6
0 , 3.42 , 4.0 , 4 , 6
0 , 3.42 , 4.0 , 4 , 6
0 , 3.42 , 4.0 , 4 , 6
0 , 3.42 , 4.0 , 4 , 6
0 , 3.42 , 4.0 , 4 , 6
0 , 3.42 , 4.0 , 4 , 6
0 , 3.42 , 4.0 , 4 , 6
0 , 3.42 , 4.0 , 4 , 6
0 , 3.38 , 4.0 , 4 , 6
0 , 3.38 , 4.0 , 4 , 6
0 , 3.38 , 4.0 , 4 , 6
0 , 3.38 , 4.0 , 4 , 6
0 , 3.34 , 4.0 , 4 , 6
0 , 3.34 , 4.0 , 4 , 6
0 , 3.34 , 4.0 , 4 , 6
0 , 3.34 , 4.0 , 4 , 6
0 , 3.34 , 4.0 , 4 , 6
0 , 3.34 , 4.0 , 4 , 6
0 , 3.32 , 4.0 , 4 , 4
0 , 3.32 , 4.0 , 4 , 4
0 , 3.32 , 4.0 , 4 , 4
0 , 3.3 , 4.0 , 4 , 4
0 , 3.3 , 4.0 , 4 , 4
0 , 3.3 , 4.0 , 4 , 4
0 , 3.3 , 4.0 , 4 , 4
0 , 3.3 , 4.0 , 4 , 4
0 , 3.3 , 4.0 , 4 , 4
0 , 3.3 , 4.0 , 4 , 4
0 , 3.3 , 4.0 , 4 , 4
0 , 3.3 , 4.0 , 4 , 4
0 , 3.3 , 4.0 , 4 , 4
0 , 3.3 , 4.0 , 4 , 4
0 , 3.3 , 4.0 , 4 , 4
0 , 3.3 , 4.0 , 4 , 4
0 , 3.3 , 4.0 , 4 , 4
0 , 3.3 , 4.0 , 4 , 4
0 , 3.3 , 4.0 , 4 , 4
0 , 3.3 , 4.0 , 4 , 4
0 , 3.3 , 4.0 , 4 , 4
0 , 3.28 , 4.0 , 4 , 4
0 , 3.28 , 4.0 , 4 , 4
0 , 3.28 , 4.0 , 4 , 4
0 , 3.26 , 4.0 , 4 , 4
0 , 3.26 , 4.0 , 4 , 4
0 , 3.26 , 4.0 , 4 , 4
0 , 3.26 , 4.0 , 4 , 4
0 , 3.26 , 4.0 , 4 , 4
0 , 3.26 , 4.0 , 4 , 4
0 , 3.26 , 4.0 , 4 , 4
0 , 3.26 , 4.0 , 4 , 4
0 , 3.24 , 4.0 , 4 , 4
0 , 3.24 , 4.0 , 4 , 4
0 , 3.24 , 4.0 , 4 , 4
0 , 3.24 , 4.0 , 4 , 4
0 , 3.24 , 4.0 , 4 , 4
0 , 3.24 , 4.0 , 4 , 4
0 , 3.24 , 4.0 , 4 , 4
0 , 3.24 , 4.0 , 4 , 4
0 , 3.24 , 4.0 , 4 , 4
0 , 3.24 , 4.0 , 4 , 4
0 , 3.24 , 4.0 , 4 , 4
0 , 3.24 , 4.0 , 4 , 4
0 , 3.24 , 4.0 , 4 , 4
0 , 3.24 , 4.0 , 4 , 4
0 , 3.24 , 4.0 , 4 , 4
0 , 3.24 , 4.0 , 4 , 4
0 , 3.24 , 4.0 , 4 , 4
0 , 3.24 , 4.0 , 4 , 4
0 , 3.24 , 4.0 , 4 , 4
0 , 3.24 , 4.0 , 4 , 4
0 , 3.24 , 4.0 , 4 , 4
0 , 3.24 , 4.0 , 4 , 4
0 , 3.2 , 4.0 , 4 , 4
0 , 3.2 , 4.0 , 4 , 4
0 , 3.2 , 4.0 , 4 , 4
0 , 3.2 , 4.0 , 4 , 4
0 , 3.2 , 4.0 , 4 , 4
0 , 3.2 , 4.0 , 4 , 4
0 , 3.2 , 4.0 , 4 , 4
0 , 3.2 , 4.0 , 4 , 4
0 , 3.2 , 4.0 , 4 , 4
0 , 3.2 , 4.0 , 4 , 4
0 , 3.2 , 4.0 , 4 , 4
0 , 3.2 , 4.0 , 4 , 4
0 , 3.2 , 4.0 , 4 , 4
0 , 3.2 , 4.0 , 4 , 4
0 , 3.2 , 4.0 , 4 , 4
0 , 3.2 , 4.0 , 4 , 4
0 , 3.2 , 4.0 , 4 , 4
0 , 3.2 , 4.0 , 4 , 4
0 , 3.2 , 4.0 , 4 , 4
0 , 3.2 , 4.0 , 4 , 4
0 , 3.2 , 4.0 , 4 , 4
0 , 3.2 , 4.0 , 4 , 4
0 , 3.2 , 4.0 , 4 , 4
0 , 3.18 , 4.0 , 4 , 4
0 , 3.18 , 4.0 , 4 , 4
0 , 3.18 , 4.0 , 4 , 4
0 , 3.18 , 4.0 , 4 , 4
0 , 3.18 , 4.0 , 4 , 4
0 , 3.18 , 4.0 , 4 , 4
0 , 3.18 , 4.0 , 4 , 4
0 , 3.18 , 4.0 , 4 , 4
0 , 3.18 , 4.0 , 4 , 4
0 , 3.18 , 4.0 , 4 , 4
0 , 3.18 , 4.0 , 4 , 4
0 , 3.18 , 4.0 , 4 , 4
0 , 3.18 , 4.0 , 4 , 4
0 , 3.18 , 4.0 , 4 , 4
0 , 3.18 , 4.0 , 4 , 4
0 , 3.18 , 4.0 , 4 , 4
0 , 3.18 , 4.0 , 4 , 4
0 , 3.18 , 4.0 , 4 , 4
0 , 3.18 , 4.0 , 4 , 4
0 , 3.16 , 4.0 , 4 , 4
0 , 3.16 , 4.0 , 4 , 4
0 , 3.14 , 4.0 , 4 , 4
0 , 3.14 , 4.0 , 4 , 4
0 , 3.14 , 4.0 , 4 , 4
0 , 3.14 , 4.0 , 4 , 4
0 , 3.14 , 4.0 , 4 , 4
0 , 3.14 , 4.0 , 4 , 4
0 , 3.14 , 4.0 , 4 , 4
0 , 3.14 , 4.0 , 4 , 4
0 , 3.14 , 4.0 , 4 , 4
0 , 3.14 , 4.0 , 4 , 4
0 , 3.14 , 4.0 , 4 , 4
0 , 3.14 , 4.0 , 4 , 4
0 , 3.14 , 4.0 , 4 , 4
0 , 3.14 , 4.0 , 4 , 4
0 , 3.14 , 4.0 , 4 , 4
0 , 3.14 , 4.0 , 4 , 4
0 , 3.14 , 4.0 , 4 , 4
0 , 3.14 , 4.0 , 4 , 4
0 , 3.14 , 4.0 , 4 , 4
0 , 3.14 , 4.0 , 4 , 4
0 , 3.14 , 4.0 , 4 , 4
0 , 3.14 , 4.0 , 4 , 4
0 , 3.14 , 4.0 , 4 , 4
0 , 3.14 , 4.0 , 4 , 4
0 , 3.14 , 4.0 , 4 , 4
0 , 3.14 , 4.0 , 4 , 4
0 , 3.12 , 4.0 , 4 , 4
0 , 3.12 , 4.0 , 4 , 4
0 , 3.12 , 4.0 , 4 , 4
0 , 3.12 , 4.0 , 4 , 4
0 , 3.12 , 4.0 , 4 , 4
0 , 3.12 , 4.0 , 4 , 4
0 , 3.12 , 4.0 , 4 , 4
0 , 3.12 , 4.0 , 4 , 4
0 , 3.12 , 4.0 , 4 , 4
0 , 3.12 , 4.0 , 4 , 4
0 , 3.12 , 4.0 , 4 , 4
0 , 3.12 , 4.0 , 4 , 4
0 , 3.12 , 4.0 , 4 , 4
0 , 3.12 , 4.0 , 4 , 4
0 , 3.12 , 4.0 , 4 , 4
0 , 3.12 , 4.0 , 4 , 4
0 , 3.12 , 4.0 , 4 , 4
0 , 3.12 , 4.0 , 4 , 4
0 , 3.1 , 4.0 , 4 , 4
0 , 3.1 , 4.0 , 4 , 4
0 , 3.1 , 4.0 , 4 , 4
0 , 3.1 , 4.0 , 4 , 4
0 , 3.1 , 4.0 , 4 , 4
0 , 3.1 , 4.0 , 4 , 4
0 , 3.1 , 4.0 , 4 , 4
0 , 3.1 , 4.0 , 4 , 4
0 , 3.1 , 4.0 , 4 , 4
0 , 3.08 , 4.0 , 4 , 4
0 , 3.08 , 4.0 , 4 , 4
0 , 3.08 , 4.0 , 4 , 4
0 , 3.08 , 4.0 , 4 , 4
0 , 3.06 , 4.0 , 4 , 4
0 , 3.06 , 4.0 , 4 , 4
0 , 3.06 , 4.0 , 4 , 4
0 , 3.06 , 4.0 , 4 , 4
0 , 3.06 , 4.0 , 4 , 4
0 , 3.06 , 4.0 , 4 , 4
0 , 3.06 , 4.0 , 4 , 4
0 , 3.06 , 4.0 , 4 , 4
0 , 3.06 , 4.0 , 4 , 4
0 , 3.06 , 4.0 , 4 , 4
0 , 3.06 , 4.0 , 4 , 4
0 , 3.06 , 4.0 , 4 , 4
0 , 3.06 , 4.0 , 4 , 4
0 , 3.04 , 4.0 , 4 , 4
0 , 3.04 , 4.0 , 4 , 4
0 , 3.04 , 4.0 , 4 , 4
0 , 3.04 , 4.0 , 4 , 4
0 , 3.04 , 4.0 , 4 , 4
0 , 3.04 , 4.0 , 4 , 4
0 , 3.0 , 4.0 , 4 , 4
0 , 3.0 , 4.0 , 4 , 4
0 , 3.0 , 4.0 , 4 , 4
0 , 3.0 , 4.0 , 4 , 4
0 , 3.0 , 4.0 , 4 , 4
0 , 3.0 , 4.0 , 4 , 4
0 , 3.0 , 4.0 , 4 , 4
0 , 3.0 , 4.0 , 4 , 4
0 , 3.0 , 4.0 , 4 , 4
0 , 3.0 , 4.0 , 4 , 4
0 , 3.0 , 4.0 , 4 , 4
0 , 3.0 , 4.0 , 4 , 4
0 , 3.0 , 4.0 , 4 , 4
0 , 3.0 , 4.0 , 4 , 4
0 , 3.0 , 4.0 , 4 , 4
0 , 3.0 , 4.0 , 4 , 4
0 , 3.0 , 4.0 , 4 , 4
0 , 3.0 , 4.0 , 4 , 4
0 , 2.98 , 4.0 , 4 , 4
0 , 2.98 , 4.0 , 4 , 4
0 , 2.96 , 4.0 , 4 , 4
0 , 2.96 , 4.0 , 4 , 4
0 , 2.96 , 4.0 , 4 , 4
0 , 2.96 , 4.0 , 4 , 4
0 , 2.96 , 4.0 , 4 , 4
0 , 2.96 , 4.0 , 4 , 4
0 , 2.96 , 4.0 , 4 , 4
0 , 2.96 , 4.0 , 4 , 4
0 , 2.96 , 4.0 , 4 , 4
0 , 2.96 , 4.0 , 4 , 4
0 , 2.96 , 4.0 , 4 , 4
0 , 2.94 , 4.0 , 4 , 4
0 , 2.94 , 4.0 , 4 , 4
0 , 2.94 , 4.0 , 4 , 4
0 , 2.94 , 4.0 , 4 , 4
0 , 2.94 , 4.0 , 4 , 4
0 , 2.92 , 4.0 , 4 , 4
0 , 2.92 , 4.0 , 4 , 4
0 , 2.92 , 4.0 , 4 , 4
0 , 2.92 , 4.0 , 4 , 4
0 , 2.92 , 4.0 , 4 , 4
0 , 2.92 , 4.0 , 4 , 4
0 , 2.92 , 4.0 , 4 , 4
0 , 2.92 , 4.0 , 4 , 4
0 , 2.92 , 4.0 , 4 , 4
0 , 2.9 , 4.0 , 4 , 4
0 , 2.9 , 4.0 , 4 , 4
0 , 2.9 , 4.0 , 4 , 4
0 , 2.9 , 4.0 , 4 , 4
0 , 2.9 , 4.0 , 4 , 4
0 , 2.9 , 4.0 , 4 , 4
0 , 2.9 , 4.0 , 4 , 4
0 , 2.9 , 4.0 , 4 , 4
0 , 2.9 , 4.0 , 4 , 4
0 , 2.9 , 4.0 , 4 , 4
0 , 2.9 , 4.0 , 4 , 4
0 , 2.9 , 4.0 , 4 , 4
0 , 2.9 , 4.0 , 4 , 4
0 , 2.9 , 4.0 , 4 , 4
0 , 2.9 , 4.0 , 4 , 4
0 , 2.88 , 4.0 , 4 , 4
0 , 2.88 , 4.0 , 4 , 4
0 , 2.88 , 4.0 , 4 , 4
0 , 2.88 , 4.0 , 4 , 4
0 , 2.88 , 4.0 , 4 , 4
0 , 2.88 , 4.0 , 4 , 4
0 , 2.88 , 4.0 , 4 , 4
0 , 2.88 , 4.0 , 4 , 4
0 , 2.88 , 4.0 , 4 , 4
0 , 2.88 , 4.0 , 4 , 4
0 , 2.86 , 3.0 , 4 , 4
0 , 2.84 , 2.0 , 4 , 4
0 , 2.84 , 2.0 , 4 , 4
0 , 2.82 , 2.0 , 4 , 4
0 , 2.82 , 2.0 , 4 , 4
0 , 2.82 , 2.0 , 4 , 4
0 , 2.8 , 2.0 , 4 , 4
0 , 2.8 , 2.0 , 4 , 4
0 , 2.8 , 2.0 , 4 , 4
0 , 2.8 , 2.0 , 4 , 4
0 , 2.8 , 2.0 , 4 , 4
0 , 2.8 , 2.0 , 4 , 4
0 , 2.8 , 2.0 , 4 , 4
0 , 2.8 , 2.0 , 4 , 4
0 , 2.8 , 2.0 , 4 , 4
0 , 2.8 , 2.0 , 4 , 4
0 , 2.78 , 2.0 , 2 , 4
0 , 2.78 , 2.0 , 2 , 4
0 , 2.78 , 2.0 , 2 , 4
0 , 2.78 , 2.0 , 2 , 4
0 , 2.78 , 2.0 , 2 , 4
0 , 2.78 , 2.0 , 2 , 4
0 , 2.78 , 2.0 , 2 , 4
0 , 2.78 , 2.0 , 2 , 4
0 , 2.78 , 2.0 , 2 , 4
0 , 2.78 , 2.0 , 2 , 4
0 , 2.78 , 2.0 , 2 , 4
0 , 2.78 , 2.0 , 2 , 4
0 , 2.78 , 2.0 , 2 , 4
0 , 2.78 , 2.0 , 2 , 4
0 , 2.78 , 2.0 , 2 , 4
0 , 2.78 , 2.0 , 2 , 4
0 , 2.78 , 2.0 , 2 , 4
0 , 2.78 , 2.0 , 2 , 4
0 , 2.78 , 2.0 , 2 , 4
0 , 2.78 , 2.0 , 2 , 4
0 , 2.78 , 2.0 , 2 , 4
0 , 2.78 , 2.0 , 2 , 4
0 , 2.78 , 2.0 , 2 , 4
0 , 2.78 , 2.0 , 2 , 4
0 , 2.78 , 2.0 , 2 , 4
0 , 2.78 , 2.0 , 2 , 4
0 , 2.78 , 2.0 , 2 , 4
0 , 2.78 , 2.0 , 2 , 4
0 , 2.78 , 2.0 , 2 , 4
0 , 2.78 , 2.0 , 2 , 4
0 , 2.78 , 2.0 , 2 , 4
0 , 2.78 , 2.0 , 2 , 4
0 , 2.78 , 2.0 , 2 , 4
0 , 2.78 , 2.0 , 2 , 4
0 , 2.78 , 2.0 , 2 , 4
0 , 2.78 , 2.0 , 2 , 4
0 , 2.78 , 2.0 , 2 , 4
0 , 2.78 , 2.0 , 2 , 4
0 , 2.78 , 2.0 , 2 , 4
0 , 2.78 , 2.0 , 2 , 4
0 , 2.78 , 2.0 , 2 , 4
0 , 2.78 , 2.0 , 2 , 4
0 , 2.78 , 2.0 , 2 , 4
0 , 2.76 , 2.0 , 2 , 4
0 , 2.76 , 2.0 , 2 , 4
0 , 2.76 , 2.0 , 2 , 4
0 , 2.76 , 2.0 , 2 , 4
0 , 2.76 , 2.0 , 2 , 4
0 , 2.76 , 2.0 , 2 , 4
0 , 2.76 , 2.0 , 2 , 4
0 , 2.76 , 2.0 , 2 , 4
0 , 2.76 , 2.0 , 2 , 4
0 , 2.76 , 2.0 , 2 , 4
0 , 2.76 , 2.0 , 2 , 4
0 , 2.76 , 2.0 , 2 , 4
0 , 2.76 , 2.0 , 2 , 4
0 , 2.74 , 2.0 , 2 , 4
0 , 2.74 , 2.0 , 2 , 4
0 , 2.74 , 2.0 , 2 , 4
0 , 2.74 , 2.0 , 2 , 4
0 , 2.74 , 2.0 , 2 , 4
0 , 2.74 , 2.0 , 2 , 4
0 , 2.74 , 2.0 , 2 , 4
0 , 2.74 , 2.0 , 2 , 4
0 , 2.74 , 2.0 , 2 , 4
0 , 2.74 , 2.0 , 2 , 4
0 , 2.74 , 2.0 , 2 , 4
0 , 2.74 , 2.0 , 2 , 4
0 , 2.74 , 2.0 , 2 , 4
0 , 2.74 , 2.0 , 2 , 4
0 , 2.74 , 2.0 , 2 , 4
0 , 2.74 , 2.0 , 2 , 4
0 , 2.74 , 2.0 , 2 , 4
0 , 2.74 , 2.0 , 2 , 4
0 , 2.74 , 2.0 , 2 , 4
0 , 2.74 , 2.0 , 2 , 4
0 , 2.72 , 2.0 , 2 , 4
0 , 2.72 , 2.0 , 2 , 4
0 , 2.72 , 2.0 , 2 , 4
0 , 2.72 , 2.0 , 2 , 4
0 , 2.72 , 2.0 , 2 , 4
0 , 2.7 , 2.0 , 2 , 4
0 , 2.7 , 2.0 , 2 , 4
0 , 2.7 , 2.0 , 2 , 4
0 , 2.7 , 2.0 , 2 , 4
0 , 2.7 , 2.0 , 2 , 4
0 , 2.7 , 2.0 , 2 , 4
0 , 2.68 , 2.0 , 2 , 4
0 , 2.68 , 2.0 , 2 , 4
0 , 2.68 , 2.0 , 2 , 4
0 , 2.68 , 2.0 , 2 , 4
0 , 2.68 , 2.0 , 2 , 4
0 , 2.68 , 2.0 , 2 , 4
0 , 2.68 , 2.0 , 2 , 4
0 , 2.68 , 2.0 , 2 , 4
0 , 2.68 , 2.0 , 2 , 4
0 , 2.68 , 2.0 , 2 , 4
0 , 2.66 , 2.0 , 2 , 4
0 , 2.66 , 2.0 , 2 , 4
0 , 2.66 , 2.0 , 2 , 4
0 , 2.66 , 2.0 , 2 , 4
0 , 2.66 , 2.0 , 2 , 4
0 , 2.66 , 2.0 , 2 , 4
0 , 2.66 , 2.0 , 2 , 4
0 , 2.66 , 2.0 , 2 , 4
0 , 2.66 , 2.0 , 2 , 4
0 , 2.66 , 2.0 , 2 , 4
0 , 2.66 , 2.0 , 2 , 4
0 , 2.64 , 2.0 , 2 , 4
0 , 2.64 , 2.0 , 2 , 4
0 , 2.64 , 2.0 , 2 , 4
0 , 2.62 , 2.0 , 2 , 4
0 , 2.62 , 2.0 , 2 , 4
0 , 2.62 , 2.0 , 2 , 4
0 , 2.6 , 2.0 , 2 , 4
0 , 2.6 , 2.0 , 2 , 4
0 , 2.6 , 2.0 , 2 , 4
0 , 2.6 , 2.0 , 2 , 4
0 , 2.6 , 2.0 , 2 , 4
0 , 2.6 , 2.0 , 2 , 4
0 , 2.6 , 2.0 , 2 , 4
0 , 2.6 , 2.0 , 2 , 4
0 , 2.6 , 2.0 , 2 , 4
0 , 2.58 , 2.0 , 2 , 4
0 , 2.58 , 2.0 , 2 , 4
0 , 2.58 , 2.0 , 2 , 4
0 , 2.58 , 2.0 , 2 , 4
0 , 2.58 , 2.0 , 2 , 4
0 , 2.58 , 2.0 , 2 , 4
0 , 2.58 , 2.0 , 2 , 4
0 , 2.58 , 2.0 , 2 , 4
0 , 2.58 , 2.0 , 2 , 4
0 , 2.58 , 2.0 , 2 , 4
0 , 2.58 , 2.0 , 2 , 4
0 , 2.58 , 2.0 , 2 , 4
0 , 2.58 , 2.0 , 2 , 4
0 , 2.58 , 2.0 , 2 , 4
0 , 2.58 , 2.0 , 2 , 4
0 , 2.58 , 2.0 , 2 , 4
0 , 2.58 , 2.0 , 2 , 4
0 , 2.58 , 2.0 , 2 , 4
0 , 2.58 , 2.0 , 2 , 4
0 , 2.58 , 2.0 , 2 , 4
0 , 2.58 , 2.0 , 2 , 4
0 , 2.58 , 2.0 , 2 , 4
0 , 2.56 , 2.0 , 2 , 4
0 , 2.56 , 2.0 , 2 , 4
0 , 2.56 , 2.0 , 2 , 4
0 , 2.56 , 2.0 , 2 , 4
0 , 2.56 , 2.0 , 2 , 4
0 , 2.56 , 2.0 , 2 , 4
0 , 2.56 , 2.0 , 2 , 4
0 , 2.56 , 2.0 , 2 , 4
0 , 2.56 , 2.0 , 2 , 4
0 , 2.56 , 2.0 , 2 , 4
0 , 2.56 , 2.0 , 2 , 4
0 , 2.54 , 2.0 , 2 , 4
0 , 2.54 , 2.0 , 2 , 4
0 , 2.54 , 2.0 , 2 , 4
0 , 2.54 , 2.0 , 2 , 4
0 , 2.54 , 2.0 , 2 , 4
0 , 2.54 , 2.0 , 2 , 4
0 , 2.54 , 2.0 , 2 , 4
0 , 2.54 , 2.0 , 2 , 4
0 , 2.54 , 2.0 , 2 , 4
0 , 2.54 , 2.0 , 2 , 4
0 , 2.54 , 2.0 , 2 , 4
0 , 2.54 , 2.0 , 2 , 4
0 , 2.54 , 2.0 , 2 , 4
0 , 2.54 , 2.0 , 2 , 4
0 , 2.54 , 2.0 , 2 , 4
0 , 2.54 , 2.0 , 2 , 4
0 , 2.54 , 2.0 , 2 , 4
0 , 2.54 , 2.0 , 2 , 4
0 , 2.54 , 2.0 , 2 , 4
0 , 2.5 , 2.0 , 2 , 4
0 , 2.5 , 2.0 , 2 , 4
0 , 2.5 , 2.0 , 2 , 4
0 , 2.5 , 2.0 , 2 , 4
0 , 2.5 , 2.0 , 2 , 4
0 , 2.5 , 2.0 , 2 , 4
0 , 2.5 , 2.0 , 2 , 4
0 , 2.5 , 2.0 , 2 , 4
0 , 2.5 , 2.0 , 2 , 4
0 , 2.5 , 2.0 , 2 , 4
0 , 2.5 , 2.0 , 2 , 4
0 , 2.5 , 2.0 , 2 , 4
0 , 2.48 , 2.0 , 2 , 4
0 , 2.48 , 2.0 , 2 , 4
0 , 2.48 , 2.0 , 2 , 4
0 , 2.48 , 2.0 , 2 , 4
0 , 2.48 , 2.0 , 2 , 4
0 , 2.48 , 2.0 , 2 , 4
0 , 2.48 , 2.0 , 2 , 4
0 , 2.48 , 2.0 , 2 , 4
0 , 2.48 , 2.0 , 2 , 4
0 , 2.48 , 2.0 , 2 , 4
0 , 2.48 , 2.0 , 2 , 4
0 , 2.48 , 2.0 , 2 , 4
0 , 2.48 , 2.0 , 2 , 4
0 , 2.48 , 2.0 , 2 , 4
0 , 2.48 , 2.0 , 2 , 4
0 , 2.48 , 2.0 , 2 , 4
0 , 2.48 , 2.0 , 2 , 4
0 , 2.48 , 2.0 , 2 , 4
0 , 2.48 , 2.0 , 2 , 4
0 , 2.48 , 2.0 , 2 , 4
0 , 2.48 , 2.0 , 2 , 4
0 , 2.48 , 2.0 , 2 , 4
0 , 2.48 , 2.0 , 2 , 4
0 , 2.48 , 2.0 , 2 , 4
0 , 2.48 , 2.0 , 2 , 4
0 , 2.48 , 2.0 , 2 , 4
0 , 2.48 , 2.0 , 2 , 4
0 , 2.48 , 2.0 , 2 , 4
0 , 2.48 , 2.0 , 2 , 4
0 , 2.48 , 2.0 , 2 , 4
0 , 2.46 , 2.0 , 2 , 4
0 , 2.46 , 2.0 , 2 , 4
0 , 2.46 , 2.0 , 2 , 4
0 , 2.44 , 2.0 , 2 , 4
0 , 2.44 , 2.0 , 2 , 4
0 , 2.44 , 2.0 , 2 , 4
0 , 2.44 , 2.0 , 2 , 4
0 , 2.44 , 2.0 , 2 , 4
0 , 2.44 , 2.0 , 2 , 4
0 , 2.44 , 2.0 , 2 , 4
0 , 2.4 , 2.0 , 2 , 4
0 , 2.4 , 2.0 , 2 , 4
0 , 2.4 , 2.0 , 2 , 4
0 , 2.4 , 2.0 , 2 , 4
0 , 2.4 , 2.0 , 2 , 4
0 , 2.4 , 2.0 , 2 , 4
0 , 2.4 , 2.0 , 2 , 4
0 , 2.4 , 2.0 , 2 , 4
0 , 2.4 , 2.0 , 2 , 4
0 , 2.4 , 2.0 , 2 , 4
0 , 2.4 , 2.0 , 2 , 4
0 , 2.4 , 2.0 , 2 , 4
0 , 2.4 , 2.0 , 2 , 4
0 , 2.4 , 2.0 , 2 , 4
0 , 2.4 , 2.0 , 2 , 4
0 , 2.4 , 2.0 , 2 , 4
0 , 2.4 , 2.0 , 2 , 4
0 , 2.4 , 2.0 , 2 , 4
0 , 2.4 , 2.0 , 2 , 4
0 , 2.4 , 2.0 , 2 , 4
0 , 2.36 , 2.0 , 2 , 4
0 , 2.36 , 2.0 , 2 , 4
0 , 2.36 , 2.0 , 2 , 4
0 , 2.34 , 2.0 , 2 , 4
0 , 2.34 , 2.0 , 2 , 4
0 , 2.34 , 2.0 , 2 , 4
0 , 2.34 , 2.0 , 2 , 4
0 , 2.34 , 2.0 , 2 , 4
0 , 2.34 , 2.0 , 2 , 4
0 , 2.34 , 2.0 , 2 , 4
0 , 2.34 , 2.0 , 2 , 4
0 , 2.34 , 2.0 , 2 , 4
0 , 2.34 , 2.0 , 2 , 4
0 , 2.34 , 2.0 , 2 , 4
0 , 2.34 , 2.0 , 2 , 4
0 , 2.34 , 2.0 , 2 , 4
0 , 2.32 , 2.0 , 2 , 4
0 , 2.3 , 2.0 , 2 , 4
0 , 2.3 , 2.0 , 2 , 4
0 , 2.3 , 2.0 , 2 , 4
0 , 2.3 , 2.0 , 2 , 4
0 , 2.3 , 2.0 , 2 , 4
0 , 2.3 , 2.0 , 2 , 4
0 , 2.3 , 2.0 , 2 , 4
0 , 2.3 , 2.0 , 2 , 4
0 , 2.3 , 2.0 , 2 , 4
0 , 2.3 , 2.0 , 2 , 4
0 , 2.3 , 2.0 , 2 , 4
0 , 2.3 , 2.0 , 2 , 4
0 , 2.3 , 2.0 , 2 , 4
0 , 2.3 , 2.0 , 2 , 4
0 , 2.3 , 2.0 , 2 , 4
0 , 2.3 , 2.0 , 2 , 4
0 , 2.3 , 2.0 , 2 , 4
0 , 2.3 , 2.0 , 2 , 4
0 , 2.3 , 2.0 , 2 , 4
0 , 2.3 , 2.0 , 2 , 4
0 , 2.3 , 2.0 , 2 , 4
0 , 2.3 , 2.0 , 2 , 4
0 , 2.3 , 2.0 , 2 , 4
0 , 2.3 , 2.0 , 2 , 4
0 , 2.28 , 2.0 , 2 , 4
0 , 2.28 , 2.0 , 2 , 4
0 , 2.28 , 2.0 , 2 , 4
0 , 2.28 , 2.0 , 2 , 4
0 , 2.28 , 2.0 , 2 , 4
0 , 2.28 , 2.0 , 2 , 4
0 , 2.28 , 2.0 , 2 , 4
0 , 2.28 , 2.0 , 2 , 4
0 , 2.28 , 2.0 , 2 , 4
0 , 2.28 , 2.0 , 2 , 4
0 , 2.28 , 2.0 , 2 , 4
0 , 2.28 , 2.0 , 2 , 4
0 , 2.28 , 2.0 , 2 , 4
0 , 2.28 , 2.0 , 2 , 4
0 , 2.28 , 2.0 , 2 , 4
0 , 2.28 , 2.0 , 2 , 4
0 , 2.28 , 2.0 , 2 , 4
0 , 2.28 , 2.0 , 2 , 4
0 , 2.28 , 2.0 , 2 , 4
0 , 2.28 , 2.0 , 2 , 4
0 , 2.28 , 2.0 , 2 , 4
0 , 2.28 , 2.0 , 2 , 4
0 , 2.26 , 2.0 , 2 , 4
0 , 2.26 , 2.0 , 2 , 4
0 , 2.26 , 2.0 , 2 , 4
0 , 2.26 , 2.0 , 2 , 4
0 , 2.26 , 2.0 , 2 , 4
0 , 2.26 , 2.0 , 2 , 4
0 , 2.26 , 2.0 , 2 , 4
0 , 2.26 , 2.0 , 2 , 4
0 , 2.26 , 2.0 , 2 , 4
0 , 2.26 , 2.0 , 2 , 4
0 , 2.26 , 2.0 , 2 , 4
0 , 2.26 , 2.0 , 2 , 4
0 , 2.26 , 2.0 , 2 , 4
0 , 2.26 , 2.0 , 2 , 4
0 , 2.26 , 2.0 , 2 , 4
0 , 2.26 , 2.0 , 2 , 4
0 , 2.26 , 2.0 , 2 , 4
0 , 2.26 , 2.0 , 2 , 4
0 , 2.26 , 2.0 , 2 , 4
0 , 2.26 , 2.0 , 2 , 4
0 , 2.26 , 2.0 , 2 , 4
0 , 2.24 , 2.0 , 2 , 4
0 , 2.22 , 2.0 , 2 , 4
0 , 2.22 , 2.0 , 2 , 4
0 , 2.22 , 2.0 , 2 , 4
0 , 2.22 , 2.0 , 2 , 4
0 , 2.22 , 2.0 , 2 , 4
0 , 2.22 , 2.0 , 2 , 4
0 , 2.22 , 2.0 , 2 , 4
0 , 2.22 , 2.0 , 2 , 4
0 , 2.2 , 2.0 , 2 , 4
0 , 2.2 , 2.0 , 2 , 4
0 , 2.2 , 2.0 , 2 , 4
0 , 2.2 , 2.0 , 2 , 4
0 , 2.2 , 2.0 , 2 , 4
0 , 2.2 , 2.0 , 2 , 4
0 , 2.2 , 2.0 , 2 , 4
0 , 2.18 , 2.0 , 2 , 4
0 , 2.18 , 2.0 , 2 , 4
0 , 2.18 , 2.0 , 2 , 4
0 , 2.18 , 2.0 , 2 , 4
0 , 2.18 , 2.0 , 2 , 4
0 , 2.18 , 2.0 , 2 , 4
0 , 2.18 , 2.0 , 2 , 4
0 , 2.16 , 2.0 , 2 , 4
0 , 2.16 , 2.0 , 2 , 4
0 , 2.16 , 2.0 , 2 , 4
0 , 2.16 , 2.0 , 2 , 4
0 , 2.16 , 2.0 , 2 , 4
0 , 2.16 , 2.0 , 2 , 4
0 , 2.16 , 2.0 , 2 , 4
0 , 2.16 , 2.0 , 2 , 4
0 , 2.16 , 2.0 , 2 , 4
0 , 2.16 , 2.0 , 2 , 4
0 , 2.16 , 2.0 , 2 , 4
0 , 2.16 , 2.0 , 2 , 4
0 , 2.16 , 2.0 , 2 , 4
0 , 2.16 , 2.0 , 2 , 4
0 , 2.14 , 2.0 , 2 , 4
0 , 2.14 , 2.0 , 2 , 4
0 , 2.14 , 2.0 , 2 , 4
0 , 2.14 , 2.0 , 2 , 4
0 , 2.14 , 2.0 , 2 , 4
0 , 2.14 , 2.0 , 2 , 4
0 , 2.14 , 2.0 , 2 , 4
0 , 2.14 , 2.0 , 2 , 4
0 , 2.14 , 2.0 , 2 , 4
0 , 2.14 , 2.0 , 2 , 4
0 , 2.14 , 2.0 , 2 , 4
0 , 2.14 , 2.0 , 2 , 4
0 , 2.14 , 2.0 , 2 , 4
0 , 2.14 , 2.0 , 2 , 4
0 , 2.14 , 2.0 , 2 , 4
0 , 2.14 , 2.0 , 2 , 4
0 , 2.14 , 2.0 , 2 , 4
0 , 2.14 , 2.0 , 2 , 4
0 , 2.12 , 2.0 , 2 , 4
0 , 2.12 , 2.0 , 2 , 4
0 , 2.12 , 2.0 , 2 , 4
0 , 2.12 , 2.0 , 2 , 4
0 , 2.1 , 2.0 , 2 , 4
0 , 2.1 , 2.0 , 2 , 4
0 , 2.1 , 2.0 , 2 , 4
0 , 2.08 , 2.0 , 2 , 4
0 , 2.06 , 2.0 , 2 , 4
0 , 2.06 , 2.0 , 2 , 4
0 , 2.06 , 2.0 , 2 , 4
0 , 2.04 , 2.0 , 2 , 4
0 , 2.04 , 2.0 , 2 , 4
0 , 2.04 , 2.0 , 2 , 4
0 , 2.04 , 2.0 , 2 , 4
0 , 2.04 , 2.0 , 2 , 4
0 , 2.04 , 2.0 , 2 , 4
0 , 2.04 , 2.0 , 2 , 4
0 , 2.04 , 2.0 , 2 , 4
0 , 2.04 , 2.0 , 2 , 4
0 , 2.04 , 2.0 , 2 , 4
0 , 2.04 , 2.0 , 2 , 4
0 , 2.04 , 2.0 , 2 , 4
0 , 2.04 , 2.0 , 2 , 4
0 , 2.04 , 2.0 , 2 , 4
0 , 2.04 , 2.0 , 2 , 4
0 , 2.04 , 2.0 , 2 , 4
0 , 2.04 , 2.0 , 2 , 4
0 , 2.04 , 2.0 , 2 , 4
0 , 2.04 , 2.0 , 2 , 4
0 , 2.04 , 2.0 , 2 , 4
0 , 2.02 , 2.0 , 2 , 4
0 , 2.02 , 2.0 , 2 , 4
0 , 2.02 , 2.0 , 2 , 4
0 , 2.02 , 2.0 , 2 , 4
0 , 2.02 , 2.0 , 2 , 4
0 , 2.02 , 2.0 , 2 , 4
0 , 2.0 , 2.0 , 2 , 4
0 , 2.0 , 2.0 , 2 , 4
0 , 2.0 , 2.0 , 2 , 4
0 , 2.0 , 2.0 , 2 , 4
0 , 2.0 , 2.0 , 2 , 4
0 , 2.0 , 2.0 , 2 , 4
0 , 2.0 , 2.0 , 2 , 4
0 , 2.0 , 2.0 , 2 , 4
0 , 1.98 , 2.0 , 2 , 4
0 , 1.98 , 2.0 , 2 , 4
0 , 1.98 , 2.0 , 2 , 4
0 , 1.96 , 2.0 , 2 , 4
0 , 1.96 , 2.0 , 2 , 4
0 , 1.96 , 2.0 , 2 , 4
0 , 1.96 , 2.0 , 2 , 4
0 , 1.96 , 2.0 , 2 , 4
0 , 1.96 , 2.0 , 2 , 4
0 , 1.96 , 2.0 , 2 , 4
0 , 1.96 , 2.0 , 2 , 4
0 , 1.96 , 2.0 , 2 , 4
0 , 1.96 , 2.0 , 2 , 4
9  Perfect solutions
perfect solution individuals [[3, 6, 4, 1, 5, 0, 2, 7], [4, 7, 3, 0, 6, 1, 5, 2], [7, 3, 0, 2, 5, 1, 6, 4], [7, 3, 0, 2, 5, 1, 6, 4], [4, 1, 7, 0, 3, 6, 2, 5], [4, 1, 3, 5, 7, 2, 0, 6], [1, 7, 5, 0, 2, 4, 6, 3], [6, 2, 7, 1, 4, 0, 5, 3], [6, 2, 7, 1, 4, 0, 5, 3]]
