2 , 9.4 , 8.0 , 8 , 22
2 , 9.24 , 8.0 , 8 , 20
2 , 9.08 , 8.0 , 8 , 16
2 , 9.0 , 8.0 , 8 , 16
2 , 8.86 , 8.0 , 8 , 16
2 , 8.66 , 8.0 , 8 , 14
2 , 8.52 , 8.0 , 8 , 14
2 , 8.42 , 8.0 , 8 , 14
2 , 8.32 , 8.0 , 8 , 14
2 , 8.22 , 8.0 , 8 , 14
2 , 8.14 , 8.0 , 8 , 12
2 , 8.14 , 8.0 , 8 , 12
2 , 8.02 , 8.0 , 8 , 12
2 , 7.96 , 8.0 , 8 , 12
2 , 7.92 , 8.0 , 8 , 12
2 , 7.9 , 8.0 , 8 , 12
2 , 7.8 , 8.0 , 8 , 12
0 , 7.66 , 8.0 , 8 , 12
0 , 7.64 , 8.0 , 8 , 12
0 , 7.5 , 8.0 , 8 , 12
0 , 7.46 , 8.0 , 8 , 12
0 , 7.44 , 8.0 , 8 , 10
0 , 7.4 , 8.0 , 8 , 10
0 , 7.36 , 8.0 , 8 , 10
0 , 7.34 , 8.0 , 8 , 10
0 , 7.26 , 8.0 , 8 , 10
0 , 7.22 , 8.0 , 8 , 10
0 , 7.16 , 8.0 , 8 , 10
0 , 7.08 , 8.0 , 8 , 10
0 , 6.96 , 8.0 , 8 , 10
0 , 6.92 , 8.0 , 8 , 10
0 , 6.9 , 8.0 , 8 , 10
0 , 6.86 , 8.0 , 8 , 10
0 , 6.78 , 8.0 , 8 , 10
0 , 6.74 , 8.0 , 8 , 10
0 , 6.68 , 7.0 , 8 , 10
0 , 6.68 , 7.0 , 8 , 10
0 , 6.64 , 6.0 , 8 , 10
0 , 6.62 , 6.0 , 8 , 10
0 , 6.58 , 6.0 , 8 , 10
0 , 6.56 , 6.0 , 8 , 10
0 , 6.54 , 6.0 , 8 , 10
0 , 6.52 , 6.0 , 8 , 10
0 , 6.42 , 6.0 , 8 , 10
0 , 6.28 , 6.0 , 8 , 10
0 , 6.24 , 6.0 , 8 , 10
0 , 6.12 , 6.0 , 8 , 8
0 , 6.12 , 6.0 , 8 , 8
0 , 6.08 , 6.0 , 8 , 8
0 , 6.08 , 6.0 , 8 , 8
0 , 6.08 , 6.0 , 8 , 8
0 , 6.06 , 6.0 , 8 , 8
0 , 6.04 , 6.0 , 8 , 8
0 , 6.0 , 6.0 , 8 , 8
0 , 6.0 , 6.0 , 8 , 8
0 , 6.0 , 6.0 , 8 , 8
0 , 5.94 , 6.0 , 8 , 8
0 , 5.94 , 6.0 , 8 , 8
0 , 5.92 , 6.0 , 6 , 8
0 , 5.92 , 6.0 , 6 , 8
0 , 5.88 , 6.0 , 6 , 8
0 , 5.88 , 6.0 , 6 , 8
0 , 5.88 , 6.0 , 6 , 8
0 , 5.86 , 6.0 , 6 , 8
0 , 5.86 , 6.0 , 6 , 8
0 , 5.84 , 6.0 , 6 , 8
0 , 5.8 , 6.0 , 6 , 8
0 , 5.76 , 6.0 , 6 , 8
0 , 5.76 , 6.0 , 6 , 8
0 , 5.7 , 6.0 , 6 , 8
0 , 5.58 , 6.0 , 6 , 8
0 , 5.56 , 6.0 , 6 , 8
0 , 5.52 , 6.0 , 6 , 8
0 , 5.5 , 6.0 , 6 , 8
0 , 5.5 , 6.0 , 6 , 8
0 , 5.5 , 6.0 , 6 , 8
0 , 5.5 , 6.0 , 6 , 8
0 , 5.46 , 6.0 , 6 , 8
0 , 5.44 , 6.0 , 6 , 8
0 , 5.36 , 6.0 , 6 , 8
0 , 5.36 , 6.0 , 6 , 8
0 , 5.36 , 6.0 , 6 , 8
0 , 5.34 , 6.0 , 6 , 8
0 , 5.3 , 6.0 , 6 , 8
0 , 5.24 , 6.0 , 6 , 8
0 , 5.2 , 6.0 , 6 , 8
0 , 5.16 , 6.0 , 6 , 8
0 , 5.16 , 6.0 , 6 , 8
0 , 5.14 , 6.0 , 6 , 8
0 , 5.12 , 6.0 , 6 , 8
0 , 5.08 , 6.0 , 6 , 8
0 , 5.06 , 6.0 , 6 , 8
0 , 5.06 , 6.0 , 6 , 8
0 , 5.04 , 6.0 , 6 , 8
0 , 5.04 , 6.0 , 6 , 8
0 , 5.04 , 6.0 , 6 , 8
0 , 5.04 , 6.0 , 6 , 8
0 , 4.98 , 6.0 , 6 , 8
0 , 4.92 , 6.0 , 6 , 8
0 , 4.92 , 6.0 , 6 , 8
0 , 4.88 , 6.0 , 6 , 8
0 , 4.84 , 6.0 , 6 , 6
0 , 4.84 , 6.0 , 6 , 6
0 , 4.82 , 6.0 , 6 , 6
0 , 4.82 , 6.0 , 6 , 6
0 , 4.82 , 6.0 , 6 , 6
0 , 4.82 , 6.0 , 6 , 6
0 , 4.78 , 6.0 , 6 , 6
0 , 4.78 , 6.0 , 6 , 6
0 , 4.78 , 6.0 , 6 , 6
0 , 4.78 , 6.0 , 6 , 6
0 , 4.78 , 6.0 , 6 , 6
0 , 4.78 , 6.0 , 6 , 6
0 , 4.76 , 6.0 , 6 , 6
0 , 4.76 , 6.0 , 6 , 6
0 , 4.72 , 6.0 , 6 , 6
0 , 4.72 , 6.0 , 6 , 6
0 , 4.72 , 6.0 , 6 , 6
0 , 4.72 , 6.0 , 6 , 6
0 , 4.72 , 6.0 , 6 , 6
0 , 4.66 , 6.0 , 6 , 6
0 , 4.66 , 6.0 , 6 , 6
0 , 4.64 , 5.0 , 6 , 6
0 , 4.64 , 5.0 , 6 , 6
0 , 4.64 , 5.0 , 6 , 6
0 , 4.64 , 5.0 , 6 , 6
0 , 4.62 , 4.0 , 6 , 6
0 , 4.62 , 4.0 , 6 , 6
0 , 4.62 , 4.0 , 6 , 6
0 , 4.62 , 4.0 , 6 , 6
0 , 4.62 , 4.0 , 6 , 6
0 , 4.62 , 4.0 , 6 , 6
0 , 4.6 , 4.0 , 6 , 6
0 , 4.6 , 4.0 , 6 , 6
0 , 4.6 , 4.0 , 6 , 6
0 , 4.56 , 4.0 , 6 , 6
0 , 4.54 , 4.0 , 6 , 6
0 , 4.54 , 4.0 , 6 , 6
0 , 4.54 , 4.0 , 6 , 6
0 , 4.5 , 4.0 , 6 , 6
0 , 4.48 , 4.0 , 6 , 6
0 , 4.46 , 4.0 , 6 , 6
0 , 4.44 , 4.0 , 6 , 6
0 , 4.44 , 4.0 , 6 , 6
0 , 4.44 , 4.0 , 6 , 6
0 , 4.44 , 4.0 , 6 , 6
0 , 4.44 , 4.0 , 6 , 6
0 , 4.44 , 4.0 , 6 , 6
0 , 4.44 , 4.0 , 6 , 6
0 , 4.44 , 4.0 , 6 , 6
0 , 4.4 , 4.0 , 6 , 6
0 , 4.4 , 4.0 , 6 , 6
0 , 4.34 , 4.0 , 4 , 6
0 , 4.34 , 4.0 , 4 , 6
0 , 4.32 , 4.0 , 4 , 6
0 , 4.3 , 4.0 , 4 , 6
0 , 4.3 , 4.0 , 4 , 6
0 , 4.28 , 4.0 , 4 , 6
0 , 4.28 , 4.0 , 4 , 6
0 , 4.26 , 4.0 , 4 , 6
0 , 4.26 , 4.0 , 4 , 6
0 , 4.22 , 4.0 , 4 , 6
0 , 4.2 , 4.0 , 4 , 6
0 , 4.18 , 4.0 , 4 , 6
0 , 4.16 , 4.0 , 4 , 6
0 , 4.14 , 4.0 , 4 , 6
0 , 4.14 , 4.0 , 4 , 6
0 , 4.14 , 4.0 , 4 , 6
0 , 4.14 , 4.0 , 4 , 6
0 , 4.08 , 4.0 , 4 , 6
0 , 4.08 , 4.0 , 4 , 6
0 , 4.08 , 4.0 , 4 , 6
0 , 4.08 , 4.0 , 4 , 6
0 , 4.06 , 4.0 , 4 , 6
0 , 4.06 , 4.0 , 4 , 6
0 , 4.06 , 4.0 , 4 , 6
0 , 4.06 , 4.0 , 4 , 6
0 , 4.06 , 4.0 , 4 , 6
0 , 4.06 , 4.0 , 4 , 6
0 , 4.04 , 4.0 , 4 , 6
0 , 4.04 , 4.0 , 4 , 6
0 , 4.04 , 4.0 , 4 , 6
0 , 4.04 , 4.0 , 4 , 6
0 , 4.04 , 4.0 , 4 , 6
0 , 4.04 , 4.0 , 4 , 6
0 , 4.0 , 4.0 , 4 , 6
0 , 4.0 , 4.0 , 4 , 6
0 , 3.96 , 4.0 , 4 , 6
0 , 3.96 , 4.0 , 4 , 6
0 , 3.96 , 4.0 , 4 , 6
0 , 3.96 , 4.0 , 4 , 6
0 , 3.96 , 4.0 , 4 , 6
0 , 3.94 , 4.0 , 4 , 6
0 , 3.9 , 4.0 , 4 , 6
0 , 3.9 , 4.0 , 4 , 6
0 , 3.9 , 4.0 , 4 , 6
0 , 3.9 , 4.0 , 4 , 6
0 , 3.9 , 4.0 , 4 , 6
0 , 3.9 , 4.0 , 4 , 6
0 , 3.9 , 4.0 , 4 , 6
0 , 3.9 , 4.0 , 4 , 6
0 , 3.88 , 4.0 , 4 , 6
0 , 3.88 , 4.0 , 4 , 6
0 , 3.84 , 4.0 , 4 , 6
0 , 3.84 , 4.0 , 4 , 6
0 , 3.8 , 4.0 , 4 , 6
0 , 3.8 , 4.0 , 4 , 6
0 , 3.8 , 4.0 , 4 , 6
0 , 3.72 , 4.0 , 4 , 6
0 , 3.72 , 4.0 , 4 , 6
0 , 3.68 , 4.0 , 4 , 6
0 , 3.68 , 4.0 , 4 , 6
0 , 3.68 , 4.0 , 4 , 6
0 , 3.68 , 4.0 , 4 , 6
0 , 3.68 , 4.0 , 4 , 6
0 , 3.68 , 4.0 , 4 , 6
0 , 3.68 , 4.0 , 4 , 6
0 , 3.66 , 4.0 , 4 , 6
0 , 3.64 , 4.0 , 4 , 6
0 , 3.64 , 4.0 , 4 , 6
0 , 3.64 , 4.0 , 4 , 6
0 , 3.64 , 4.0 , 4 , 6
0 , 3.62 , 4.0 , 4 , 6
0 , 3.62 , 4.0 , 4 , 6
0 , 3.62 , 4.0 , 4 , 6
0 , 3.62 , 4.0 , 4 , 6
0 , 3.62 , 4.0 , 4 , 6
0 , 3.62 , 4.0 , 4 , 6
0 , 3.62 , 4.0 , 4 , 6
0 , 3.62 , 4.0 , 4 , 6
0 , 3.6 , 4.0 , 4 , 6
0 , 3.56 , 4.0 , 4 , 6
0 , 3.56 , 4.0 , 4 , 6
0 , 3.54 , 4.0 , 4 , 6
0 , 3.52 , 4.0 , 4 , 6
0 , 3.52 , 4.0 , 4 , 6
0 , 3.5 , 4.0 , 4 , 6
0 , 3.48 , 4.0 , 4 , 6
0 , 3.46 , 4.0 , 4 , 6
0 , 3.46 , 4.0 , 4 , 6
0 , 3.46 , 4.0 , 4 , 6
0 , 3.44 , 4.0 , 4 , 6
0 , 3.44 , 4.0 , 4 , 6
0 , 3.44 , 4.0 , 4 , 6
0 , 3.42 , 4.0 , 4 , 6
0 , 3.42 , 4.0 , 4 , 6
0 , 3.42 , 4.0 , 4 , 6
0 , 3.42 , 4.0 , 4 , 6
0 , 3.42 , 4.0 , 4 , 6
0 , 3.38 , 4.0 , 4 , 6
0 , 3.32 , 4.0 , 4 , 6
0 , 3.32 , 4.0 , 4 , 6
0 , 3.32 , 4.0 , 4 , 6
0 , 3.26 , 4.0 , 4 , 4
0 , 3.26 , 4.0 , 4 , 4
0 , 3.24 , 4.0 , 4 , 4
0 , 3.24 , 4.0 , 4 , 4
0 , 3.24 , 4.0 , 4 , 4
0 , 3.24 , 4.0 , 4 , 4
0 , 3.24 , 4.0 , 4 , 4
0 , 3.24 , 4.0 , 4 , 4
0 , 3.24 , 4.0 , 4 , 4
0 , 3.2 , 4.0 , 4 , 4
0 , 3.2 , 4.0 , 4 , 4
0 , 3.2 , 4.0 , 4 , 4
0 , 3.2 , 4.0 , 4 , 4
0 , 3.2 , 4.0 , 4 , 4
0 , 3.2 , 4.0 , 4 , 4
0 , 3.2 , 4.0 , 4 , 4
0 , 3.2 , 4.0 , 4 , 4
0 , 3.2 , 4.0 , 4 , 4
0 , 3.2 , 4.0 , 4 , 4
0 , 3.2 , 4.0 , 4 , 4
0 , 3.18 , 4.0 , 4 , 4
0 , 3.18 , 4.0 , 4 , 4
0 , 3.18 , 4.0 , 4 , 4
0 , 3.18 , 4.0 , 4 , 4
0 , 3.18 , 4.0 , 4 , 4
0 , 3.18 , 4.0 , 4 , 4
0 , 3.18 , 4.0 , 4 , 4
0 , 3.18 , 4.0 , 4 , 4
0 , 3.18 , 4.0 , 4 , 4
0 , 3.18 , 4.0 , 4 , 4
0 , 3.18 , 4.0 , 4 , 4
0 , 3.18 , 4.0 , 4 , 4
0 , 3.16 , 4.0 , 4 , 4
0 , 3.14 , 4.0 , 4 , 4
0 , 3.14 , 4.0 , 4 , 4
0 , 3.14 , 4.0 , 4 , 4
0 , 3.14 , 4.0 , 4 , 4
0 , 3.14 , 4.0 , 4 , 4
0 , 3.14 , 4.0 , 4 , 4
0 , 3.14 , 4.0 , 4 , 4
0 , 3.14 , 4.0 , 4 , 4
0 , 3.14 , 4.0 , 4 , 4
0 , 3.14 , 4.0 , 4 , 4
0 , 3.12 , 4.0 , 4 , 4
0 , 3.12 , 4.0 , 4 , 4
0 , 3.12 , 4.0 , 4 , 4
0 , 3.1 , 4.0 , 4 , 4
0 , 3.1 , 4.0 , 4 , 4
0 , 3.1 , 4.0 , 4 , 4
0 , 3.1 , 4.0 , 4 , 4
0 , 3.1 , 4.0 , 4 , 4
0 , 3.1 , 4.0 , 4 , 4
0 , 3.1 , 4.0 , 4 , 4
0 , 3.1 , 4.0 , 4 , 4
0 , 3.1 , 4.0 , 4 , 4
0 , 3.1 , 4.0 , 4 , 4
0 , 3.1 , 4.0 , 4 , 4
0 , 3.1 , 4.0 , 4 , 4
0 , 3.1 , 4.0 , 4 , 4
0 , 3.1 , 4.0 , 4 , 4
0 , 3.1 , 4.0 , 4 , 4
0 , 3.1 , 4.0 , 4 , 4
0 , 3.08 , 4.0 , 4 , 4
0 , 3.08 , 4.0 , 4 , 4
0 , 3.08 , 4.0 , 4 , 4
0 , 3.08 , 4.0 , 4 , 4
0 , 3.08 , 4.0 , 4 , 4
0 , 3.08 , 4.0 , 4 , 4
0 , 3.08 , 4.0 , 4 , 4
0 , 3.08 , 4.0 , 4 , 4
0 , 3.08 , 4.0 , 4 , 4
0 , 3.06 , 4.0 , 4 , 4
0 , 3.06 , 4.0 , 4 , 4
0 , 3.04 , 4.0 , 4 , 4
0 , 3.04 , 4.0 , 4 , 4
0 , 3.04 , 4.0 , 4 , 4
0 , 3.04 , 4.0 , 4 , 4
0 , 3.04 , 4.0 , 4 , 4
0 , 3.02 , 4.0 , 4 , 4
0 , 3.02 , 4.0 , 4 , 4
0 , 3.02 , 4.0 , 4 , 4
0 , 3.02 , 4.0 , 4 , 4
0 , 3.02 , 4.0 , 4 , 4
0 , 3.0 , 4.0 , 4 , 4
0 , 2.98 , 4.0 , 4 , 4
0 , 2.98 , 4.0 , 4 , 4
0 , 2.98 , 4.0 , 4 , 4
0 , 2.98 , 4.0 , 4 , 4
0 , 2.98 , 4.0 , 4 , 4
0 , 2.98 , 4.0 , 4 , 4
0 , 2.98 , 4.0 , 4 , 4
0 , 2.98 , 4.0 , 4 , 4
0 , 2.98 , 4.0 , 4 , 4
0 , 2.96 , 4.0 , 4 , 4
0 , 2.96 , 4.0 , 4 , 4
0 , 2.96 , 4.0 , 4 , 4
0 , 2.96 , 4.0 , 4 , 4
0 , 2.94 , 4.0 , 4 , 4
0 , 2.94 , 4.0 , 4 , 4
0 , 2.94 , 4.0 , 4 , 4
0 , 2.94 , 4.0 , 4 , 4
0 , 2.94 , 4.0 , 4 , 4
0 , 2.94 , 4.0 , 4 , 4
0 , 2.94 , 4.0 , 4 , 4
0 , 2.94 , 4.0 , 4 , 4
0 , 2.94 , 4.0 , 4 , 4
0 , 2.94 , 4.0 , 4 , 4
0 , 2.94 , 4.0 , 4 , 4
0 , 2.94 , 4.0 , 4 , 4
0 , 2.94 , 4.0 , 4 , 4
0 , 2.94 , 4.0 , 4 , 4
0 , 2.94 , 4.0 , 4 , 4
0 , 2.94 , 4.0 , 4 , 4
0 , 2.94 , 4.0 , 4 , 4
0 , 2.94 , 4.0 , 4 , 4
0 , 2.92 , 4.0 , 4 , 4
0 , 2.92 , 4.0 , 4 , 4
0 , 2.92 , 4.0 , 4 , 4
0 , 2.92 , 4.0 , 4 , 4
0 , 2.92 , 4.0 , 4 , 4
0 , 2.9 , 3.0 , 4 , 4
0 , 2.9 , 3.0 , 4 , 4
0 , 2.9 , 3.0 , 4 , 4
0 , 2.9 , 3.0 , 4 , 4
0 , 2.9 , 3.0 , 4 , 4
0 , 2.9 , 3.0 , 4 , 4
0 , 2.9 , 3.0 , 4 , 4
0 , 2.9 , 3.0 , 4 , 4
0 , 2.9 , 3.0 , 4 , 4
0 , 2.9 , 3.0 , 4 , 4
0 , 2.9 , 3.0 , 4 , 4
0 , 2.9 , 3.0 , 4 , 4
0 , 2.9 , 3.0 , 4 , 4
0 , 2.9 , 3.0 , 4 , 4
0 , 2.9 , 3.0 , 4 , 4
0 , 2.9 , 3.0 , 4 , 4
0 , 2.88 , 2.0 , 4 , 4
0 , 2.88 , 2.0 , 4 , 4
0 , 2.88 , 2.0 , 4 , 4
0 , 2.88 , 2.0 , 4 , 4
0 , 2.88 , 2.0 , 4 , 4
0 , 2.88 , 2.0 , 4 , 4
0 , 2.88 , 2.0 , 4 , 4
0 , 2.88 , 2.0 , 4 , 4
0 , 2.88 , 2.0 , 4 , 4
0 , 2.86 , 2.0 , 4 , 4
0 , 2.86 , 2.0 , 4 , 4
0 , 2.86 , 2.0 , 4 , 4
0 , 2.86 , 2.0 , 4 , 4
0 , 2.86 , 2.0 , 4 , 4
0 , 2.86 , 2.0 , 4 , 4
0 , 2.84 , 2.0 , 2 , 4
0 , 2.84 , 2.0 , 2 , 4
0 , 2.84 , 2.0 , 2 , 4
0 , 2.84 , 2.0 , 2 , 4
0 , 2.84 , 2.0 , 2 , 4
0 , 2.84 , 2.0 , 2 , 4
0 , 2.84 , 2.0 , 2 , 4
0 , 2.84 , 2.0 , 2 , 4
0 , 2.84 , 2.0 , 2 , 4
0 , 2.84 , 2.0 , 2 , 4
0 , 2.84 , 2.0 , 2 , 4
0 , 2.8 , 2.0 , 2 , 4
0 , 2.78 , 2.0 , 2 , 4
0 , 2.78 , 2.0 , 2 , 4
0 , 2.78 , 2.0 , 2 , 4
0 , 2.78 , 2.0 , 2 , 4
0 , 2.78 , 2.0 , 2 , 4
0 , 2.78 , 2.0 , 2 , 4
0 , 2.78 , 2.0 , 2 , 4
0 , 2.78 , 2.0 , 2 , 4
0 , 2.78 , 2.0 , 2 , 4
0 , 2.78 , 2.0 , 2 , 4
0 , 2.78 , 2.0 , 2 , 4
0 , 2.78 , 2.0 , 2 , 4
0 , 2.78 , 2.0 , 2 , 4
0 , 2.78 , 2.0 , 2 , 4
0 , 2.78 , 2.0 , 2 , 4
0 , 2.78 , 2.0 , 2 , 4
0 , 2.78 , 2.0 , 2 , 4
0 , 2.78 , 2.0 , 2 , 4
0 , 2.78 , 2.0 , 2 , 4
0 , 2.78 , 2.0 , 2 , 4
0 , 2.78 , 2.0 , 2 , 4
0 , 2.78 , 2.0 , 2 , 4
0 , 2.78 , 2.0 , 2 , 4
0 , 2.78 , 2.0 , 2 , 4
0 , 2.78 , 2.0 , 2 , 4
0 , 2.78 , 2.0 , 2 , 4
0 , 2.78 , 2.0 , 2 , 4
0 , 2.78 , 2.0 , 2 , 4
0 , 2.78 , 2.0 , 2 , 4
0 , 2.78 , 2.0 , 2 , 4
0 , 2.78 , 2.0 , 2 , 4
0 , 2.78 , 2.0 , 2 , 4
0 , 2.78 , 2.0 , 2 , 4
0 , 2.78 , 2.0 , 2 , 4
0 , 2.78 , 2.0 , 2 , 4
0 , 2.78 , 2.0 , 2 , 4
0 , 2.78 , 2.0 , 2 , 4
0 , 2.78 , 2.0 , 2 , 4
0 , 2.78 , 2.0 , 2 , 4
0 , 2.78 , 2.0 , 2 , 4
0 , 2.76 , 2.0 , 2 , 4
0 , 2.76 , 2.0 , 2 , 4
0 , 2.76 , 2.0 , 2 , 4
0 , 2.74 , 2.0 , 2 , 4
0 , 2.74 , 2.0 , 2 , 4
0 , 2.74 , 2.0 , 2 , 4
0 , 2.74 , 2.0 , 2 , 4
0 , 2.74 , 2.0 , 2 , 4
0 , 2.74 , 2.0 , 2 , 4
0 , 2.74 , 2.0 , 2 , 4
0 , 2.74 , 2.0 , 2 , 4
0 , 2.74 , 2.0 , 2 , 4
0 , 2.74 , 2.0 , 2 , 4
0 , 2.74 , 2.0 , 2 , 4
0 , 2.74 , 2.0 , 2 , 4
0 , 2.74 , 2.0 , 2 , 4
0 , 2.74 , 2.0 , 2 , 4
0 , 2.74 , 2.0 , 2 , 4
0 , 2.74 , 2.0 , 2 , 4
0 , 2.74 , 2.0 , 2 , 4
0 , 2.74 , 2.0 , 2 , 4
0 , 2.74 , 2.0 , 2 , 4
0 , 2.74 , 2.0 , 2 , 4
0 , 2.7 , 2.0 , 2 , 4
0 , 2.7 , 2.0 , 2 , 4
0 , 2.7 , 2.0 , 2 , 4
0 , 2.7 , 2.0 , 2 , 4
0 , 2.7 , 2.0 , 2 , 4
0 , 2.7 , 2.0 , 2 , 4
0 , 2.68 , 2.0 , 2 , 4
0 , 2.68 , 2.0 , 2 , 4
0 , 2.68 , 2.0 , 2 , 4
0 , 2.66 , 2.0 , 2 , 4
0 , 2.66 , 2.0 , 2 , 4
0 , 2.64 , 2.0 , 2 , 4
0 , 2.62 , 2.0 , 2 , 4
0 , 2.62 , 2.0 , 2 , 4
0 , 2.62 , 2.0 , 2 , 4
0 , 2.62 , 2.0 , 2 , 4
0 , 2.62 , 2.0 , 2 , 4
0 , 2.62 , 2.0 , 2 , 4
0 , 2.62 , 2.0 , 2 , 4
0 , 2.62 , 2.0 , 2 , 4
0 , 2.6 , 2.0 , 2 , 4
0 , 2.6 , 2.0 , 2 , 4
0 , 2.6 , 2.0 , 2 , 4
0 , 2.6 , 2.0 , 2 , 4
0 , 2.6 , 2.0 , 2 , 4
0 , 2.6 , 2.0 , 2 , 4
0 , 2.6 , 2.0 , 2 , 4
0 , 2.6 , 2.0 , 2 , 4
0 , 2.6 , 2.0 , 2 , 4
0 , 2.6 , 2.0 , 2 , 4
0 , 2.6 , 2.0 , 2 , 4
0 , 2.6 , 2.0 , 2 , 4
0 , 2.6 , 2.0 , 2 , 4
0 , 2.6 , 2.0 , 2 , 4
0 , 2.6 , 2.0 , 2 , 4
0 , 2.6 , 2.0 , 2 , 4
0 , 2.6 , 2.0 , 2 , 4
0 , 2.6 , 2.0 , 2 , 4
0 , 2.6 , 2.0 , 2 , 4
0 , 2.6 , 2.0 , 2 , 4
0 , 2.6 , 2.0 , 2 , 4
0 , 2.6 , 2.0 , 2 , 4
0 , 2.6 , 2.0 , 2 , 4
0 , 2.6 , 2.0 , 2 , 4
0 , 2.6 , 2.0 , 2 , 4
0 , 2.6 , 2.0 , 2 , 4
0 , 2.58 , 2.0 , 2 , 4
0 , 2.58 , 2.0 , 2 , 4
0 , 2.58 , 2.0 , 2 , 4
0 , 2.58 , 2.0 , 2 , 4
0 , 2.58 , 2.0 , 2 , 4
0 , 2.58 , 2.0 , 2 , 4
0 , 2.58 , 2.0 , 2 , 4
0 , 2.58 , 2.0 , 2 , 4
0 , 2.58 , 2.0 , 2 , 4
0 , 2.58 , 2.0 , 2 , 4
0 , 2.58 , 2.0 , 2 , 4
0 , 2.58 , 2.0 , 2 , 4
0 , 2.56 , 2.0 , 2 , 4
0 , 2.56 , 2.0 , 2 , 4
0 , 2.56 , 2.0 , 2 , 4
0 , 2.56 , 2.0 , 2 , 4
0 , 2.56 , 2.0 , 2 , 4
0 , 2.56 , 2.0 , 2 , 4
0 , 2.56 , 2.0 , 2 , 4
0 , 2.56 , 2.0 , 2 , 4
0 , 2.56 , 2.0 , 2 , 4
0 , 2.56 , 2.0 , 2 , 4
0 , 2.56 , 2.0 , 2 , 4
0 , 2.56 , 2.0 , 2 , 4
0 , 2.56 , 2.0 , 2 , 4
0 , 2.54 , 2.0 , 2 , 4
0 , 2.54 , 2.0 , 2 , 4
0 , 2.54 , 2.0 , 2 , 4
0 , 2.54 , 2.0 , 2 , 4
0 , 2.54 , 2.0 , 2 , 4
0 , 2.54 , 2.0 , 2 , 4
0 , 2.52 , 2.0 , 2 , 4
0 , 2.52 , 2.0 , 2 , 4
0 , 2.52 , 2.0 , 2 , 4
0 , 2.52 , 2.0 , 2 , 4
0 , 2.52 , 2.0 , 2 , 4
0 , 2.52 , 2.0 , 2 , 4
0 , 2.52 , 2.0 , 2 , 4
0 , 2.52 , 2.0 , 2 , 4
0 , 2.52 , 2.0 , 2 , 4
0 , 2.52 , 2.0 , 2 , 4
0 , 2.52 , 2.0 , 2 , 4
0 , 2.52 , 2.0 , 2 , 4
0 , 2.52 , 2.0 , 2 , 4
0 , 2.52 , 2.0 , 2 , 4
0 , 2.52 , 2.0 , 2 , 4
0 , 2.52 , 2.0 , 2 , 4
0 , 2.5 , 2.0 , 2 , 4
0 , 2.5 , 2.0 , 2 , 4
0 , 2.5 , 2.0 , 2 , 4
0 , 2.5 , 2.0 , 2 , 4
0 , 2.5 , 2.0 , 2 , 4
0 , 2.5 , 2.0 , 2 , 4
0 , 2.5 , 2.0 , 2 , 4
0 , 2.48 , 2.0 , 2 , 4
0 , 2.48 , 2.0 , 2 , 4
0 , 2.48 , 2.0 , 2 , 4
0 , 2.48 , 2.0 , 2 , 4
0 , 2.48 , 2.0 , 2 , 4
0 , 2.48 , 2.0 , 2 , 4
0 , 2.48 , 2.0 , 2 , 4
0 , 2.48 , 2.0 , 2 , 4
0 , 2.48 , 2.0 , 2 , 4
0 , 2.48 , 2.0 , 2 , 4
0 , 2.46 , 2.0 , 2 , 4
0 , 2.4 , 2.0 , 2 , 4
0 , 2.4 , 2.0 , 2 , 4
0 , 2.4 , 2.0 , 2 , 4
0 , 2.4 , 2.0 , 2 , 4
0 , 2.4 , 2.0 , 2 , 4
0 , 2.4 , 2.0 , 2 , 4
0 , 2.4 , 2.0 , 2 , 4
0 , 2.4 , 2.0 , 2 , 4
0 , 2.4 , 2.0 , 2 , 4
0 , 2.38 , 2.0 , 2 , 4
0 , 2.38 , 2.0 , 2 , 4
0 , 2.38 , 2.0 , 2 , 4
0 , 2.38 , 2.0 , 2 , 4
0 , 2.38 , 2.0 , 2 , 4
0 , 2.38 , 2.0 , 2 , 4
0 , 2.38 , 2.0 , 2 , 4
0 , 2.38 , 2.0 , 2 , 4
0 , 2.38 , 2.0 , 2 , 4
0 , 2.38 , 2.0 , 2 , 4
0 , 2.38 , 2.0 , 2 , 4
0 , 2.38 , 2.0 , 2 , 4
0 , 2.38 , 2.0 , 2 , 4
0 , 2.38 , 2.0 , 2 , 4
0 , 2.38 , 2.0 , 2 , 4
0 , 2.38 , 2.0 , 2 , 4
0 , 2.38 , 2.0 , 2 , 4
0 , 2.38 , 2.0 , 2 , 4
0 , 2.38 , 2.0 , 2 , 4
0 , 2.38 , 2.0 , 2 , 4
0 , 2.38 , 2.0 , 2 , 4
0 , 2.38 , 2.0 , 2 , 4
0 , 2.38 , 2.0 , 2 , 4
0 , 2.38 , 2.0 , 2 , 4
0 , 2.38 , 2.0 , 2 , 4
0 , 2.38 , 2.0 , 2 , 4
0 , 2.38 , 2.0 , 2 , 4
0 , 2.38 , 2.0 , 2 , 4
0 , 2.38 , 2.0 , 2 , 4
0 , 2.38 , 2.0 , 2 , 4
0 , 2.38 , 2.0 , 2 , 4
0 , 2.38 , 2.0 , 2 , 4
0 , 2.38 , 2.0 , 2 , 4
0 , 2.38 , 2.0 , 2 , 4
0 , 2.38 , 2.0 , 2 , 4
0 , 2.38 , 2.0 , 2 , 4
0 , 2.36 , 2.0 , 2 , 4
0 , 2.36 , 2.0 , 2 , 4
0 , 2.36 , 2.0 , 2 , 4
0 , 2.36 , 2.0 , 2 , 4
0 , 2.36 , 2.0 , 2 , 4
0 , 2.36 , 2.0 , 2 , 4
0 , 2.36 , 2.0 , 2 , 4
0 , 2.36 , 2.0 , 2 , 4
0 , 2.36 , 2.0 , 2 , 4
0 , 2.36 , 2.0 , 2 , 4
0 , 2.34 , 2.0 , 2 , 4
0 , 2.34 , 2.0 , 2 , 4
0 , 2.32 , 2.0 , 2 , 4
0 , 2.3 , 2.0 , 2 , 4
0 , 2.3 , 2.0 , 2 , 4
0 , 2.3 , 2.0 , 2 , 4
0 , 2.3 , 2.0 , 2 , 4
0 , 2.3 , 2.0 , 2 , 4
0 , 2.3 , 2.0 , 2 , 4
0 , 2.3 , 2.0 , 2 , 4
0 , 2.3 , 2.0 , 2 , 4
0 , 2.28 , 2.0 , 2 , 4
0 , 2.28 , 2.0 , 2 , 4
0 , 2.28 , 2.0 , 2 , 4
0 , 2.28 , 2.0 , 2 , 4
0 , 2.28 , 2.0 , 2 , 4
0 , 2.28 , 2.0 , 2 , 4
0 , 2.28 , 2.0 , 2 , 4
0 , 2.28 , 2.0 , 2 , 4
0 , 2.28 , 2.0 , 2 , 4
0 , 2.28 , 2.0 , 2 , 4
0 , 2.28 , 2.0 , 2 , 4
0 , 2.28 , 2.0 , 2 , 4
0 , 2.28 , 2.0 , 2 , 4
0 , 2.28 , 2.0 , 2 , 4
0 , 2.26 , 2.0 , 2 , 4
0 , 2.26 , 2.0 , 2 , 4
0 , 2.26 , 2.0 , 2 , 4
0 , 2.26 , 2.0 , 2 , 4
0 , 2.26 , 2.0 , 2 , 4
0 , 2.26 , 2.0 , 2 , 4
0 , 2.26 , 2.0 , 2 , 4
0 , 2.26 , 2.0 , 2 , 4
0 , 2.26 , 2.0 , 2 , 4
0 , 2.26 , 2.0 , 2 , 4
0 , 2.26 , 2.0 , 2 , 4
0 , 2.26 , 2.0 , 2 , 4
0 , 2.26 , 2.0 , 2 , 4
0 , 2.26 , 2.0 , 2 , 4
0 , 2.26 , 2.0 , 2 , 4
0 , 2.26 , 2.0 , 2 , 4
0 , 2.26 , 2.0 , 2 , 4
0 , 2.26 , 2.0 , 2 , 4
0 , 2.26 , 2.0 , 2 , 4
0 , 2.26 , 2.0 , 2 , 4
0 , 2.26 , 2.0 , 2 , 4
0 , 2.26 , 2.0 , 2 , 4
0 , 2.26 , 2.0 , 2 , 4
0 , 2.26 , 2.0 , 2 , 4
0 , 2.26 , 2.0 , 2 , 4
0 , 2.26 , 2.0 , 2 , 4
0 , 2.24 , 2.0 , 2 , 4
0 , 2.24 , 2.0 , 2 , 4
0 , 2.24 , 2.0 , 2 , 4
0 , 2.24 , 2.0 , 2 , 4
0 , 2.24 , 2.0 , 2 , 4
0 , 2.24 , 2.0 , 2 , 4
0 , 2.24 , 2.0 , 2 , 4
0 , 2.24 , 2.0 , 2 , 4
0 , 2.24 , 2.0 , 2 , 4
0 , 2.24 , 2.0 , 2 , 4
0 , 2.24 , 2.0 , 2 , 4
0 , 2.24 , 2.0 , 2 , 4
0 , 2.24 , 2.0 , 2 , 4
0 , 2.24 , 2.0 , 2 , 4
0 , 2.24 , 2.0 , 2 , 4
0 , 2.24 , 2.0 , 2 , 4
0 , 2.24 , 2.0 , 2 , 4
0 , 2.24 , 2.0 , 2 , 4
0 , 2.24 , 2.0 , 2 , 4
0 , 2.24 , 2.0 , 2 , 4
0 , 2.24 , 2.0 , 2 , 4
0 , 2.22 , 2.0 , 2 , 4
0 , 2.22 , 2.0 , 2 , 4
0 , 2.22 , 2.0 , 2 , 4
0 , 2.22 , 2.0 , 2 , 4
0 , 2.22 , 2.0 , 2 , 4
0 , 2.22 , 2.0 , 2 , 4
0 , 2.22 , 2.0 , 2 , 4
0 , 2.22 , 2.0 , 2 , 4
0 , 2.22 , 2.0 , 2 , 4
0 , 2.22 , 2.0 , 2 , 4
0 , 2.22 , 2.0 , 2 , 4
0 , 2.22 , 2.0 , 2 , 4
0 , 2.22 , 2.0 , 2 , 4
0 , 2.22 , 2.0 , 2 , 4
0 , 2.2 , 2.0 , 2 , 4
0 , 2.16 , 2.0 , 2 , 4
0 , 2.16 , 2.0 , 2 , 4
0 , 2.16 , 2.0 , 2 , 4
0 , 2.16 , 2.0 , 2 , 4
0 , 2.16 , 2.0 , 2 , 4
0 , 2.16 , 2.0 , 2 , 4
0 , 2.16 , 2.0 , 2 , 4
0 , 2.16 , 2.0 , 2 , 4
0 , 2.14 , 2.0 , 2 , 4
0 , 2.14 , 2.0 , 2 , 4
0 , 2.14 , 2.0 , 2 , 4
0 , 2.14 , 2.0 , 2 , 4
0 , 2.14 , 2.0 , 2 , 4
0 , 2.14 , 2.0 , 2 , 4
0 , 2.14 , 2.0 , 2 , 4
0 , 2.14 , 2.0 , 2 , 4
0 , 2.14 , 2.0 , 2 , 4
0 , 2.14 , 2.0 , 2 , 4
0 , 2.12 , 2.0 , 2 , 4
0 , 2.1 , 2.0 , 2 , 4
0 , 2.1 , 2.0 , 2 , 4
0 , 2.1 , 2.0 , 2 , 4
0 , 2.1 , 2.0 , 2 , 4
0 , 2.1 , 2.0 , 2 , 4
0 , 2.1 , 2.0 , 2 , 4
0 , 2.08 , 2.0 , 2 , 4
0 , 2.08 , 2.0 , 2 , 4
0 , 2.06 , 2.0 , 2 , 4
0 , 2.06 , 2.0 , 2 , 4
0 , 2.06 , 2.0 , 2 , 4
0 , 2.06 , 2.0 , 2 , 4
0 , 2.06 , 2.0 , 2 , 4
0 , 2.06 , 2.0 , 2 , 4
0 , 2.04 , 2.0 , 2 , 4
0 , 2.04 , 2.0 , 2 , 4
0 , 2.04 , 2.0 , 2 , 4
0 , 2.04 , 2.0 , 2 , 4
0 , 2.04 , 2.0 , 2 , 4
0 , 2.04 , 2.0 , 2 , 4
0 , 2.04 , 2.0 , 2 , 4
0 , 2.04 , 2.0 , 2 , 4
0 , 2.04 , 2.0 , 2 , 4
0 , 2.04 , 2.0 , 2 , 4
0 , 2.04 , 2.0 , 2 , 4
0 , 2.02 , 2.0 , 2 , 4
0 , 2.02 , 2.0 , 2 , 4
0 , 2.0 , 2.0 , 2 , 4
0 , 2.0 , 2.0 , 2 , 4
0 , 2.0 , 2.0 , 2 , 4
0 , 2.0 , 2.0 , 2 , 4
0 , 2.0 , 2.0 , 2 , 4
0 , 2.0 , 2.0 , 2 , 4
0 , 2.0 , 2.0 , 2 , 4
0 , 2.0 , 2.0 , 2 , 4
0 , 2.0 , 2.0 , 2 , 4
0 , 2.0 , 2.0 , 2 , 4
0 , 2.0 , 2.0 , 2 , 4
0 , 2.0 , 2.0 , 2 , 4
0 , 2.0 , 2.0 , 2 , 4
0 , 2.0 , 2.0 , 2 , 4
0 , 2.0 , 2.0 , 2 , 4
0 , 1.98 , 2.0 , 2 , 4
0 , 1.98 , 2.0 , 2 , 4
0 , 1.98 , 2.0 , 2 , 4
0 , 1.98 , 2.0 , 2 , 4
0 , 1.98 , 2.0 , 2 , 4
0 , 1.98 , 2.0 , 2 , 4
0 , 1.96 , 2.0 , 2 , 4
0 , 1.96 , 2.0 , 2 , 4
0 , 1.96 , 2.0 , 2 , 4
0 , 1.96 , 2.0 , 2 , 4
0 , 1.96 , 2.0 , 2 , 4
0 , 1.96 , 2.0 , 2 , 4
0 , 1.96 , 2.0 , 2 , 4
0 , 1.94 , 2.0 , 2 , 4
0 , 1.94 , 2.0 , 2 , 4
0 , 1.94 , 2.0 , 2 , 4
0 , 1.94 , 2.0 , 2 , 4
0 , 1.94 , 2.0 , 2 , 4
0 , 1.94 , 2.0 , 2 , 4
0 , 1.94 , 2.0 , 2 , 4
0 , 1.94 , 2.0 , 2 , 4
0 , 1.94 , 2.0 , 2 , 4
0 , 1.94 , 2.0 , 2 , 4
0 , 1.92 , 2.0 , 2 , 4
0 , 1.92 , 2.0 , 2 , 4
0 , 1.92 , 2.0 , 2 , 4
0 , 1.92 , 2.0 , 2 , 4
0 , 1.92 , 2.0 , 2 , 4
0 , 1.92 , 2.0 , 2 , 4
0 , 1.92 , 2.0 , 2 , 4
0 , 1.92 , 2.0 , 2 , 4
0 , 1.92 , 2.0 , 2 , 4
0 , 1.92 , 2.0 , 2 , 4
0 , 1.92 , 2.0 , 2 , 4
0 , 1.92 , 2.0 , 2 , 4
0 , 1.92 , 2.0 , 2 , 4
0 , 1.92 , 2.0 , 2 , 4
0 , 1.92 , 2.0 , 2 , 4
0 , 1.92 , 2.0 , 2 , 4
0 , 1.92 , 2.0 , 2 , 4
0 , 1.92 , 2.0 , 2 , 4
0 , 1.92 , 2.0 , 2 , 4
0 , 1.9 , 2.0 , 2 , 4
0 , 1.9 , 2.0 , 2 , 4
0 , 1.9 , 2.0 , 2 , 4
0 , 1.9 , 2.0 , 2 , 4
0 , 1.9 , 2.0 , 2 , 4
0 , 1.9 , 2.0 , 2 , 4
0 , 1.9 , 2.0 , 2 , 4
0 , 1.9 , 2.0 , 2 , 4
0 , 1.9 , 2.0 , 2 , 4
0 , 1.9 , 2.0 , 2 , 4
0 , 1.9 , 2.0 , 2 , 4
0 , 1.9 , 2.0 , 2 , 4
0 , 1.9 , 2.0 , 2 , 4
0 , 1.9 , 2.0 , 2 , 4
0 , 1.9 , 2.0 , 2 , 4
0 , 1.9 , 2.0 , 2 , 4
0 , 1.9 , 2.0 , 2 , 4
0 , 1.9 , 2.0 , 2 , 4
0 , 1.9 , 2.0 , 2 , 4
0 , 1.9 , 2.0 , 2 , 4
0 , 1.9 , 2.0 , 2 , 4
0 , 1.9 , 2.0 , 2 , 4
0 , 1.9 , 2.0 , 2 , 4
0 , 1.9 , 2.0 , 2 , 4
0 , 1.9 , 2.0 , 2 , 4
0 , 1.9 , 2.0 , 2 , 4
0 , 1.9 , 2.0 , 2 , 4
0 , 1.88 , 2.0 , 2 , 4
0 , 1.86 , 2.0 , 2 , 4
0 , 1.86 , 2.0 , 2 , 4
0 , 1.86 , 2.0 , 2 , 4
0 , 1.86 , 2.0 , 2 , 4
0 , 1.86 , 2.0 , 2 , 4
0 , 1.86 , 2.0 , 2 , 4
0 , 1.86 , 2.0 , 2 , 4
0 , 1.84 , 2.0 , 2 , 2
0 , 1.84 , 2.0 , 2 , 2
0 , 1.84 , 2.0 , 2 , 2
0 , 1.84 , 2.0 , 2 , 2
0 , 1.84 , 2.0 , 2 , 2
0 , 1.84 , 2.0 , 2 , 2
0 , 1.84 , 2.0 , 2 , 2
0 , 1.84 , 2.0 , 2 , 2
0 , 1.84 , 2.0 , 2 , 2
0 , 1.84 , 2.0 , 2 , 2
0 , 1.84 , 2.0 , 2 , 2
0 , 1.84 , 2.0 , 2 , 2
0 , 1.84 , 2.0 , 2 , 2
0 , 1.84 , 2.0 , 2 , 2
0 , 1.84 , 2.0 , 2 , 2
0 , 1.84 , 2.0 , 2 , 2
0 , 1.84 , 2.0 , 2 , 2
0 , 1.84 , 2.0 , 2 , 2
0 , 1.84 , 2.0 , 2 , 2
0 , 1.84 , 2.0 , 2 , 2
0 , 1.84 , 2.0 , 2 , 2
0 , 1.84 , 2.0 , 2 , 2
0 , 1.84 , 2.0 , 2 , 2
0 , 1.84 , 2.0 , 2 , 2
0 , 1.84 , 2.0 , 2 , 2
0 , 1.84 , 2.0 , 2 , 2
0 , 1.84 , 2.0 , 2 , 2
0 , 1.84 , 2.0 , 2 , 2
0 , 1.84 , 2.0 , 2 , 2
0 , 1.84 , 2.0 , 2 , 2
0 , 1.84 , 2.0 , 2 , 2
0 , 1.84 , 2.0 , 2 , 2
0 , 1.84 , 2.0 , 2 , 2
0 , 1.84 , 2.0 , 2 , 2
0 , 1.84 , 2.0 , 2 , 2
0 , 1.84 , 2.0 , 2 , 2
0 , 1.84 , 2.0 , 2 , 2
0 , 1.84 , 2.0 , 2 , 2
0 , 1.84 , 2.0 , 2 , 2
0 , 1.84 , 2.0 , 2 , 2
0 , 1.84 , 2.0 , 2 , 2
0 , 1.84 , 2.0 , 2 , 2
0 , 1.84 , 2.0 , 2 , 2
0 , 1.84 , 2.0 , 2 , 2
0 , 1.84 , 2.0 , 2 , 2
0 , 1.84 , 2.0 , 2 , 2
0 , 1.84 , 2.0 , 2 , 2
0 , 1.84 , 2.0 , 2 , 2
0 , 1.84 , 2.0 , 2 , 2
0 , 1.84 , 2.0 , 2 , 2
0 , 1.84 , 2.0 , 2 , 2
0 , 1.84 , 2.0 , 2 , 2
0 , 1.84 , 2.0 , 2 , 2
0 , 1.84 , 2.0 , 2 , 2
0 , 1.84 , 2.0 , 2 , 2
0 , 1.84 , 2.0 , 2 , 2
0 , 1.84 , 2.0 , 2 , 2
0 , 1.84 , 2.0 , 2 , 2
0 , 1.84 , 2.0 , 2 , 2
0 , 1.84 , 2.0 , 2 , 2
0 , 1.84 , 2.0 , 2 , 2
0 , 1.84 , 2.0 , 2 , 2
0 , 1.84 , 2.0 , 2 , 2
0 , 1.84 , 2.0 , 2 , 2
0 , 1.84 , 2.0 , 2 , 2
0 , 1.84 , 2.0 , 2 , 2
0 , 1.84 , 2.0 , 2 , 2
0 , 1.84 , 2.0 , 2 , 2
0 , 1.84 , 2.0 , 2 , 2
0 , 1.84 , 2.0 , 2 , 2
0 , 1.84 , 2.0 , 2 , 2
0 , 1.84 , 2.0 , 2 , 2
0 , 1.84 , 2.0 , 2 , 2
0 , 1.84 , 2.0 , 2 , 2
0 , 1.84 , 2.0 , 2 , 2
0 , 1.82 , 2.0 , 2 , 2
0 , 1.82 , 2.0 , 2 , 2
0 , 1.82 , 2.0 , 2 , 2
0 , 1.82 , 2.0 , 2 , 2
0 , 1.82 , 2.0 , 2 , 2
0 , 1.82 , 2.0 , 2 , 2
0 , 1.82 , 2.0 , 2 , 2
0 , 1.82 , 2.0 , 2 , 2
0 , 1.82 , 2.0 , 2 , 2
0 , 1.82 , 2.0 , 2 , 2
0 , 1.82 , 2.0 , 2 , 2
0 , 1.82 , 2.0 , 2 , 2
0 , 1.82 , 2.0 , 2 , 2
0 , 1.82 , 2.0 , 2 , 2
0 , 1.82 , 2.0 , 2 , 2
0 , 1.82 , 2.0 , 2 , 2
0 , 1.82 , 2.0 , 2 , 2
0 , 1.82 , 2.0 , 2 , 2
0 , 1.82 , 2.0 , 2 , 2
0 , 1.82 , 2.0 , 2 , 2
0 , 1.82 , 2.0 , 2 , 2
0 , 1.82 , 2.0 , 2 , 2
0 , 1.82 , 2.0 , 2 , 2
0 , 1.82 , 2.0 , 2 , 2
0 , 1.82 , 2.0 , 2 , 2
0 , 1.82 , 2.0 , 2 , 2
0 , 1.82 , 2.0 , 2 , 2
0 , 1.82 , 2.0 , 2 , 2
0 , 1.82 , 2.0 , 2 , 2
0 , 1.82 , 2.0 , 2 , 2
0 , 1.82 , 2.0 , 2 , 2
0 , 1.82 , 2.0 , 2 , 2
0 , 1.82 , 2.0 , 2 , 2
0 , 1.82 , 2.0 , 2 , 2
0 , 1.82 , 2.0 , 2 , 2
0 , 1.82 , 2.0 , 2 , 2
0 , 1.82 , 2.0 , 2 , 2
0 , 1.82 , 2.0 , 2 , 2
0 , 1.82 , 2.0 , 2 , 2
0 , 1.82 , 2.0 , 2 , 2
0 , 1.82 , 2.0 , 2 , 2
0 , 1.82 , 2.0 , 2 , 2
0 , 1.82 , 2.0 , 2 , 2
0 , 1.82 , 2.0 , 2 , 2
0 , 1.82 , 2.0 , 2 , 2
0 , 1.82 , 2.0 , 2 , 2
0 , 1.82 , 2.0 , 2 , 2
0 , 1.82 , 2.0 , 2 , 2
0 , 1.82 , 2.0 , 2 , 2
0 , 1.82 , 2.0 , 2 , 2
0 , 1.82 , 2.0 , 2 , 2
0 , 1.82 , 2.0 , 2 , 2
0 , 1.82 , 2.0 , 2 , 2
0 , 1.82 , 2.0 , 2 , 2
0 , 1.82 , 2.0 , 2 , 2
9  Perfect solutions
perfect solution individuals [[1, 5, 7, 2, 0, 3, 6, 4], [7, 1, 4, 2, 0, 6, 3, 5], [4, 0, 3, 5, 7, 1, 6, 2], [4, 6, 3, 0, 2, 7, 5, 1], [4, 1, 3, 6, 2, 7, 5, 0], [4, 1, 7, 0, 3, 6, 2, 5], [4, 7, 3, 0, 6, 1, 5, 2], [4, 1, 3, 6, 2, 7, 5, 0], [7, 3, 0, 2, 5, 1, 6, 4]]
