2 , 9.12 , 9.0 , 6 , 16
2 , 8.94 , 8.0 , 6 , 16
2 , 8.74 , 8.0 , 6 , 16
2 , 8.62 , 8.0 , 6 , 16
2 , 8.5 , 8.0 , 6 , 16
2 , 8.44 , 8.0 , 6 , 14
2 , 8.32 , 8.0 , 6 , 14
2 , 8.2 , 8.0 , 6 , 14
2 , 8.1 , 8.0 , 6 , 12
2 , 8.04 , 8.0 , 6 , 12
2 , 7.94 , 8.0 , 6 , 12
2 , 7.92 , 8.0 , 6 , 12
2 , 7.82 , 8.0 , 6 , 12
2 , 7.78 , 8.0 , 6 , 12
2 , 7.64 , 8.0 , 6 , 12
2 , 7.62 , 8.0 , 6 , 12
2 , 7.56 , 8.0 , 6 , 12
2 , 7.56 , 8.0 , 6 , 12
2 , 7.5 , 8.0 , 6 , 12
2 , 7.42 , 8.0 , 6 , 12
2 , 7.32 , 8.0 , 6 , 12
2 , 7.24 , 8.0 , 6 , 12
2 , 7.2 , 8.0 , 6 , 12
2 , 7.14 , 8.0 , 6 , 10
2 , 7.1 , 8.0 , 6 , 10
2 , 7.08 , 8.0 , 6 , 10
2 , 7.04 , 8.0 , 6 , 10
2 , 7.02 , 8.0 , 6 , 10
2 , 7.02 , 8.0 , 6 , 10
2 , 7.02 , 8.0 , 6 , 10
2 , 7.02 , 8.0 , 6 , 10
2 , 6.94 , 8.0 , 6 , 10
2 , 6.9 , 7.0 , 6 , 10
2 , 6.88 , 7.0 , 6 , 10
2 , 6.84 , 6.0 , 6 , 10
2 , 6.84 , 6.0 , 6 , 10
2 , 6.82 , 6.0 , 6 , 10
2 , 6.8 , 6.0 , 6 , 10
2 , 6.78 , 6.0 , 8 , 10
2 , 6.7 , 6.0 , 8 , 10
2 , 6.64 , 6.0 , 8 , 10
2 , 6.62 , 6.0 , 8 , 10
2 , 6.54 , 6.0 , 8 , 10
2 , 6.42 , 6.0 , 8 , 10
2 , 6.38 , 6.0 , 6 , 10
2 , 6.32 , 6.0 , 6 , 10
2 , 6.3 , 6.0 , 8 , 10
2 , 6.28 , 6.0 , 8 , 10
2 , 6.2 , 6.0 , 6 , 10
0 , 6.06 , 6.0 , 6 , 8
0 , 6.04 , 6.0 , 6 , 8
0 , 5.98 , 6.0 , 6 , 8
0 , 5.98 , 6.0 , 6 , 8
0 , 5.96 , 6.0 , 6 , 8
0 , 5.96 , 6.0 , 6 , 8
0 , 5.94 , 6.0 , 6 , 8
0 , 5.92 , 6.0 , 6 , 8
0 , 5.86 , 6.0 , 6 , 8
0 , 5.82 , 6.0 , 6 , 8
0 , 5.78 , 6.0 , 6 , 8
0 , 5.72 , 6.0 , 6 , 8
0 , 5.72 , 6.0 , 6 , 8
0 , 5.7 , 6.0 , 6 , 8
0 , 5.68 , 6.0 , 6 , 8
0 , 5.6 , 6.0 , 6 , 8
0 , 5.58 , 6.0 , 6 , 8
0 , 5.54 , 6.0 , 6 , 8
0 , 5.54 , 6.0 , 6 , 8
0 , 5.54 , 6.0 , 6 , 8
0 , 5.54 , 6.0 , 6 , 8
0 , 5.46 , 6.0 , 6 , 8
0 , 5.42 , 6.0 , 6 , 8
0 , 5.38 , 6.0 , 6 , 8
0 , 5.32 , 6.0 , 6 , 8
0 , 5.3 , 6.0 , 6 , 8
0 , 5.28 , 6.0 , 6 , 8
0 , 5.24 , 6.0 , 6 , 8
0 , 5.24 , 6.0 , 6 , 8
0 , 5.24 , 6.0 , 6 , 8
0 , 5.24 , 6.0 , 6 , 8
0 , 5.24 , 6.0 , 6 , 8
0 , 5.24 , 6.0 , 6 , 8
0 , 5.16 , 6.0 , 6 , 8
0 , 5.1 , 6.0 , 6 , 8
0 , 5.04 , 6.0 , 6 , 8
0 , 4.98 , 6.0 , 6 , 8
0 , 4.96 , 6.0 , 6 , 8
0 , 4.96 , 6.0 , 6 , 8
0 , 4.96 , 6.0 , 6 , 8
0 , 4.94 , 6.0 , 6 , 8
0 , 4.92 , 6.0 , 6 , 8
0 , 4.9 , 6.0 , 6 , 8
0 , 4.9 , 6.0 , 6 , 8
0 , 4.9 , 6.0 , 6 , 8
0 , 4.86 , 6.0 , 6 , 6
0 , 4.86 , 6.0 , 6 , 6
0 , 4.84 , 6.0 , 6 , 6
0 , 4.84 , 6.0 , 6 , 6
0 , 4.84 , 6.0 , 6 , 6
0 , 4.84 , 6.0 , 6 , 6
0 , 4.84 , 6.0 , 6 , 6
0 , 4.8 , 6.0 , 6 , 6
0 , 4.8 , 6.0 , 6 , 6
0 , 4.8 , 6.0 , 6 , 6
0 , 4.8 , 6.0 , 6 , 6
0 , 4.8 , 6.0 , 6 , 6
0 , 4.8 , 6.0 , 6 , 6
0 , 4.8 , 6.0 , 6 , 6
0 , 4.8 , 6.0 , 6 , 6
0 , 4.78 , 6.0 , 6 , 6
0 , 4.74 , 6.0 , 6 , 6
0 , 4.74 , 6.0 , 6 , 6
0 , 4.74 , 6.0 , 6 , 6
0 , 4.74 , 6.0 , 6 , 6
0 , 4.74 , 6.0 , 6 , 6
0 , 4.72 , 6.0 , 6 , 6
0 , 4.72 , 6.0 , 6 , 6
0 , 4.72 , 6.0 , 6 , 6
0 , 4.72 , 6.0 , 6 , 6
0 , 4.72 , 6.0 , 6 , 6
0 , 4.7 , 6.0 , 6 , 6
0 , 4.7 , 6.0 , 6 , 6
0 , 4.7 , 6.0 , 6 , 6
0 , 4.7 , 6.0 , 6 , 6
0 , 4.7 , 6.0 , 6 , 6
0 , 4.7 , 6.0 , 6 , 6
0 , 4.7 , 6.0 , 6 , 6
0 , 4.7 , 6.0 , 6 , 6
0 , 4.7 , 6.0 , 6 , 6
0 , 4.7 , 6.0 , 6 , 6
0 , 4.7 , 6.0 , 6 , 6
0 , 4.7 , 6.0 , 6 , 6
0 , 4.7 , 6.0 , 6 , 6
0 , 4.7 , 6.0 , 6 , 6
0 , 4.7 , 6.0 , 6 , 6
0 , 4.68 , 6.0 , 6 , 6
0 , 4.68 , 6.0 , 6 , 6
0 , 4.68 , 6.0 , 6 , 6
0 , 4.68 , 6.0 , 6 , 6
0 , 4.68 , 6.0 , 6 , 6
0 , 4.68 , 6.0 , 6 , 6
0 , 4.64 , 6.0 , 6 , 6
0 , 4.64 , 6.0 , 6 , 6
0 , 4.64 , 6.0 , 6 , 6
0 , 4.64 , 6.0 , 6 , 6
0 , 4.64 , 6.0 , 6 , 6
0 , 4.62 , 6.0 , 6 , 6
0 , 4.62 , 6.0 , 6 , 6
0 , 4.62 , 6.0 , 6 , 6
0 , 4.58 , 6.0 , 6 , 6
0 , 4.54 , 6.0 , 6 , 6
0 , 4.54 , 6.0 , 6 , 6
0 , 4.52 , 5.0 , 6 , 6
0 , 4.48 , 4.0 , 6 , 6
0 , 4.48 , 4.0 , 6 , 6
0 , 4.48 , 4.0 , 6 , 6
0 , 4.48 , 4.0 , 6 , 6
0 , 4.48 , 4.0 , 6 , 6
0 , 4.46 , 4.0 , 6 , 6
0 , 4.46 , 4.0 , 6 , 6
0 , 4.46 , 4.0 , 6 , 6
0 , 4.46 , 4.0 , 6 , 6
0 , 4.46 , 4.0 , 6 , 6
0 , 4.46 , 4.0 , 6 , 6
0 , 4.44 , 4.0 , 6 , 6
0 , 4.42 , 4.0 , 6 , 6
0 , 4.42 , 4.0 , 6 , 6
0 , 4.42 , 4.0 , 6 , 6
0 , 4.4 , 4.0 , 6 , 6
0 , 4.4 , 4.0 , 6 , 6
0 , 4.38 , 4.0 , 6 , 6
0 , 4.38 , 4.0 , 6 , 6
0 , 4.36 , 4.0 , 6 , 6
0 , 4.34 , 4.0 , 6 , 6
0 , 4.34 , 4.0 , 6 , 6
0 , 4.34 , 4.0 , 6 , 6
0 , 4.34 , 4.0 , 6 , 6
0 , 4.34 , 4.0 , 6 , 6
0 , 4.28 , 4.0 , 6 , 6
0 , 4.28 , 4.0 , 6 , 6
0 , 4.28 , 4.0 , 6 , 6
0 , 4.28 , 4.0 , 6 , 6
0 , 4.28 , 4.0 , 6 , 6
0 , 4.24 , 4.0 , 6 , 6
0 , 4.24 , 4.0 , 6 , 6
0 , 4.22 , 4.0 , 6 , 6
0 , 4.22 , 4.0 , 6 , 6
0 , 4.2 , 4.0 , 4 , 6
0 , 4.16 , 4.0 , 4 , 6
0 , 4.16 , 4.0 , 4 , 6
0 , 4.16 , 4.0 , 4 , 6
0 , 4.14 , 4.0 , 4 , 6
0 , 4.14 , 4.0 , 4 , 6
0 , 4.14 , 4.0 , 4 , 6
0 , 4.12 , 4.0 , 4 , 6
0 , 4.12 , 4.0 , 4 , 6
0 , 4.08 , 4.0 , 4 , 6
0 , 4.08 , 4.0 , 4 , 6
0 , 4.08 , 4.0 , 4 , 6
0 , 4.08 , 4.0 , 4 , 6
0 , 4.08 , 4.0 , 4 , 6
0 , 4.08 , 4.0 , 4 , 6
0 , 4.08 , 4.0 , 4 , 6
0 , 4.06 , 4.0 , 4 , 6
0 , 4.06 , 4.0 , 4 , 6
0 , 4.06 , 4.0 , 4 , 6
0 , 4.06 , 4.0 , 4 , 6
0 , 4.06 , 4.0 , 4 , 6
0 , 4.06 , 4.0 , 4 , 6
0 , 4.04 , 4.0 , 4 , 6
0 , 4.04 , 4.0 , 4 , 6
0 , 4.04 , 4.0 , 4 , 6
0 , 4.04 , 4.0 , 4 , 6
0 , 4.04 , 4.0 , 4 , 6
0 , 4.04 , 4.0 , 4 , 6
0 , 4.04 , 4.0 , 4 , 6
0 , 4.04 , 4.0 , 4 , 6
0 , 4.04 , 4.0 , 4 , 6
0 , 4.04 , 4.0 , 4 , 6
0 , 4.04 , 4.0 , 4 , 6
0 , 4.02 , 4.0 , 4 , 6
0 , 4.02 , 4.0 , 4 , 6
0 , 4.02 , 4.0 , 4 , 6
0 , 4.0 , 4.0 , 4 , 6
0 , 4.0 , 4.0 , 4 , 6
0 , 4.0 , 4.0 , 4 , 6
0 , 4.0 , 4.0 , 4 , 6
0 , 4.0 , 4.0 , 4 , 6
0 , 4.0 , 4.0 , 4 , 6
0 , 3.96 , 4.0 , 4 , 6
0 , 3.96 , 4.0 , 4 , 6
0 , 3.9 , 4.0 , 4 , 6
0 , 3.88 , 4.0 , 4 , 6
0 , 3.88 , 4.0 , 4 , 6
0 , 3.88 , 4.0 , 4 , 6
0 , 3.88 , 4.0 , 4 , 6
0 , 3.86 , 4.0 , 4 , 6
0 , 3.86 , 4.0 , 4 , 6
0 , 3.84 , 4.0 , 4 , 6
0 , 3.84 , 4.0 , 4 , 6
0 , 3.8 , 4.0 , 4 , 6
0 , 3.8 , 4.0 , 4 , 6
0 , 3.8 , 4.0 , 4 , 6
0 , 3.78 , 4.0 , 4 , 6
0 , 3.78 , 4.0 , 4 , 6
0 , 3.78 , 4.0 , 4 , 6
0 , 3.76 , 4.0 , 4 , 6
0 , 3.74 , 4.0 , 4 , 6
0 , 3.74 , 4.0 , 4 , 6
0 , 3.7 , 4.0 , 4 , 6
0 , 3.66 , 4.0 , 4 , 6
0 , 3.66 , 4.0 , 4 , 6
0 , 3.66 , 4.0 , 4 , 6
0 , 3.66 , 4.0 , 4 , 6
0 , 3.66 , 4.0 , 4 , 6
0 , 3.64 , 4.0 , 4 , 6
0 , 3.62 , 4.0 , 4 , 6
0 , 3.62 , 4.0 , 4 , 6
0 , 3.62 , 4.0 , 4 , 6
0 , 3.62 , 4.0 , 4 , 6
0 , 3.62 , 4.0 , 4 , 6
0 , 3.56 , 4.0 , 4 , 6
0 , 3.56 , 4.0 , 4 , 6
0 , 3.56 , 4.0 , 4 , 6
0 , 3.56 , 4.0 , 4 , 6
0 , 3.56 , 4.0 , 4 , 6
0 , 3.56 , 4.0 , 4 , 6
0 , 3.54 , 4.0 , 4 , 6
0 , 3.54 , 4.0 , 4 , 6
0 , 3.52 , 4.0 , 4 , 6
0 , 3.52 , 4.0 , 4 , 6
0 , 3.52 , 4.0 , 4 , 6
0 , 3.52 , 4.0 , 4 , 6
0 , 3.5 , 4.0 , 4 , 6
0 , 3.5 , 4.0 , 4 , 6
0 , 3.46 , 4.0 , 4 , 6
0 , 3.44 , 4.0 , 4 , 6
0 , 3.44 , 4.0 , 4 , 6
0 , 3.44 , 4.0 , 4 , 6
0 , 3.4 , 4.0 , 4 , 6
0 , 3.38 , 4.0 , 4 , 6
0 , 3.38 , 4.0 , 4 , 6
0 , 3.38 , 4.0 , 4 , 6
0 , 3.38 , 4.0 , 4 , 6
0 , 3.38 , 4.0 , 4 , 6
0 , 3.38 , 4.0 , 4 , 6
0 , 3.36 , 4.0 , 4 , 6
0 , 3.36 , 4.0 , 4 , 6
0 , 3.32 , 4.0 , 4 , 6
0 , 3.32 , 4.0 , 4 , 6
0 , 3.3 , 4.0 , 4 , 6
0 , 3.3 , 4.0 , 4 , 6
0 , 3.3 , 4.0 , 4 , 6
0 , 3.3 , 4.0 , 4 , 6
0 , 3.3 , 4.0 , 4 , 6
0 , 3.3 , 4.0 , 4 , 6
0 , 3.3 , 4.0 , 4 , 6
0 , 3.28 , 4.0 , 4 , 6
0 , 3.28 , 4.0 , 4 , 6
0 , 3.28 , 4.0 , 4 , 6
0 , 3.28 , 4.0 , 4 , 6
0 , 3.28 , 4.0 , 4 , 6
0 , 3.26 , 4.0 , 4 , 6
0 , 3.26 , 4.0 , 4 , 6
0 , 3.26 , 4.0 , 4 , 6
0 , 3.26 , 4.0 , 4 , 6
0 , 3.26 , 4.0 , 4 , 6
0 , 3.24 , 4.0 , 4 , 4
0 , 3.24 , 4.0 , 4 , 4
0 , 3.24 , 4.0 , 4 , 4
0 , 3.24 , 4.0 , 4 , 4
0 , 3.24 , 4.0 , 4 , 4
0 , 3.24 , 4.0 , 4 , 4
0 , 3.22 , 4.0 , 4 , 4
0 , 3.22 , 4.0 , 4 , 4
0 , 3.22 , 4.0 , 4 , 4
0 , 3.22 , 4.0 , 4 , 4
0 , 3.22 , 4.0 , 4 , 4
0 , 3.22 , 4.0 , 4 , 4
0 , 3.22 , 4.0 , 4 , 4
0 , 3.22 , 4.0 , 4 , 4
0 , 3.22 , 4.0 , 4 , 4
0 , 3.22 , 4.0 , 4 , 4
0 , 3.2 , 4.0 , 4 , 4
0 , 3.2 , 4.0 , 4 , 4
0 , 3.2 , 4.0 , 4 , 4
0 , 3.18 , 4.0 , 4 , 4
0 , 3.18 , 4.0 , 4 , 4
0 , 3.18 , 4.0 , 4 , 4
0 , 3.16 , 4.0 , 4 , 4
0 , 3.16 , 4.0 , 4 , 4
0 , 3.14 , 4.0 , 4 , 4
0 , 3.14 , 4.0 , 4 , 4
0 , 3.14 , 4.0 , 4 , 4
0 , 3.14 , 4.0 , 4 , 4
0 , 3.12 , 4.0 , 4 , 4
0 , 3.12 , 4.0 , 4 , 4
0 , 3.12 , 4.0 , 4 , 4
0 , 3.12 , 4.0 , 4 , 4
0 , 3.12 , 4.0 , 4 , 4
0 , 3.12 , 4.0 , 4 , 4
0 , 3.12 , 4.0 , 4 , 4
0 , 3.12 , 4.0 , 4 , 4
0 , 3.12 , 4.0 , 4 , 4
0 , 3.12 , 4.0 , 4 , 4
0 , 3.1 , 4.0 , 4 , 4
0 , 3.1 , 4.0 , 4 , 4
0 , 3.1 , 4.0 , 4 , 4
0 , 3.1 , 4.0 , 4 , 4
0 , 3.1 , 4.0 , 4 , 4
0 , 3.1 , 4.0 , 4 , 4
0 , 3.1 , 4.0 , 4 , 4
0 , 3.1 , 4.0 , 4 , 4
0 , 3.1 , 4.0 , 4 , 4
0 , 3.1 , 4.0 , 4 , 4
0 , 3.1 , 4.0 , 4 , 4
0 , 3.1 , 4.0 , 4 , 4
0 , 3.1 , 4.0 , 4 , 4
0 , 3.1 , 4.0 , 4 , 4
0 , 3.08 , 4.0 , 4 , 4
0 , 3.08 , 4.0 , 4 , 4
0 , 3.08 , 4.0 , 4 , 4
0 , 3.08 , 4.0 , 4 , 4
0 , 3.08 , 4.0 , 4 , 4
0 , 3.08 , 4.0 , 4 , 4
0 , 3.08 , 4.0 , 4 , 4
0 , 3.08 , 4.0 , 4 , 4
0 , 3.08 , 4.0 , 4 , 4
0 , 3.08 , 4.0 , 4 , 4
0 , 3.08 , 4.0 , 4 , 4
0 , 3.08 , 4.0 , 4 , 4
0 , 3.08 , 4.0 , 4 , 4
0 , 3.08 , 4.0 , 4 , 4
0 , 3.08 , 4.0 , 4 , 4
0 , 3.08 , 4.0 , 4 , 4
0 , 3.08 , 4.0 , 4 , 4
0 , 3.08 , 4.0 , 4 , 4
0 , 3.08 , 4.0 , 4 , 4
0 , 3.08 , 4.0 , 4 , 4
0 , 3.08 , 4.0 , 4 , 4
0 , 3.08 , 4.0 , 4 , 4
0 , 3.08 , 4.0 , 4 , 4
0 , 3.08 , 4.0 , 4 , 4
0 , 3.08 , 4.0 , 4 , 4
0 , 3.08 , 4.0 , 4 , 4
0 , 3.08 , 4.0 , 4 , 4
0 , 3.08 , 4.0 , 4 , 4
0 , 3.06 , 4.0 , 4 , 4
0 , 3.06 , 4.0 , 4 , 4
0 , 3.06 , 4.0 , 4 , 4
0 , 3.06 , 4.0 , 4 , 4
0 , 3.06 , 4.0 , 4 , 4
0 , 3.06 , 4.0 , 4 , 4
0 , 3.06 , 4.0 , 4 , 4
0 , 3.06 , 4.0 , 4 , 4
0 , 3.06 , 4.0 , 4 , 4
0 , 3.06 , 4.0 , 4 , 4
0 , 3.06 , 4.0 , 4 , 4
0 , 3.06 , 4.0 , 4 , 4
0 , 3.06 , 4.0 , 4 , 4
0 , 3.06 , 4.0 , 4 , 4
0 , 3.06 , 4.0 , 4 , 4
0 , 3.06 , 4.0 , 4 , 4
0 , 3.06 , 4.0 , 4 , 4
0 , 3.06 , 4.0 , 4 , 4
0 , 3.06 , 4.0 , 4 , 4
0 , 3.06 , 4.0 , 4 , 4
0 , 3.04 , 4.0 , 4 , 4
0 , 3.04 , 4.0 , 4 , 4
0 , 3.02 , 4.0 , 4 , 4
0 , 3.02 , 4.0 , 4 , 4
0 , 3.02 , 4.0 , 4 , 4
0 , 3.02 , 4.0 , 4 , 4
0 , 3.02 , 4.0 , 4 , 4
0 , 3.02 , 4.0 , 4 , 4
0 , 3.02 , 4.0 , 4 , 4
0 , 3.02 , 4.0 , 4 , 4
0 , 3.02 , 4.0 , 4 , 4
0 , 3.02 , 4.0 , 4 , 4
0 , 3.02 , 4.0 , 4 , 4
0 , 3.02 , 4.0 , 4 , 4
0 , 3.02 , 4.0 , 4 , 4
0 , 3.0 , 4.0 , 4 , 4
0 , 3.0 , 4.0 , 4 , 4
0 , 2.98 , 4.0 , 4 , 4
0 , 2.98 , 4.0 , 4 , 4
0 , 2.98 , 4.0 , 4 , 4
0 , 2.98 , 4.0 , 4 , 4
0 , 2.98 , 4.0 , 4 , 4
0 , 2.98 , 4.0 , 4 , 4
0 , 2.96 , 3.0 , 4 , 4
0 , 2.96 , 3.0 , 4 , 4
0 , 2.96 , 3.0 , 4 , 4
0 , 2.96 , 3.0 , 4 , 4
0 , 2.96 , 3.0 , 4 , 4
0 , 2.96 , 3.0 , 4 , 4
0 , 2.96 , 3.0 , 4 , 4
0 , 2.96 , 3.0 , 4 , 4
0 , 2.96 , 3.0 , 4 , 4
0 , 2.96 , 3.0 , 4 , 4
0 , 2.96 , 3.0 , 4 , 4
0 , 2.96 , 3.0 , 4 , 4
0 , 2.96 , 3.0 , 4 , 4
0 , 2.96 , 3.0 , 4 , 4
0 , 2.94 , 2.0 , 2 , 4
0 , 2.94 , 2.0 , 2 , 4
0 , 2.94 , 2.0 , 2 , 4
0 , 2.94 , 2.0 , 2 , 4
0 , 2.94 , 2.0 , 2 , 4
0 , 2.94 , 2.0 , 2 , 4
0 , 2.94 , 2.0 , 2 , 4
0 , 2.94 , 2.0 , 2 , 4
0 , 2.94 , 2.0 , 2 , 4
0 , 2.94 , 2.0 , 2 , 4
0 , 2.94 , 2.0 , 2 , 4
0 , 2.94 , 2.0 , 2 , 4
0 , 2.94 , 2.0 , 2 , 4
0 , 2.94 , 2.0 , 2 , 4
0 , 2.94 , 2.0 , 2 , 4
0 , 2.94 , 2.0 , 2 , 4
0 , 2.94 , 2.0 , 2 , 4
0 , 2.94 , 2.0 , 2 , 4
0 , 2.94 , 2.0 , 2 , 4
0 , 2.94 , 2.0 , 2 , 4
0 , 2.94 , 2.0 , 2 , 4
0 , 2.94 , 2.0 , 2 , 4
0 , 2.94 , 2.0 , 2 , 4
0 , 2.94 , 2.0 , 2 , 4
0 , 2.94 , 2.0 , 2 , 4
0 , 2.92 , 2.0 , 2 , 4
0 , 2.92 , 2.0 , 2 , 4
0 , 2.92 , 2.0 , 2 , 4
0 , 2.92 , 2.0 , 2 , 4
0 , 2.92 , 2.0 , 2 , 4
0 , 2.9 , 2.0 , 2 , 4
0 , 2.9 , 2.0 , 2 , 4
0 , 2.9 , 2.0 , 2 , 4
0 , 2.88 , 2.0 , 2 , 4
0 , 2.86 , 2.0 , 2 , 4
0 , 2.84 , 2.0 , 2 , 4
0 , 2.84 , 2.0 , 2 , 4
0 , 2.84 , 2.0 , 2 , 4
0 , 2.82 , 2.0 , 2 , 4
0 , 2.82 , 2.0 , 2 , 4
0 , 2.82 , 2.0 , 2 , 4
0 , 2.82 , 2.0 , 2 , 4
0 , 2.8 , 2.0 , 2 , 4
0 , 2.8 , 2.0 , 2 , 4
0 , 2.8 , 2.0 , 2 , 4
0 , 2.8 , 2.0 , 2 , 4
0 , 2.78 , 2.0 , 2 , 4
0 , 2.78 , 2.0 , 2 , 4
0 , 2.78 , 2.0 , 2 , 4
0 , 2.78 , 2.0 , 2 , 4
0 , 2.78 , 2.0 , 2 , 4
0 , 2.78 , 2.0 , 2 , 4
0 , 2.78 , 2.0 , 2 , 4
0 , 2.76 , 2.0 , 2 , 4
0 , 2.76 , 2.0 , 2 , 4
0 , 2.76 , 2.0 , 2 , 4
0 , 2.74 , 2.0 , 2 , 4
0 , 2.72 , 2.0 , 2 , 4
0 , 2.72 , 2.0 , 2 , 4
0 , 2.7 , 2.0 , 2 , 4
0 , 2.7 , 2.0 , 2 , 4
0 , 2.7 , 2.0 , 2 , 4
0 , 2.66 , 2.0 , 2 , 4
0 , 2.66 , 2.0 , 2 , 4
0 , 2.66 , 2.0 , 2 , 4
0 , 2.66 , 2.0 , 2 , 4
0 , 2.66 , 2.0 , 2 , 4
0 , 2.66 , 2.0 , 2 , 4
0 , 2.66 , 2.0 , 2 , 4
0 , 2.66 , 2.0 , 2 , 4
0 , 2.66 , 2.0 , 2 , 4
0 , 2.66 , 2.0 , 2 , 4
0 , 2.66 , 2.0 , 2 , 4
0 , 2.64 , 2.0 , 2 , 4
0 , 2.64 , 2.0 , 2 , 4
0 , 2.64 , 2.0 , 2 , 4
0 , 2.64 , 2.0 , 2 , 4
0 , 2.64 , 2.0 , 2 , 4
0 , 2.64 , 2.0 , 2 , 4
0 , 2.62 , 2.0 , 2 , 4
0 , 2.62 , 2.0 , 2 , 4
0 , 2.62 , 2.0 , 2 , 4
0 , 2.62 , 2.0 , 2 , 4
0 , 2.62 , 2.0 , 2 , 4
0 , 2.62 , 2.0 , 2 , 4
0 , 2.6 , 2.0 , 2 , 4
0 , 2.6 , 2.0 , 2 , 4
0 , 2.6 , 2.0 , 2 , 4
0 , 2.6 , 2.0 , 2 , 4
0 , 2.6 , 2.0 , 2 , 4
0 , 2.6 , 2.0 , 2 , 4
0 , 2.6 , 2.0 , 2 , 4
0 , 2.6 , 2.0 , 2 , 4
0 , 2.6 , 2.0 , 2 , 4
0 , 2.58 , 2.0 , 2 , 4
0 , 2.58 , 2.0 , 2 , 4
0 , 2.58 , 2.0 , 2 , 4
0 , 2.58 , 2.0 , 2 , 4
0 , 2.56 , 2.0 , 2 , 4
0 , 2.56 , 2.0 , 2 , 4
0 , 2.56 , 2.0 , 2 , 4
0 , 2.56 , 2.0 , 2 , 4
0 , 2.56 , 2.0 , 2 , 4
0 , 2.56 , 2.0 , 2 , 4
0 , 2.56 , 2.0 , 2 , 4
0 , 2.56 , 2.0 , 2 , 4
0 , 2.56 , 2.0 , 2 , 4
0 , 2.56 , 2.0 , 2 , 4
0 , 2.56 , 2.0 , 2 , 4
0 , 2.56 , 2.0 , 2 , 4
0 , 2.56 , 2.0 , 2 , 4
0 , 2.56 , 2.0 , 2 , 4
0 , 2.54 , 2.0 , 2 , 4
0 , 2.54 , 2.0 , 2 , 4
0 , 2.54 , 2.0 , 2 , 4
0 , 2.54 , 2.0 , 2 , 4
0 , 2.54 , 2.0 , 2 , 4
0 , 2.54 , 2.0 , 2 , 4
0 , 2.52 , 2.0 , 2 , 4
0 , 2.52 , 2.0 , 2 , 4
0 , 2.48 , 2.0 , 2 , 4
0 , 2.46 , 2.0 , 2 , 4
0 , 2.46 , 2.0 , 2 , 4
0 , 2.44 , 2.0 , 2 , 4
0 , 2.44 , 2.0 , 2 , 4
0 , 2.44 , 2.0 , 2 , 4
0 , 2.44 , 2.0 , 2 , 4
0 , 2.44 , 2.0 , 2 , 4
0 , 2.44 , 2.0 , 2 , 4
0 , 2.44 , 2.0 , 2 , 4
0 , 2.44 , 2.0 , 2 , 4
0 , 2.44 , 2.0 , 2 , 4
0 , 2.44 , 2.0 , 2 , 4
0 , 2.44 , 2.0 , 2 , 4
0 , 2.44 , 2.0 , 2 , 4
0 , 2.44 , 2.0 , 2 , 4
0 , 2.44 , 2.0 , 2 , 4
0 , 2.44 , 2.0 , 2 , 4
0 , 2.44 , 2.0 , 2 , 4
0 , 2.44 , 2.0 , 2 , 4
0 , 2.44 , 2.0 , 2 , 4
0 , 2.44 , 2.0 , 2 , 4
0 , 2.44 , 2.0 , 2 , 4
0 , 2.44 , 2.0 , 2 , 4
0 , 2.44 , 2.0 , 2 , 4
0 , 2.44 , 2.0 , 2 , 4
0 , 2.44 , 2.0 , 2 , 4
0 , 2.44 , 2.0 , 2 , 4
0 , 2.44 , 2.0 , 2 , 4
0 , 2.44 , 2.0 , 2 , 4
0 , 2.44 , 2.0 , 2 , 4
0 , 2.44 , 2.0 , 2 , 4
0 , 2.44 , 2.0 , 2 , 4
0 , 2.44 , 2.0 , 2 , 4
0 , 2.44 , 2.0 , 2 , 4
0 , 2.44 , 2.0 , 2 , 4
0 , 2.44 , 2.0 , 2 , 4
0 , 2.44 , 2.0 , 2 , 4
0 , 2.44 , 2.0 , 2 , 4
0 , 2.4 , 2.0 , 2 , 4
0 , 2.4 , 2.0 , 2 , 4
0 , 2.4 , 2.0 , 2 , 4
0 , 2.4 , 2.0 , 2 , 4
0 , 2.4 , 2.0 , 2 , 4
0 , 2.4 , 2.0 , 2 , 4
0 , 2.4 , 2.0 , 2 , 4
0 , 2.4 , 2.0 , 2 , 4
0 , 2.4 , 2.0 , 2 , 4
0 , 2.38 , 2.0 , 2 , 4
0 , 2.38 , 2.0 , 2 , 4
0 , 2.38 , 2.0 , 2 , 4
0 , 2.38 , 2.0 , 2 , 4
0 , 2.36 , 2.0 , 2 , 4
0 , 2.36 , 2.0 , 2 , 4
0 , 2.34 , 2.0 , 2 , 4
0 , 2.34 , 2.0 , 2 , 4
0 , 2.34 , 2.0 , 2 , 4
0 , 2.34 , 2.0 , 2 , 4
0 , 2.34 , 2.0 , 2 , 4
0 , 2.34 , 2.0 , 2 , 4
0 , 2.34 , 2.0 , 2 , 4
0 , 2.34 , 2.0 , 2 , 4
0 , 2.34 , 2.0 , 2 , 4
0 , 2.34 , 2.0 , 2 , 4
0 , 2.34 , 2.0 , 2 , 4
0 , 2.34 , 2.0 , 2 , 4
0 , 2.34 , 2.0 , 2 , 4
0 , 2.34 , 2.0 , 2 , 4
0 , 2.34 , 2.0 , 2 , 4
0 , 2.34 , 2.0 , 2 , 4
0 , 2.32 , 2.0 , 2 , 4
0 , 2.3 , 2.0 , 2 , 4
0 , 2.3 , 2.0 , 2 , 4
0 , 2.3 , 2.0 , 2 , 4
0 , 2.3 , 2.0 , 2 , 4
0 , 2.3 , 2.0 , 2 , 4
0 , 2.3 , 2.0 , 2 , 4
0 , 2.3 , 2.0 , 2 , 4
0 , 2.3 , 2.0 , 2 , 4
0 , 2.3 , 2.0 , 2 , 4
0 , 2.3 , 2.0 , 2 , 4
0 , 2.3 , 2.0 , 2 , 4
0 , 2.3 , 2.0 , 2 , 4
0 , 2.3 , 2.0 , 2 , 4
0 , 2.3 , 2.0 , 2 , 4
0 , 2.3 , 2.0 , 2 , 4
0 , 2.3 , 2.0 , 2 , 4
0 , 2.3 , 2.0 , 2 , 4
0 , 2.28 , 2.0 , 2 , 4
0 , 2.28 , 2.0 , 2 , 4
0 , 2.28 , 2.0 , 2 , 4
0 , 2.28 , 2.0 , 2 , 4
0 , 2.28 , 2.0 , 2 , 4
0 , 2.28 , 2.0 , 2 , 4
0 , 2.28 , 2.0 , 2 , 4
0 , 2.28 , 2.0 , 2 , 4
0 , 2.28 , 2.0 , 2 , 4
0 , 2.28 , 2.0 , 2 , 4
0 , 2.28 , 2.0 , 2 , 4
0 , 2.28 , 2.0 , 2 , 4
0 , 2.26 , 2.0 , 2 , 4
0 , 2.26 , 2.0 , 2 , 4
0 , 2.24 , 2.0 , 2 , 4
0 , 2.24 , 2.0 , 2 , 4
0 , 2.24 , 2.0 , 2 , 4
0 , 2.24 , 2.0 , 2 , 4
0 , 2.24 , 2.0 , 2 , 4
0 , 2.24 , 2.0 , 2 , 4
0 , 2.24 , 2.0 , 2 , 4
0 , 2.24 , 2.0 , 2 , 4
0 , 2.24 , 2.0 , 2 , 4
0 , 2.24 , 2.0 , 2 , 4
0 , 2.2 , 2.0 , 2 , 4
0 , 2.18 , 2.0 , 2 , 4
0 , 2.18 , 2.0 , 2 , 4
0 , 2.18 , 2.0 , 2 , 4
0 , 2.18 , 2.0 , 2 , 4
0 , 2.18 , 2.0 , 2 , 4
0 , 2.18 , 2.0 , 2 , 4
0 , 2.18 , 2.0 , 2 , 4
0 , 2.18 , 2.0 , 2 , 4
0 , 2.18 , 2.0 , 2 , 4
0 , 2.18 , 2.0 , 2 , 4
0 , 2.18 , 2.0 , 2 , 4
0 , 2.18 , 2.0 , 2 , 4
0 , 2.18 , 2.0 , 2 , 4
0 , 2.18 , 2.0 , 2 , 4
0 , 2.18 , 2.0 , 2 , 4
0 , 2.18 , 2.0 , 2 , 4
0 , 2.18 , 2.0 , 2 , 4
0 , 2.18 , 2.0 , 2 , 4
0 , 2.18 , 2.0 , 2 , 4
0 , 2.18 , 2.0 , 2 , 4
0 , 2.14 , 2.0 , 2 , 4
0 , 2.14 , 2.0 , 2 , 4
0 , 2.14 , 2.0 , 2 , 4
0 , 2.14 , 2.0 , 2 , 4
0 , 2.12 , 2.0 , 2 , 4
0 , 2.12 , 2.0 , 2 , 4
0 , 2.12 , 2.0 , 2 , 4
0 , 2.12 , 2.0 , 2 , 4
0 , 2.12 , 2.0 , 2 , 4
0 , 2.12 , 2.0 , 2 , 4
0 , 2.1 , 2.0 , 2 , 4
0 , 2.1 , 2.0 , 2 , 4
0 , 2.1 , 2.0 , 2 , 4
0 , 2.1 , 2.0 , 2 , 4
0 , 2.1 , 2.0 , 2 , 4
0 , 2.1 , 2.0 , 2 , 4
0 , 2.1 , 2.0 , 2 , 4
0 , 2.1 , 2.0 , 2 , 4
0 , 2.1 , 2.0 , 2 , 4
0 , 2.1 , 2.0 , 2 , 4
0 , 2.1 , 2.0 , 2 , 4
0 , 2.1 , 2.0 , 2 , 4
0 , 2.1 , 2.0 , 2 , 4
0 , 2.1 , 2.0 , 2 , 4
0 , 2.1 , 2.0 , 2 , 4
0 , 2.1 , 2.0 , 2 , 4
0 , 2.1 , 2.0 , 2 , 4
0 , 2.1 , 2.0 , 2 , 4
0 , 2.1 , 2.0 , 2 , 4
0 , 2.1 , 2.0 , 2 , 4
0 , 2.08 , 2.0 , 2 , 4
0 , 2.08 , 2.0 , 2 , 4
0 , 2.08 , 2.0 , 2 , 4
0 , 2.06 , 2.0 , 2 , 4
0 , 2.06 , 2.0 , 2 , 4
0 , 2.06 , 2.0 , 2 , 4
0 , 2.06 , 2.0 , 2 , 4
0 , 2.06 , 2.0 , 2 , 4
0 , 2.06 , 2.0 , 2 , 4
0 , 2.06 , 2.0 , 2 , 4
0 , 2.06 , 2.0 , 2 , 4
0 , 2.06 , 2.0 , 2 , 4
0 , 2.06 , 2.0 , 2 , 4
0 , 2.06 , 2.0 , 2 , 4
0 , 2.06 , 2.0 , 2 , 4
0 , 2.06 , 2.0 , 2 , 4
0 , 2.06 , 2.0 , 2 , 4
0 , 2.06 , 2.0 , 2 , 4
0 , 2.06 , 2.0 , 2 , 4
0 , 2.06 , 2.0 , 2 , 4
0 , 2.06 , 2.0 , 2 , 4
0 , 2.06 , 2.0 , 2 , 4
0 , 2.04 , 2.0 , 2 , 4
0 , 2.04 , 2.0 , 2 , 4
0 , 2.04 , 2.0 , 2 , 4
0 , 2.04 , 2.0 , 2 , 4
0 , 2.04 , 2.0 , 2 , 4
0 , 2.04 , 2.0 , 2 , 4
0 , 2.04 , 2.0 , 2 , 4
0 , 2.04 , 2.0 , 2 , 4
0 , 2.04 , 2.0 , 2 , 4
0 , 2.04 , 2.0 , 2 , 4
0 , 2.04 , 2.0 , 2 , 4
0 , 2.04 , 2.0 , 2 , 4
0 , 2.04 , 2.0 , 2 , 4
0 , 2.04 , 2.0 , 2 , 4
0 , 2.04 , 2.0 , 2 , 4
0 , 2.04 , 2.0 , 2 , 4
0 , 2.04 , 2.0 , 2 , 4
0 , 2.04 , 2.0 , 2 , 4
0 , 2.02 , 2.0 , 2 , 4
0 , 2.02 , 2.0 , 2 , 4
0 , 2.02 , 2.0 , 2 , 4
0 , 2.02 , 2.0 , 2 , 4
0 , 2.02 , 2.0 , 2 , 4
0 , 2.02 , 2.0 , 2 , 4
0 , 2.02 , 2.0 , 2 , 4
0 , 2.02 , 2.0 , 2 , 4
0 , 2.02 , 2.0 , 2 , 4
0 , 2.0 , 2.0 , 2 , 4
0 , 1.98 , 2.0 , 2 , 4
0 , 1.98 , 2.0 , 2 , 4
0 , 1.96 , 2.0 , 2 , 4
0 , 1.96 , 2.0 , 2 , 4
0 , 1.96 , 2.0 , 2 , 4
0 , 1.96 , 2.0 , 2 , 4
0 , 1.94 , 2.0 , 2 , 4
0 , 1.94 , 2.0 , 2 , 4
0 , 1.94 , 2.0 , 2 , 4
0 , 1.94 , 2.0 , 2 , 4
0 , 1.94 , 2.0 , 2 , 4
0 , 1.94 , 2.0 , 2 , 4
0 , 1.94 , 2.0 , 2 , 4
0 , 1.94 , 2.0 , 2 , 4
0 , 1.94 , 2.0 , 2 , 4
0 , 1.94 , 2.0 , 2 , 4
0 , 1.92 , 2.0 , 2 , 4
0 , 1.92 , 2.0 , 2 , 4
0 , 1.92 , 2.0 , 2 , 4
0 , 1.92 , 2.0 , 2 , 4
0 , 1.92 , 2.0 , 2 , 4
0 , 1.92 , 2.0 , 2 , 4
0 , 1.92 , 2.0 , 2 , 4
0 , 1.92 , 2.0 , 2 , 4
0 , 1.9 , 2.0 , 2 , 4
0 , 1.9 , 2.0 , 2 , 4
0 , 1.9 , 2.0 , 2 , 4
0 , 1.9 , 2.0 , 2 , 4
0 , 1.9 , 2.0 , 2 , 4
0 , 1.9 , 2.0 , 2 , 4
0 , 1.9 , 2.0 , 2 , 4
0 , 1.9 , 2.0 , 2 , 4
0 , 1.9 , 2.0 , 2 , 4
0 , 1.9 , 2.0 , 2 , 4
0 , 1.9 , 2.0 , 2 , 4
0 , 1.9 , 2.0 , 2 , 4
0 , 1.9 , 2.0 , 2 , 4
0 , 1.9 , 2.0 , 2 , 4
0 , 1.88 , 2.0 , 2 , 4
0 , 1.88 , 2.0 , 2 , 4
0 , 1.88 , 2.0 , 2 , 4
0 , 1.88 , 2.0 , 2 , 4
0 , 1.88 , 2.0 , 2 , 4
0 , 1.88 , 2.0 , 2 , 4
0 , 1.88 , 2.0 , 2 , 4
0 , 1.88 , 2.0 , 2 , 4
0 , 1.88 , 2.0 , 2 , 4
0 , 1.88 , 2.0 , 2 , 4
0 , 1.88 , 2.0 , 2 , 4
0 , 1.88 , 2.0 , 2 , 4
0 , 1.88 , 2.0 , 2 , 4
0 , 1.86 , 2.0 , 2 , 2
0 , 1.86 , 2.0 , 2 , 2
0 , 1.86 , 2.0 , 2 , 2
0 , 1.86 , 2.0 , 2 , 2
0 , 1.86 , 2.0 , 2 , 2
0 , 1.86 , 2.0 , 2 , 2
0 , 1.86 , 2.0 , 2 , 2
0 , 1.86 , 2.0 , 2 , 2
0 , 1.86 , 2.0 , 2 , 2
0 , 1.86 , 2.0 , 2 , 2
0 , 1.86 , 2.0 , 2 , 2
0 , 1.86 , 2.0 , 2 , 2
0 , 1.86 , 2.0 , 2 , 2
0 , 1.86 , 2.0 , 2 , 2
0 , 1.86 , 2.0 , 2 , 2
0 , 1.86 , 2.0 , 2 , 2
0 , 1.86 , 2.0 , 2 , 2
0 , 1.86 , 2.0 , 2 , 2
0 , 1.86 , 2.0 , 2 , 2
0 , 1.86 , 2.0 , 2 , 2
0 , 1.86 , 2.0 , 2 , 2
0 , 1.86 , 2.0 , 2 , 2
0 , 1.86 , 2.0 , 2 , 2
0 , 1.86 , 2.0 , 2 , 2
0 , 1.86 , 2.0 , 2 , 2
0 , 1.86 , 2.0 , 2 , 2
0 , 1.86 , 2.0 , 2 , 2
0 , 1.86 , 2.0 , 2 , 2
0 , 1.86 , 2.0 , 2 , 2
0 , 1.86 , 2.0 , 2 , 2
0 , 1.86 , 2.0 , 2 , 2
0 , 1.86 , 2.0 , 2 , 2
0 , 1.86 , 2.0 , 2 , 2
0 , 1.86 , 2.0 , 2 , 2
0 , 1.86 , 2.0 , 2 , 2
0 , 1.86 , 2.0 , 2 , 2
0 , 1.86 , 2.0 , 2 , 2
0 , 1.86 , 2.0 , 2 , 2
0 , 1.86 , 2.0 , 2 , 2
0 , 1.86 , 2.0 , 2 , 2
0 , 1.86 , 2.0 , 2 , 2
0 , 1.86 , 2.0 , 2 , 2
0 , 1.86 , 2.0 , 2 , 2
0 , 1.86 , 2.0 , 2 , 2
0 , 1.86 , 2.0 , 2 , 2
0 , 1.84 , 2.0 , 2 , 2
0 , 1.84 , 2.0 , 2 , 2
0 , 1.84 , 2.0 , 2 , 2
0 , 1.84 , 2.0 , 2 , 2
0 , 1.84 , 2.0 , 2 , 2
0 , 1.84 , 2.0 , 2 , 2
0 , 1.84 , 2.0 , 2 , 2
0 , 1.84 , 2.0 , 2 , 2
0 , 1.84 , 2.0 , 2 , 2
0 , 1.84 , 2.0 , 2 , 2
0 , 1.84 , 2.0 , 2 , 2
0 , 1.84 , 2.0 , 2 , 2
0 , 1.84 , 2.0 , 2 , 2
0 , 1.84 , 2.0 , 2 , 2
0 , 1.84 , 2.0 , 2 , 2
0 , 1.84 , 2.0 , 2 , 2
0 , 1.84 , 2.0 , 2 , 2
0 , 1.84 , 2.0 , 2 , 2
0 , 1.84 , 2.0 , 2 , 2
0 , 1.84 , 2.0 , 2 , 2
0 , 1.84 , 2.0 , 2 , 2
0 , 1.84 , 2.0 , 2 , 2
0 , 1.84 , 2.0 , 2 , 2
0 , 1.84 , 2.0 , 2 , 2
0 , 1.84 , 2.0 , 2 , 2
0 , 1.84 , 2.0 , 2 , 2
0 , 1.84 , 2.0 , 2 , 2
0 , 1.84 , 2.0 , 2 , 2
0 , 1.84 , 2.0 , 2 , 2
0 , 1.84 , 2.0 , 2 , 2
0 , 1.84 , 2.0 , 2 , 2
0 , 1.84 , 2.0 , 2 , 2
0 , 1.84 , 2.0 , 2 , 2
0 , 1.84 , 2.0 , 2 , 2
0 , 1.84 , 2.0 , 2 , 2
0 , 1.84 , 2.0 , 2 , 2
0 , 1.84 , 2.0 , 2 , 2
0 , 1.84 , 2.0 , 2 , 2
0 , 1.84 , 2.0 , 2 , 2
0 , 1.84 , 2.0 , 2 , 2
0 , 1.84 , 2.0 , 2 , 2
0 , 1.84 , 2.0 , 2 , 2
0 , 1.84 , 2.0 , 2 , 2
0 , 1.84 , 2.0 , 2 , 2
0 , 1.84 , 2.0 , 2 , 2
0 , 1.84 , 2.0 , 2 , 2
0 , 1.84 , 2.0 , 2 , 2
0 , 1.84 , 2.0 , 2 , 2
0 , 1.84 , 2.0 , 2 , 2
0 , 1.84 , 2.0 , 2 , 2
0 , 1.84 , 2.0 , 2 , 2
0 , 1.84 , 2.0 , 2 , 2
0 , 1.84 , 2.0 , 2 , 2
0 , 1.84 , 2.0 , 2 , 2
0 , 1.84 , 2.0 , 2 , 2
0 , 1.84 , 2.0 , 2 , 2
0 , 1.84 , 2.0 , 2 , 2
0 , 1.84 , 2.0 , 2 , 2
0 , 1.84 , 2.0 , 2 , 2
0 , 1.82 , 2.0 , 2 , 2
0 , 1.82 , 2.0 , 2 , 2
0 , 1.82 , 2.0 , 2 , 2
0 , 1.82 , 2.0 , 2 , 2
0 , 1.82 , 2.0 , 2 , 2
0 , 1.82 , 2.0 , 2 , 2
0 , 1.82 , 2.0 , 2 , 2
0 , 1.82 , 2.0 , 2 , 2
0 , 1.82 , 2.0 , 2 , 2
0 , 1.82 , 2.0 , 2 , 2
0 , 1.82 , 2.0 , 2 , 2
0 , 1.82 , 2.0 , 2 , 2
0 , 1.82 , 2.0 , 2 , 2
0 , 1.82 , 2.0 , 2 , 2
0 , 1.82 , 2.0 , 2 , 2
0 , 1.82 , 2.0 , 2 , 2
0 , 1.82 , 2.0 , 2 , 2
0 , 1.82 , 2.0 , 2 , 2
0 , 1.82 , 2.0 , 2 , 2
0 , 1.82 , 2.0 , 2 , 2
0 , 1.82 , 2.0 , 2 , 2
0 , 1.82 , 2.0 , 2 , 2
0 , 1.82 , 2.0 , 2 , 2
0 , 1.82 , 2.0 , 2 , 2
0 , 1.82 , 2.0 , 2 , 2
0 , 1.82 , 2.0 , 2 , 2
0 , 1.82 , 2.0 , 2 , 2
0 , 1.82 , 2.0 , 2 , 2
0 , 1.82 , 2.0 , 2 , 2
0 , 1.82 , 2.0 , 2 , 2
0 , 1.82 , 2.0 , 2 , 2
0 , 1.82 , 2.0 , 2 , 2
0 , 1.82 , 2.0 , 2 , 2
0 , 1.82 , 2.0 , 2 , 2
0 , 1.82 , 2.0 , 2 , 2
0 , 1.82 , 2.0 , 2 , 2
0 , 1.82 , 2.0 , 2 , 2
0 , 1.82 , 2.0 , 2 , 2
0 , 1.82 , 2.0 , 2 , 2
0 , 1.82 , 2.0 , 2 , 2
0 , 1.82 , 2.0 , 2 , 2
0 , 1.82 , 2.0 , 2 , 2
0 , 1.82 , 2.0 , 2 , 2
0 , 1.82 , 2.0 , 2 , 2
0 , 1.82 , 2.0 , 2 , 2
0 , 1.82 , 2.0 , 2 , 2
0 , 1.82 , 2.0 , 2 , 2
0 , 1.82 , 2.0 , 2 , 2
0 , 1.82 , 2.0 , 2 , 2
0 , 1.82 , 2.0 , 2 , 2
0 , 1.82 , 2.0 , 2 , 2
0 , 1.82 , 2.0 , 2 , 2
0 , 1.82 , 2.0 , 2 , 2
0 , 1.82 , 2.0 , 2 , 2
0 , 1.82 , 2.0 , 2 , 2
0 , 1.82 , 2.0 , 2 , 2
0 , 1.82 , 2.0 , 2 , 2
0 , 1.82 , 2.0 , 2 , 2
0 , 1.82 , 2.0 , 2 , 2
0 , 1.82 , 2.0 , 2 , 2
0 , 1.82 , 2.0 , 2 , 2
0 , 1.82 , 2.0 , 2 , 2
0 , 1.82 , 2.0 , 2 , 2
0 , 1.82 , 2.0 , 2 , 2
0 , 1.82 , 2.0 , 2 , 2
0 , 1.82 , 2.0 , 2 , 2
0 , 1.82 , 2.0 , 2 , 2
0 , 1.82 , 2.0 , 2 , 2
9  Perfect solutions
perfect solution individuals [[2, 4, 1, 7, 0, 6, 3, 5], [4, 6, 1, 3, 7, 0, 2, 5], [2, 4, 1, 7, 0, 6, 3, 5], [4, 0, 7, 5, 2, 6, 1, 3], [6, 2, 7, 1, 4, 0, 5, 3], [4, 0, 7, 5, 2, 6, 1, 3], [6, 2, 7, 1, 4, 0, 5, 3], [4, 0, 7, 3, 1, 6, 2, 5], [6, 2, 7, 1, 4, 0, 5, 3]]
