6 , 15.02 , 14.0 , 12 , 26
6 , 14.72 , 14.0 , 12 , 24
6 , 14.58 , 14.0 , 12 , 22
6 , 14.54 , 14.0 , 12 , 22
6 , 14.36 , 14.0 , 12 , 22
6 , 14.18 , 14.0 , 12 , 22
6 , 14.06 , 14.0 , 12 , 22
6 , 14.02 , 14.0 , 12 , 20
6 , 13.82 , 14.0 , 12 , 20
6 , 13.7 , 14.0 , 12 , 20
6 , 13.62 , 14.0 , 12 , 20
6 , 13.38 , 14.0 , 12 , 20
6 , 13.28 , 14.0 , 12 , 18
6 , 13.18 , 14.0 , 12 , 18
6 , 13.12 , 13.0 , 12 , 18
6 , 13.0 , 12.0 , 12 , 18
6 , 12.96 , 12.0 , 12 , 18
6 , 12.9 , 12.0 , 12 , 18
6 , 12.76 , 12.0 , 12 , 18
6 , 12.68 , 12.0 , 12 , 18
6 , 12.54 , 12.0 , 12 , 16
6 , 12.5 , 12.0 , 12 , 16
6 , 12.38 , 12.0 , 12 , 16
6 , 12.28 , 12.0 , 12 , 16
6 , 12.22 , 12.0 , 12 , 16
6 , 12.16 , 12.0 , 12 , 16
6 , 12.08 , 12.0 , 12 , 16
6 , 12.0 , 12.0 , 12 , 16
6 , 11.94 , 12.0 , 12 , 16
6 , 11.9 , 12.0 , 12 , 16
6 , 11.8 , 12.0 , 12 , 16
6 , 11.7 , 12.0 , 12 , 14
6 , 11.7 , 12.0 , 12 , 14
6 , 11.64 , 12.0 , 12 , 14
6 , 11.58 , 12.0 , 12 , 14
6 , 11.5 , 12.0 , 12 , 14
6 , 11.48 , 12.0 , 12 , 14
6 , 11.42 , 12.0 , 12 , 14
6 , 11.38 , 12.0 , 12 , 14
6 , 11.38 , 12.0 , 12 , 14
6 , 11.34 , 12.0 , 12 , 14
6 , 11.3 , 12.0 , 12 , 14
6 , 11.28 , 12.0 , 12 , 14
6 , 11.28 , 12.0 , 12 , 14
6 , 11.24 , 12.0 , 12 , 14
6 , 11.22 , 12.0 , 12 , 14
6 , 11.12 , 12.0 , 12 , 14
6 , 11.1 , 12.0 , 12 , 14
6 , 11.06 , 12.0 , 12 , 14
6 , 10.98 , 12.0 , 12 , 14
6 , 10.92 , 12.0 , 12 , 14
6 , 10.88 , 12.0 , 12 , 14
6 , 10.88 , 12.0 , 12 , 14
6 , 10.82 , 12.0 , 12 , 14
6 , 10.8 , 12.0 , 12 , 14
6 , 10.8 , 12.0 , 12 , 14
6 , 10.72 , 12.0 , 12 , 12
6 , 10.68 , 12.0 , 12 , 12
6 , 10.68 , 12.0 , 12 , 12
6 , 10.64 , 12.0 , 12 , 12
6 , 10.64 , 12.0 , 12 , 12
6 , 10.62 , 11.0 , 12 , 12
6 , 10.6 , 10.0 , 12 , 12
6 , 10.6 , 10.0 , 12 , 12
6 , 10.6 , 10.0 , 12 , 12
6 , 10.54 , 10.0 , 12 , 12
6 , 10.54 , 10.0 , 12 , 12
6 , 10.54 , 10.0 , 12 , 12
6 , 10.54 , 10.0 , 12 , 12
0 , 10.4 , 10.0 , 12 , 12
0 , 10.32 , 10.0 , 12 , 12
0 , 10.32 , 10.0 , 12 , 12
0 , 10.24 , 10.0 , 12 , 12
0 , 10.24 , 10.0 , 12 , 12
0 , 10.2 , 10.0 , 12 , 12
0 , 10.2 , 10.0 , 12 , 12
0 , 10.2 , 10.0 , 12 , 12
0 , 10.2 , 10.0 , 12 , 12
0 , 10.2 , 10.0 , 12 , 12
0 , 10.16 , 10.0 , 12 , 12
0 , 10.16 , 10.0 , 12 , 12
0 , 10.16 , 10.0 , 12 , 12
0 , 10.14 , 10.0 , 10 , 12
0 , 10.14 , 10.0 , 10 , 12
0 , 10.12 , 10.0 , 10 , 12
0 , 10.1 , 10.0 , 10 , 12
0 , 10.04 , 10.0 , 10 , 12
0 , 10.04 , 10.0 , 10 , 12
0 , 10.04 , 10.0 , 10 , 12
0 , 10.04 , 10.0 , 10 , 12
0 , 10.02 , 10.0 , 10 , 12
0 , 10.0 , 10.0 , 10 , 12
0 , 10.0 , 10.0 , 10 , 12
0 , 10.0 , 10.0 , 10 , 12
0 , 9.96 , 10.0 , 10 , 12
0 , 9.94 , 10.0 , 10 , 12
0 , 9.94 , 10.0 , 10 , 12
0 , 9.9 , 10.0 , 10 , 12
0 , 9.9 , 10.0 , 10 , 12
0 , 9.9 , 10.0 , 10 , 12
0 , 9.86 , 10.0 , 10 , 12
0 , 9.86 , 10.0 , 10 , 12
0 , 9.86 , 10.0 , 10 , 12
0 , 9.8 , 10.0 , 10 , 12
0 , 9.8 , 10.0 , 10 , 12
0 , 9.8 , 10.0 , 10 , 12
0 , 9.74 , 10.0 , 10 , 12
0 , 9.72 , 10.0 , 10 , 12
0 , 9.68 , 10.0 , 10 , 12
0 , 9.64 , 10.0 , 10 , 12
0 , 9.58 , 10.0 , 10 , 12
0 , 9.58 , 10.0 , 10 , 12
0 , 9.56 , 10.0 , 10 , 12
0 , 9.52 , 10.0 , 10 , 12
0 , 9.52 , 10.0 , 10 , 12
0 , 9.5 , 10.0 , 10 , 12
0 , 9.44 , 10.0 , 10 , 12
0 , 9.44 , 10.0 , 10 , 12
0 , 9.4 , 10.0 , 10 , 12
0 , 9.4 , 10.0 , 10 , 12
0 , 9.38 , 10.0 , 10 , 12
0 , 9.34 , 10.0 , 10 , 12
0 , 9.34 , 10.0 , 10 , 12
0 , 9.32 , 10.0 , 10 , 12
0 , 9.32 , 10.0 , 10 , 12
0 , 9.3 , 10.0 , 10 , 12
0 , 9.3 , 10.0 , 10 , 12
0 , 9.22 , 10.0 , 10 , 12
0 , 9.2 , 10.0 , 10 , 12
0 , 9.2 , 10.0 , 10 , 12
0 , 9.14 , 10.0 , 10 , 12
0 , 9.02 , 10.0 , 10 , 12
0 , 8.98 , 10.0 , 10 , 12
0 , 8.94 , 10.0 , 10 , 12
0 , 8.92 , 10.0 , 10 , 12
0 , 8.82 , 10.0 , 10 , 12
0 , 8.7 , 10.0 , 10 , 10
0 , 8.7 , 10.0 , 10 , 10
0 , 8.7 , 10.0 , 10 , 10
0 , 8.68 , 10.0 , 10 , 10
0 , 8.66 , 10.0 , 10 , 10
0 , 8.64 , 10.0 , 10 , 10
0 , 8.64 , 10.0 , 10 , 10
0 , 8.62 , 10.0 , 10 , 10
0 , 8.58 , 10.0 , 10 , 10
0 , 8.58 , 10.0 , 10 , 10
0 , 8.56 , 10.0 , 10 , 10
0 , 8.56 , 10.0 , 10 , 10
0 , 8.56 , 10.0 , 10 , 10
0 , 8.52 , 9.0 , 10 , 10
0 , 8.52 , 9.0 , 10 , 10
0 , 8.5 , 8.0 , 10 , 10
0 , 8.48 , 8.0 , 10 , 10
0 , 8.48 , 8.0 , 10 , 10
0 , 8.44 , 8.0 , 10 , 10
0 , 8.42 , 8.0 , 10 , 10
0 , 8.42 , 8.0 , 10 , 10
0 , 8.4 , 8.0 , 10 , 10
0 , 8.38 , 8.0 , 10 , 10
0 , 8.36 , 8.0 , 10 , 10
0 , 8.32 , 8.0 , 10 , 10
0 , 8.32 , 8.0 , 10 , 10
0 , 8.32 , 8.0 , 10 , 10
0 , 8.26 , 8.0 , 10 , 10
0 , 8.24 , 8.0 , 10 , 10
0 , 8.22 , 8.0 , 8 , 10
0 , 8.2 , 8.0 , 8 , 10
0 , 8.16 , 8.0 , 8 , 10
0 , 8.16 , 8.0 , 8 , 10
0 , 8.14 , 8.0 , 8 , 10
0 , 8.14 , 8.0 , 8 , 10
0 , 8.14 , 8.0 , 8 , 10
0 , 8.14 , 8.0 , 8 , 10
0 , 8.14 , 8.0 , 8 , 10
0 , 8.14 , 8.0 , 8 , 10
0 , 8.12 , 8.0 , 8 , 10
0 , 8.12 , 8.0 , 8 , 10
0 , 8.12 , 8.0 , 8 , 10
0 , 8.1 , 8.0 , 8 , 10
0 , 8.08 , 8.0 , 8 , 10
0 , 8.06 , 8.0 , 8 , 10
0 , 8.04 , 8.0 , 8 , 10
0 , 8.04 , 8.0 , 8 , 10
0 , 7.96 , 8.0 , 8 , 10
0 , 7.96 , 8.0 , 8 , 10
0 , 7.94 , 8.0 , 8 , 10
0 , 7.94 , 8.0 , 8 , 10
0 , 7.94 , 8.0 , 8 , 10
0 , 7.94 , 8.0 , 8 , 10
0 , 7.92 , 8.0 , 8 , 10
0 , 7.88 , 8.0 , 8 , 10
0 , 7.88 , 8.0 , 8 , 10
0 , 7.88 , 8.0 , 8 , 10
0 , 7.88 , 8.0 , 8 , 10
0 , 7.88 , 8.0 , 8 , 10
0 , 7.88 , 8.0 , 8 , 10
0 , 7.86 , 8.0 , 8 , 10
0 , 7.86 , 8.0 , 8 , 10
0 , 7.86 , 8.0 , 8 , 10
0 , 7.78 , 8.0 , 8 , 10
0 , 7.72 , 8.0 , 8 , 10
0 , 7.72 , 8.0 , 8 , 10
0 , 7.68 , 8.0 , 8 , 10
0 , 7.66 , 8.0 , 8 , 10
0 , 7.62 , 8.0 , 8 , 10
0 , 7.6 , 8.0 , 8 , 10
0 , 7.6 , 8.0 , 8 , 10
0 , 7.56 , 8.0 , 8 , 10
0 , 7.54 , 8.0 , 8 , 10
0 , 7.54 , 8.0 , 8 , 10
0 , 7.44 , 8.0 , 8 , 10
0 , 7.42 , 8.0 , 8 , 10
0 , 7.4 , 8.0 , 8 , 10
0 , 7.4 , 8.0 , 8 , 10
0 , 7.38 , 8.0 , 8 , 10
0 , 7.38 , 8.0 , 8 , 10
0 , 7.38 , 8.0 , 8 , 10
0 , 7.38 , 8.0 , 8 , 10
0 , 7.36 , 8.0 , 8 , 10
0 , 7.34 , 8.0 , 8 , 10
0 , 7.32 , 8.0 , 8 , 10
0 , 7.32 , 8.0 , 8 , 10
0 , 7.32 , 8.0 , 8 , 10
0 , 7.3 , 8.0 , 8 , 10
0 , 7.26 , 8.0 , 8 , 10
0 , 7.22 , 8.0 , 8 , 10
0 , 7.22 , 8.0 , 8 , 10
0 , 7.2 , 8.0 , 8 , 10
0 , 7.18 , 8.0 , 8 , 8
0 , 7.18 , 8.0 , 8 , 8
0 , 7.18 , 8.0 , 8 , 8
0 , 7.18 , 8.0 , 8 , 8
0 , 7.18 , 8.0 , 8 , 8
0 , 7.16 , 8.0 , 8 , 8
0 , 7.16 , 8.0 , 8 , 8
0 , 7.16 , 8.0 , 8 , 8
0 , 7.16 , 8.0 , 8 , 8
0 , 7.16 , 8.0 , 8 , 8
0 , 7.16 , 8.0 , 8 , 8
0 , 7.16 , 8.0 , 8 , 8
0 , 7.16 , 8.0 , 8 , 8
0 , 7.16 , 8.0 , 8 , 8
0 , 7.16 , 8.0 , 8 , 8
0 , 7.16 , 8.0 , 8 , 8
0 , 7.14 , 8.0 , 8 , 8
0 , 7.14 , 8.0 , 8 , 8
0 , 7.14 , 8.0 , 8 , 8
0 , 7.12 , 8.0 , 8 , 8
0 , 7.1 , 8.0 , 8 , 8
0 , 7.1 , 8.0 , 8 , 8
0 , 7.1 , 8.0 , 8 , 8
0 , 7.1 , 8.0 , 8 , 8
0 , 7.08 , 8.0 , 8 , 8
0 , 7.08 , 8.0 , 8 , 8
0 , 7.08 , 8.0 , 8 , 8
0 , 7.08 , 8.0 , 8 , 8
0 , 7.08 , 8.0 , 8 , 8
0 , 7.08 , 8.0 , 8 , 8
0 , 7.08 , 8.0 , 8 , 8
0 , 7.08 , 8.0 , 8 , 8
0 , 7.08 , 8.0 , 8 , 8
0 , 7.08 , 8.0 , 8 , 8
0 , 7.08 , 8.0 , 8 , 8
0 , 7.08 , 8.0 , 8 , 8
0 , 7.08 , 8.0 , 8 , 8
0 , 7.08 , 8.0 , 8 , 8
0 , 7.08 , 8.0 , 8 , 8
0 , 7.08 , 8.0 , 8 , 8
0 , 7.08 , 8.0 , 8 , 8
0 , 7.08 , 8.0 , 8 , 8
0 , 7.06 , 8.0 , 8 , 8
0 , 7.06 , 8.0 , 8 , 8
0 , 7.02 , 8.0 , 8 , 8
0 , 7.02 , 8.0 , 8 , 8
0 , 7.02 , 8.0 , 8 , 8
0 , 7.02 , 8.0 , 8 , 8
0 , 7.0 , 8.0 , 8 , 8
0 , 7.0 , 8.0 , 8 , 8
0 , 7.0 , 8.0 , 8 , 8
0 , 7.0 , 8.0 , 8 , 8
0 , 7.0 , 8.0 , 8 , 8
0 , 7.0 , 8.0 , 8 , 8
0 , 7.0 , 8.0 , 8 , 8
0 , 7.0 , 8.0 , 8 , 8
0 , 7.0 , 8.0 , 8 , 8
0 , 7.0 , 8.0 , 8 , 8
0 , 7.0 , 8.0 , 8 , 8
0 , 7.0 , 8.0 , 8 , 8
0 , 7.0 , 8.0 , 8 , 8
0 , 7.0 , 8.0 , 8 , 8
0 , 7.0 , 8.0 , 8 , 8
0 , 7.0 , 8.0 , 8 , 8
0 , 7.0 , 8.0 , 8 , 8
0 , 7.0 , 8.0 , 8 , 8
0 , 7.0 , 8.0 , 8 , 8
0 , 7.0 , 8.0 , 8 , 8
0 , 7.0 , 8.0 , 8 , 8
0 , 7.0 , 8.0 , 8 , 8
0 , 7.0 , 8.0 , 8 , 8
0 , 7.0 , 8.0 , 8 , 8
0 , 7.0 , 8.0 , 8 , 8
0 , 6.98 , 8.0 , 8 , 8
0 , 6.94 , 8.0 , 8 , 8
0 , 6.94 , 8.0 , 8 , 8
0 , 6.94 , 8.0 , 8 , 8
0 , 6.94 , 8.0 , 8 , 8
0 , 6.94 , 8.0 , 8 , 8
0 , 6.94 , 8.0 , 8 , 8
0 , 6.92 , 8.0 , 8 , 8
0 , 6.9 , 8.0 , 8 , 8
0 , 6.9 , 8.0 , 8 , 8
0 , 6.9 , 8.0 , 8 , 8
0 , 6.9 , 8.0 , 8 , 8
0 , 6.9 , 8.0 , 8 , 8
0 , 6.9 , 8.0 , 8 , 8
0 , 6.9 , 8.0 , 8 , 8
0 , 6.88 , 8.0 , 8 , 8
0 , 6.88 , 8.0 , 8 , 8
0 , 6.88 , 8.0 , 8 , 8
0 , 6.88 , 8.0 , 8 , 8
0 , 6.88 , 8.0 , 8 , 8
0 , 6.88 , 8.0 , 8 , 8
0 , 6.88 , 8.0 , 8 , 8
0 , 6.86 , 8.0 , 8 , 8
0 , 6.86 , 8.0 , 8 , 8
0 , 6.8 , 8.0 , 8 , 8
0 , 6.8 , 8.0 , 8 , 8
0 , 6.8 , 8.0 , 8 , 8
0 , 6.78 , 8.0 , 8 , 8
0 , 6.78 , 8.0 , 8 , 8
0 , 6.78 , 8.0 , 8 , 8
0 , 6.78 , 8.0 , 8 , 8
0 , 6.78 , 8.0 , 8 , 8
0 , 6.74 , 8.0 , 8 , 8
0 , 6.74 , 8.0 , 8 , 8
0 , 6.74 , 8.0 , 8 , 8
0 , 6.74 , 8.0 , 8 , 8
0 , 6.74 , 8.0 , 8 , 8
0 , 6.74 , 8.0 , 8 , 8
0 , 6.7 , 6.0 , 8 , 8
0 , 6.7 , 6.0 , 8 , 8
0 , 6.7 , 6.0 , 8 , 8
0 , 6.7 , 6.0 , 8 , 8
0 , 6.7 , 6.0 , 8 , 8
0 , 6.7 , 6.0 , 8 , 8
0 , 6.7 , 6.0 , 8 , 8
0 , 6.7 , 6.0 , 8 , 8
0 , 6.7 , 6.0 , 8 , 8
0 , 6.7 , 6.0 , 8 , 8
0 , 6.7 , 6.0 , 8 , 8
0 , 6.7 , 6.0 , 8 , 8
0 , 6.68 , 6.0 , 8 , 8
0 , 6.68 , 6.0 , 8 , 8
0 , 6.68 , 6.0 , 8 , 8
0 , 6.68 , 6.0 , 8 , 8
0 , 6.66 , 6.0 , 8 , 8
0 , 6.66 , 6.0 , 8 , 8
0 , 6.64 , 6.0 , 8 , 8
0 , 6.64 , 6.0 , 8 , 8
0 , 6.6 , 6.0 , 8 , 8
0 , 6.6 , 6.0 , 8 , 8
0 , 6.56 , 6.0 , 6 , 8
0 , 6.56 , 6.0 , 6 , 8
0 , 6.56 , 6.0 , 6 , 8
0 , 6.56 , 6.0 , 6 , 8
0 , 6.56 , 6.0 , 6 , 8
0 , 6.56 , 6.0 , 6 , 8
0 , 6.56 , 6.0 , 6 , 8
0 , 6.56 , 6.0 , 6 , 8
0 , 6.56 , 6.0 , 6 , 8
0 , 6.54 , 6.0 , 6 , 8
0 , 6.52 , 6.0 , 6 , 8
0 , 6.52 , 6.0 , 6 , 8
0 , 6.52 , 6.0 , 6 , 8
0 , 6.52 , 6.0 , 6 , 8
0 , 6.52 , 6.0 , 6 , 8
0 , 6.52 , 6.0 , 6 , 8
0 , 6.52 , 6.0 , 6 , 8
0 , 6.52 , 6.0 , 6 , 8
0 , 6.5 , 6.0 , 6 , 8
0 , 6.5 , 6.0 , 6 , 8
0 , 6.5 , 6.0 , 6 , 8
0 , 6.5 , 6.0 , 6 , 8
0 , 6.5 , 6.0 , 6 , 8
0 , 6.5 , 6.0 , 6 , 8
0 , 6.5 , 6.0 , 6 , 8
0 , 6.5 , 6.0 , 6 , 8
0 , 6.5 , 6.0 , 6 , 8
0 , 6.5 , 6.0 , 6 , 8
0 , 6.5 , 6.0 , 6 , 8
0 , 6.48 , 6.0 , 6 , 8
0 , 6.46 , 6.0 , 6 , 8
0 , 6.46 , 6.0 , 6 , 8
0 , 6.42 , 6.0 , 6 , 8
0 , 6.42 , 6.0 , 6 , 8
0 , 6.42 , 6.0 , 6 , 8
0 , 6.42 , 6.0 , 6 , 8
0 , 6.42 , 6.0 , 6 , 8
0 , 6.42 , 6.0 , 6 , 8
0 , 6.38 , 6.0 , 6 , 8
0 , 6.38 , 6.0 , 6 , 8
0 , 6.38 , 6.0 , 6 , 8
0 , 6.36 , 6.0 , 6 , 8
0 , 6.36 , 6.0 , 6 , 8
0 , 6.36 , 6.0 , 6 , 8
0 , 6.36 , 6.0 , 6 , 8
0 , 6.3 , 6.0 , 6 , 8
0 , 6.3 , 6.0 , 6 , 8
0 , 6.3 , 6.0 , 6 , 8
0 , 6.3 , 6.0 , 6 , 8
0 , 6.28 , 6.0 , 6 , 8
0 , 6.28 , 6.0 , 6 , 8
0 , 6.28 , 6.0 , 6 , 8
0 , 6.28 , 6.0 , 6 , 8
0 , 6.26 , 6.0 , 6 , 8
0 , 6.26 , 6.0 , 6 , 8
0 , 6.26 , 6.0 , 6 , 8
0 , 6.26 , 6.0 , 6 , 8
0 , 6.26 , 6.0 , 6 , 8
0 , 6.26 , 6.0 , 6 , 8
0 , 6.26 , 6.0 , 6 , 8
0 , 6.24 , 6.0 , 6 , 8
0 , 6.24 , 6.0 , 6 , 8
0 , 6.2 , 6.0 , 6 , 8
0 , 6.14 , 6.0 , 6 , 8
0 , 6.1 , 6.0 , 6 , 8
0 , 6.1 , 6.0 , 6 , 8
0 , 6.1 , 6.0 , 6 , 8
0 , 6.08 , 6.0 , 6 , 8
0 , 6.08 , 6.0 , 6 , 8
0 , 6.06 , 6.0 , 6 , 8
0 , 6.04 , 6.0 , 6 , 8
0 , 5.94 , 6.0 , 6 , 8
0 , 5.94 , 6.0 , 6 , 8
0 , 5.94 , 6.0 , 6 , 8
0 , 5.94 , 6.0 , 6 , 8
0 , 5.94 , 6.0 , 6 , 8
0 , 5.94 , 6.0 , 6 , 8
0 , 5.94 , 6.0 , 6 , 8
0 , 5.94 , 6.0 , 6 , 8
0 , 5.94 , 6.0 , 6 , 8
0 , 5.92 , 6.0 , 6 , 8
0 , 5.92 , 6.0 , 6 , 8
0 , 5.92 , 6.0 , 6 , 8
0 , 5.9 , 6.0 , 6 , 8
0 , 5.88 , 6.0 , 6 , 8
0 , 5.88 , 6.0 , 6 , 8
0 , 5.88 , 6.0 , 6 , 8
0 , 5.88 , 6.0 , 6 , 8
0 , 5.82 , 6.0 , 6 , 8
0 , 5.82 , 6.0 , 6 , 8
0 , 5.82 , 6.0 , 6 , 8
0 , 5.8 , 6.0 , 6 , 8
0 , 5.8 , 6.0 , 6 , 8
0 , 5.8 , 6.0 , 6 , 8
0 , 5.8 , 6.0 , 6 , 8
0 , 5.8 , 6.0 , 6 , 8
0 , 5.8 , 6.0 , 6 , 8
0 , 5.8 , 6.0 , 6 , 8
0 , 5.74 , 6.0 , 6 , 8
0 , 5.74 , 6.0 , 6 , 8
0 , 5.74 , 6.0 , 6 , 8
0 , 5.74 , 6.0 , 6 , 8
0 , 5.74 , 6.0 , 6 , 8
0 , 5.74 , 6.0 , 6 , 8
0 , 5.74 , 6.0 , 6 , 8
0 , 5.74 , 6.0 , 6 , 8
0 , 5.74 , 6.0 , 6 , 8
0 , 5.74 , 6.0 , 6 , 8
0 , 5.74 , 6.0 , 6 , 8
0 , 5.7 , 6.0 , 6 , 8
0 , 5.7 , 6.0 , 6 , 8
0 , 5.66 , 6.0 , 6 , 8
0 , 5.66 , 6.0 , 6 , 8
0 , 5.66 , 6.0 , 6 , 8
0 , 5.62 , 6.0 , 6 , 8
0 , 5.6 , 6.0 , 6 , 8
0 , 5.6 , 6.0 , 6 , 8
0 , 5.6 , 6.0 , 6 , 8
0 , 5.6 , 6.0 , 6 , 8
0 , 5.6 , 6.0 , 6 , 8
0 , 5.58 , 6.0 , 6 , 8
0 , 5.56 , 6.0 , 6 , 8
0 , 5.56 , 6.0 , 6 , 8
0 , 5.56 , 6.0 , 6 , 8
0 , 5.56 , 6.0 , 6 , 8
0 , 5.56 , 6.0 , 6 , 8
0 , 5.56 , 6.0 , 6 , 8
0 , 5.56 , 6.0 , 6 , 8
0 , 5.56 , 6.0 , 6 , 8
0 , 5.56 , 6.0 , 6 , 8
0 , 5.56 , 6.0 , 6 , 8
0 , 5.56 , 6.0 , 6 , 8
0 , 5.56 , 6.0 , 6 , 8
0 , 5.56 , 6.0 , 6 , 8
0 , 5.54 , 6.0 , 6 , 8
0 , 5.48 , 6.0 , 6 , 8
0 , 5.48 , 6.0 , 6 , 8
0 , 5.48 , 6.0 , 6 , 8
0 , 5.48 , 6.0 , 6 , 8
0 , 5.48 , 6.0 , 6 , 8
0 , 5.48 , 6.0 , 6 , 8
0 , 5.48 , 6.0 , 6 , 8
0 , 5.48 , 6.0 , 6 , 8
0 , 5.48 , 6.0 , 6 , 8
0 , 5.48 , 6.0 , 6 , 8
0 , 5.48 , 6.0 , 6 , 8
0 , 5.48 , 6.0 , 6 , 8
0 , 5.44 , 6.0 , 6 , 8
0 , 5.44 , 6.0 , 6 , 8
0 , 5.42 , 6.0 , 6 , 8
0 , 5.42 , 6.0 , 6 , 8
0 , 5.4 , 6.0 , 6 , 8
0 , 5.4 , 6.0 , 6 , 8
0 , 5.4 , 6.0 , 6 , 8
0 , 5.4 , 6.0 , 6 , 8
0 , 5.4 , 6.0 , 6 , 8
0 , 5.4 , 6.0 , 6 , 8
0 , 5.4 , 6.0 , 6 , 8
0 , 5.4 , 6.0 , 6 , 8
0 , 5.34 , 6.0 , 6 , 8
0 , 5.34 , 6.0 , 6 , 8
0 , 5.3 , 6.0 , 6 , 6
0 , 5.3 , 6.0 , 6 , 6
0 , 5.3 , 6.0 , 6 , 6
0 , 5.28 , 6.0 , 6 , 6
0 , 5.28 , 6.0 , 6 , 6
0 , 5.28 , 6.0 , 6 , 6
0 , 5.28 , 6.0 , 6 , 6
0 , 5.28 , 6.0 , 6 , 6
0 , 5.28 , 6.0 , 6 , 6
0 , 5.28 , 6.0 , 6 , 6
0 , 5.28 , 6.0 , 6 , 6
0 , 5.28 , 6.0 , 6 , 6
0 , 5.28 , 6.0 , 6 , 6
0 , 5.28 , 6.0 , 6 , 6
0 , 5.28 , 6.0 , 6 , 6
0 , 5.28 , 6.0 , 6 , 6
0 , 5.28 , 6.0 , 6 , 6
0 , 5.28 , 6.0 , 6 , 6
0 , 5.28 , 6.0 , 6 , 6
0 , 5.28 , 6.0 , 6 , 6
0 , 5.28 , 6.0 , 6 , 6
0 , 5.28 , 6.0 , 6 , 6
0 , 5.28 , 6.0 , 6 , 6
0 , 5.28 , 6.0 , 6 , 6
0 , 5.28 , 6.0 , 6 , 6
0 , 5.28 , 6.0 , 6 , 6
0 , 5.28 , 6.0 , 6 , 6
0 , 5.28 , 6.0 , 6 , 6
0 , 5.28 , 6.0 , 6 , 6
0 , 5.28 , 6.0 , 6 , 6
0 , 5.28 , 6.0 , 6 , 6
0 , 5.28 , 6.0 , 6 , 6
0 , 5.28 , 6.0 , 6 , 6
0 , 5.28 , 6.0 , 6 , 6
0 , 5.28 , 6.0 , 6 , 6
0 , 5.28 , 6.0 , 6 , 6
0 , 5.28 , 6.0 , 6 , 6
0 , 5.26 , 6.0 , 6 , 6
0 , 5.26 , 6.0 , 6 , 6
0 , 5.26 , 6.0 , 6 , 6
0 , 5.26 , 6.0 , 6 , 6
0 , 5.26 , 6.0 , 6 , 6
0 , 5.26 , 6.0 , 6 , 6
0 , 5.26 , 6.0 , 6 , 6
0 , 5.24 , 6.0 , 6 , 6
0 , 5.24 , 6.0 , 6 , 6
0 , 5.24 , 6.0 , 6 , 6
0 , 5.22 , 6.0 , 6 , 6
0 , 5.22 , 6.0 , 6 , 6
0 , 5.22 , 6.0 , 6 , 6
0 , 5.22 , 6.0 , 6 , 6
0 , 5.22 , 6.0 , 6 , 6
0 , 5.22 , 6.0 , 6 , 6
0 , 5.22 , 6.0 , 6 , 6
0 , 5.22 , 6.0 , 6 , 6
0 , 5.22 , 6.0 , 6 , 6
0 , 5.22 , 6.0 , 6 , 6
0 , 5.22 , 6.0 , 6 , 6
0 , 5.22 , 6.0 , 6 , 6
0 , 5.22 , 6.0 , 6 , 6
0 , 5.18 , 6.0 , 6 , 6
0 , 5.18 , 6.0 , 6 , 6
0 , 5.18 , 6.0 , 6 , 6
0 , 5.18 , 6.0 , 6 , 6
0 , 5.18 , 6.0 , 6 , 6
0 , 5.16 , 6.0 , 6 , 6
0 , 5.16 , 6.0 , 6 , 6
0 , 5.16 , 6.0 , 6 , 6
0 , 5.16 , 6.0 , 6 , 6
0 , 5.16 , 6.0 , 6 , 6
0 , 5.16 , 6.0 , 6 , 6
0 , 5.16 , 6.0 , 6 , 6
0 , 5.16 , 6.0 , 6 , 6
0 , 5.16 , 6.0 , 6 , 6
0 , 5.16 , 6.0 , 6 , 6
0 , 5.16 , 6.0 , 6 , 6
0 , 5.14 , 6.0 , 6 , 6
0 , 5.14 , 6.0 , 6 , 6
0 , 5.14 , 6.0 , 6 , 6
0 , 5.14 , 6.0 , 6 , 6
0 , 5.14 , 6.0 , 6 , 6
0 , 5.14 , 6.0 , 6 , 6
0 , 5.14 , 6.0 , 6 , 6
0 , 5.14 , 6.0 , 6 , 6
0 , 5.14 , 6.0 , 6 , 6
0 , 5.14 , 6.0 , 6 , 6
0 , 5.14 , 6.0 , 6 , 6
0 , 5.14 , 6.0 , 6 , 6
0 , 5.14 , 6.0 , 6 , 6
0 , 5.14 , 6.0 , 6 , 6
0 , 5.14 , 6.0 , 6 , 6
0 , 5.14 , 6.0 , 6 , 6
0 , 5.14 , 6.0 , 6 , 6
0 , 5.14 , 6.0 , 6 , 6
0 , 5.12 , 6.0 , 6 , 6
0 , 5.12 , 6.0 , 6 , 6
0 , 5.1 , 6.0 , 6 , 6
0 , 5.1 , 6.0 , 6 , 6
0 , 5.1 , 6.0 , 6 , 6
0 , 5.1 , 6.0 , 6 , 6
0 , 5.1 , 6.0 , 6 , 6
0 , 5.1 , 6.0 , 6 , 6
0 , 5.1 , 6.0 , 6 , 6
0 , 5.1 , 6.0 , 6 , 6
0 , 5.1 , 6.0 , 6 , 6
0 , 5.1 , 6.0 , 6 , 6
0 , 5.1 , 6.0 , 6 , 6
0 , 5.1 , 6.0 , 6 , 6
0 , 5.1 , 6.0 , 6 , 6
0 , 5.1 , 6.0 , 6 , 6
0 , 5.1 , 6.0 , 6 , 6
0 , 5.1 , 6.0 , 6 , 6
0 , 5.1 , 6.0 , 6 , 6
0 , 5.08 , 6.0 , 6 , 6
0 , 5.06 , 6.0 , 6 , 6
0 , 5.06 , 6.0 , 6 , 6
0 , 5.06 , 6.0 , 6 , 6
0 , 5.06 , 6.0 , 6 , 6
0 , 5.06 , 6.0 , 6 , 6
0 , 5.04 , 6.0 , 6 , 6
0 , 5.04 , 6.0 , 6 , 6
0 , 5.04 , 6.0 , 6 , 6
0 , 5.04 , 6.0 , 6 , 6
0 , 5.04 , 6.0 , 6 , 6
0 , 5.04 , 6.0 , 6 , 6
0 , 5.04 , 6.0 , 6 , 6
0 , 5.04 , 6.0 , 6 , 6
0 , 5.04 , 6.0 , 6 , 6
0 , 5.0 , 6.0 , 6 , 6
0 , 5.0 , 6.0 , 6 , 6
0 , 5.0 , 6.0 , 6 , 6
0 , 5.0 , 6.0 , 6 , 6
0 , 4.98 , 6.0 , 6 , 6
0 , 4.98 , 6.0 , 6 , 6
0 , 4.98 , 6.0 , 6 , 6
0 , 4.98 , 6.0 , 6 , 6
0 , 4.98 , 6.0 , 6 , 6
0 , 4.98 , 6.0 , 6 , 6
0 , 4.98 , 6.0 , 6 , 6
0 , 4.98 , 6.0 , 6 , 6
0 , 4.96 , 6.0 , 6 , 6
0 , 4.96 , 6.0 , 6 , 6
0 , 4.96 , 6.0 , 6 , 6
0 , 4.96 , 6.0 , 6 , 6
0 , 4.96 , 6.0 , 6 , 6
0 , 4.96 , 6.0 , 6 , 6
0 , 4.96 , 6.0 , 6 , 6
0 , 4.96 , 6.0 , 6 , 6
0 , 4.96 , 6.0 , 6 , 6
0 , 4.96 , 6.0 , 6 , 6
0 , 4.96 , 6.0 , 6 , 6
0 , 4.96 , 6.0 , 6 , 6
0 , 4.96 , 6.0 , 6 , 6
0 , 4.96 , 6.0 , 6 , 6
0 , 4.96 , 6.0 , 6 , 6
0 , 4.96 , 6.0 , 6 , 6
0 , 4.96 , 6.0 , 6 , 6
0 , 4.96 , 6.0 , 6 , 6
0 , 4.96 , 6.0 , 6 , 6
0 , 4.96 , 6.0 , 6 , 6
0 , 4.96 , 6.0 , 6 , 6
0 , 4.96 , 6.0 , 6 , 6
0 , 4.96 , 6.0 , 6 , 6
0 , 4.96 , 6.0 , 6 , 6
0 , 4.96 , 6.0 , 6 , 6
0 , 4.96 , 6.0 , 6 , 6
0 , 4.96 , 6.0 , 6 , 6
0 , 4.94 , 6.0 , 6 , 6
0 , 4.94 , 6.0 , 6 , 6
0 , 4.94 , 6.0 , 6 , 6
0 , 4.94 , 6.0 , 6 , 6
0 , 4.94 , 6.0 , 6 , 6
0 , 4.94 , 6.0 , 6 , 6
0 , 4.94 , 6.0 , 6 , 6
0 , 4.94 , 6.0 , 6 , 6
0 , 4.94 , 6.0 , 6 , 6
0 , 4.94 , 6.0 , 6 , 6
0 , 4.94 , 6.0 , 6 , 6
0 , 4.94 , 6.0 , 6 , 6
0 , 4.94 , 6.0 , 6 , 6
0 , 4.94 , 6.0 , 6 , 6
0 , 4.92 , 6.0 , 6 , 6
0 , 4.92 , 6.0 , 6 , 6
0 , 4.92 , 6.0 , 6 , 6
0 , 4.92 , 6.0 , 6 , 6
0 , 4.92 , 6.0 , 6 , 6
0 , 4.92 , 6.0 , 6 , 6
0 , 4.92 , 6.0 , 6 , 6
0 , 4.92 , 6.0 , 6 , 6
0 , 4.92 , 6.0 , 6 , 6
0 , 4.92 , 6.0 , 6 , 6
0 , 4.9 , 6.0 , 6 , 6
0 , 4.9 , 6.0 , 6 , 6
0 , 4.9 , 6.0 , 6 , 6
0 , 4.9 , 6.0 , 6 , 6
0 , 4.9 , 6.0 , 6 , 6
0 , 4.9 , 6.0 , 6 , 6
0 , 4.9 , 6.0 , 6 , 6
0 , 4.9 , 6.0 , 6 , 6
0 , 4.9 , 6.0 , 6 , 6
0 , 4.9 , 6.0 , 6 , 6
0 , 4.9 , 6.0 , 6 , 6
0 , 4.9 , 6.0 , 6 , 6
0 , 4.9 , 6.0 , 6 , 6
0 , 4.88 , 6.0 , 6 , 6
0 , 4.88 , 6.0 , 6 , 6
0 , 4.88 , 6.0 , 6 , 6
0 , 4.88 , 6.0 , 6 , 6
0 , 4.88 , 6.0 , 6 , 6
0 , 4.86 , 6.0 , 6 , 6
0 , 4.86 , 6.0 , 6 , 6
0 , 4.86 , 6.0 , 6 , 6
0 , 4.86 , 6.0 , 6 , 6
0 , 4.86 , 6.0 , 6 , 6
0 , 4.86 , 6.0 , 6 , 6
0 , 4.86 , 6.0 , 6 , 6
0 , 4.84 , 5.0 , 6 , 6
0 , 4.84 , 5.0 , 6 , 6
0 , 4.84 , 5.0 , 6 , 6
0 , 4.84 , 5.0 , 6 , 6
0 , 4.84 , 5.0 , 6 , 6
0 , 4.84 , 5.0 , 6 , 6
0 , 4.84 , 5.0 , 6 , 6
0 , 4.84 , 5.0 , 6 , 6
0 , 4.84 , 5.0 , 6 , 6
0 , 4.84 , 5.0 , 6 , 6
0 , 4.84 , 5.0 , 6 , 6
0 , 4.8 , 4.0 , 6 , 6
0 , 4.8 , 4.0 , 6 , 6
0 , 4.78 , 4.0 , 6 , 6
0 , 4.78 , 4.0 , 6 , 6
0 , 4.78 , 4.0 , 6 , 6
0 , 4.78 , 4.0 , 6 , 6
0 , 4.78 , 4.0 , 6 , 6
0 , 4.78 , 4.0 , 6 , 6
0 , 4.78 , 4.0 , 6 , 6
0 , 4.78 , 4.0 , 6 , 6
0 , 4.78 , 4.0 , 6 , 6
0 , 4.78 , 4.0 , 6 , 6
0 , 4.78 , 4.0 , 6 , 6
0 , 4.78 , 4.0 , 6 , 6
0 , 4.78 , 4.0 , 6 , 6
0 , 4.78 , 4.0 , 6 , 6
0 , 4.78 , 4.0 , 6 , 6
0 , 4.78 , 4.0 , 6 , 6
0 , 4.76 , 4.0 , 6 , 6
0 , 4.76 , 4.0 , 6 , 6
0 , 4.76 , 4.0 , 6 , 6
0 , 4.76 , 4.0 , 6 , 6
0 , 4.76 , 4.0 , 6 , 6
0 , 4.76 , 4.0 , 6 , 6
0 , 4.76 , 4.0 , 6 , 6
0 , 4.76 , 4.0 , 6 , 6
0 , 4.76 , 4.0 , 6 , 6
0 , 4.76 , 4.0 , 6 , 6
0 , 4.76 , 4.0 , 6 , 6
0 , 4.76 , 4.0 , 6 , 6
0 , 4.76 , 4.0 , 6 , 6
0 , 4.76 , 4.0 , 6 , 6
0 , 4.76 , 4.0 , 6 , 6
0 , 4.76 , 4.0 , 6 , 6
0 , 4.76 , 4.0 , 6 , 6
0 , 4.76 , 4.0 , 6 , 6
0 , 4.76 , 4.0 , 6 , 6
0 , 4.76 , 4.0 , 6 , 6
0 , 4.76 , 4.0 , 6 , 6
0 , 4.76 , 4.0 , 6 , 6
0 , 4.74 , 4.0 , 4 , 6
0 , 4.74 , 4.0 , 4 , 6
0 , 4.72 , 4.0 , 4 , 6
0 , 4.72 , 4.0 , 4 , 6
0 , 4.72 , 4.0 , 4 , 6
0 , 4.7 , 4.0 , 4 , 6
0 , 4.7 , 4.0 , 4 , 6
0 , 4.7 , 4.0 , 4 , 6
0 , 4.7 , 4.0 , 4 , 6
0 , 4.7 , 4.0 , 4 , 6
0 , 4.7 , 4.0 , 4 , 6
0 , 4.68 , 4.0 , 4 , 6
0 , 4.68 , 4.0 , 4 , 6
0 , 4.68 , 4.0 , 4 , 6
0 , 4.68 , 4.0 , 4 , 6
0 , 4.66 , 4.0 , 4 , 6
0 , 4.64 , 4.0 , 4 , 6
0 , 4.64 , 4.0 , 4 , 6
0 , 4.64 , 4.0 , 4 , 6
0 , 4.64 , 4.0 , 4 , 6
0 , 4.64 , 4.0 , 4 , 6
0 , 4.64 , 4.0 , 4 , 6
0 , 4.64 , 4.0 , 4 , 6
0 , 4.64 , 4.0 , 4 , 6
0 , 4.64 , 4.0 , 4 , 6
0 , 4.64 , 4.0 , 4 , 6
0 , 4.64 , 4.0 , 4 , 6
0 , 4.64 , 4.0 , 4 , 6
0 , 4.64 , 4.0 , 4 , 6
0 , 4.64 , 4.0 , 4 , 6
0 , 4.64 , 4.0 , 4 , 6
0 , 4.64 , 4.0 , 4 , 6
0 , 4.64 , 4.0 , 4 , 6
0 , 4.64 , 4.0 , 4 , 6
0 , 4.64 , 4.0 , 4 , 6
0 , 4.64 , 4.0 , 4 , 6
0 , 4.6 , 4.0 , 4 , 6
0 , 4.58 , 4.0 , 4 , 6
0 , 4.58 , 4.0 , 4 , 6
0 , 4.58 , 4.0 , 4 , 6
0 , 4.58 , 4.0 , 4 , 6
0 , 4.58 , 4.0 , 4 , 6
0 , 4.58 , 4.0 , 4 , 6
0 , 4.58 , 4.0 , 4 , 6
0 , 4.58 , 4.0 , 4 , 6
0 , 4.58 , 4.0 , 4 , 6
0 , 4.58 , 4.0 , 4 , 6
0 , 4.58 , 4.0 , 4 , 6
0 , 4.58 , 4.0 , 4 , 6
0 , 4.58 , 4.0 , 4 , 6
0 , 4.58 , 4.0 , 4 , 6
0 , 4.58 , 4.0 , 4 , 6
0 , 4.58 , 4.0 , 4 , 6
0 , 4.58 , 4.0 , 4 , 6
0 , 4.58 , 4.0 , 4 , 6
0 , 4.56 , 4.0 , 4 , 6
0 , 4.56 , 4.0 , 4 , 6
0 , 4.56 , 4.0 , 4 , 6
0 , 4.56 , 4.0 , 4 , 6
0 , 4.54 , 4.0 , 4 , 6
0 , 4.54 , 4.0 , 4 , 6
0 , 4.54 , 4.0 , 4 , 6
0 , 4.54 , 4.0 , 4 , 6
0 , 4.54 , 4.0 , 4 , 6
0 , 4.54 , 4.0 , 4 , 6
0 , 4.54 , 4.0 , 4 , 6
0 , 4.54 , 4.0 , 4 , 6
0 , 4.54 , 4.0 , 4 , 6
0 , 4.54 , 4.0 , 4 , 6
0 , 4.54 , 4.0 , 4 , 6
0 , 4.52 , 4.0 , 4 , 6
0 , 4.52 , 4.0 , 4 , 6
0 , 4.52 , 4.0 , 4 , 6
0 , 4.52 , 4.0 , 4 , 6
0 , 4.52 , 4.0 , 4 , 6
0 , 4.52 , 4.0 , 4 , 6
0 , 4.52 , 4.0 , 4 , 6
0 , 4.52 , 4.0 , 4 , 6
0 , 4.52 , 4.0 , 4 , 6
0 , 4.52 , 4.0 , 4 , 6
0 , 4.5 , 4.0 , 4 , 6
0 , 4.5 , 4.0 , 4 , 6
0 , 4.5 , 4.0 , 4 , 6
0 , 4.5 , 4.0 , 4 , 6
0 , 4.5 , 4.0 , 4 , 6
0 , 4.48 , 4.0 , 4 , 6
0 , 4.48 , 4.0 , 4 , 6
0 , 4.48 , 4.0 , 4 , 6
0 , 4.48 , 4.0 , 4 , 6
0 , 4.48 , 4.0 , 4 , 6
0 , 4.48 , 4.0 , 4 , 6
0 , 4.48 , 4.0 , 4 , 6
0 , 4.48 , 4.0 , 4 , 6
0 , 4.48 , 4.0 , 4 , 6
0 , 4.48 , 4.0 , 4 , 6
0 , 4.48 , 4.0 , 4 , 6
0 , 4.48 , 4.0 , 4 , 6
0 , 4.48 , 4.0 , 4 , 6
0 , 4.48 , 4.0 , 4 , 6
0 , 4.48 , 4.0 , 4 , 6
0 , 4.48 , 4.0 , 4 , 6
0 , 4.48 , 4.0 , 4 , 6
0 , 4.48 , 4.0 , 4 , 6
0 , 4.44 , 4.0 , 4 , 6
0 , 4.44 , 4.0 , 4 , 6
0 , 4.44 , 4.0 , 4 , 6
0 , 4.44 , 4.0 , 4 , 6
0 , 4.44 , 4.0 , 4 , 6
0 , 4.44 , 4.0 , 4 , 6
0 , 4.42 , 4.0 , 4 , 6
0 , 4.42 , 4.0 , 4 , 6
0 , 4.42 , 4.0 , 4 , 6
0 , 4.42 , 4.0 , 4 , 6
0 , 4.42 , 4.0 , 4 , 6
0 , 4.42 , 4.0 , 4 , 6
0 , 4.42 , 4.0 , 4 , 6
0 , 4.42 , 4.0 , 4 , 6
0 , 4.42 , 4.0 , 4 , 6
0 , 4.42 , 4.0 , 4 , 6
0 , 4.42 , 4.0 , 4 , 6
0 , 4.42 , 4.0 , 4 , 6
0 , 4.42 , 4.0 , 4 , 6
0 , 4.42 , 4.0 , 4 , 6
0 , 4.42 , 4.0 , 4 , 6
0 , 4.42 , 4.0 , 4 , 6
0 , 4.42 , 4.0 , 4 , 6
0 , 4.42 , 4.0 , 4 , 6
0 , 4.42 , 4.0 , 4 , 6
0 , 4.42 , 4.0 , 4 , 6
0 , 4.42 , 4.0 , 4 , 6
0 , 4.4 , 4.0 , 4 , 6
0 , 4.4 , 4.0 , 4 , 6
0 , 4.38 , 4.0 , 4 , 6
0 , 4.38 , 4.0 , 4 , 6
0 , 4.38 , 4.0 , 4 , 6
0 , 4.38 , 4.0 , 4 , 6
0 , 4.36 , 4.0 , 4 , 6
0 , 4.36 , 4.0 , 4 , 6
0 , 4.36 , 4.0 , 4 , 6
0 , 4.36 , 4.0 , 4 , 6
0 , 4.34 , 4.0 , 4 , 6
0 , 4.32 , 4.0 , 4 , 6
0 , 4.32 , 4.0 , 4 , 6
0 , 4.32 , 4.0 , 4 , 6
0 , 4.32 , 4.0 , 4 , 6
0 , 4.32 , 4.0 , 4 , 6
0 , 4.32 , 4.0 , 4 , 6
0 , 4.3 , 4.0 , 4 , 6
0 , 4.3 , 4.0 , 4 , 6
0 , 4.3 , 4.0 , 4 , 6
0 , 4.3 , 4.0 , 4 , 6
0 , 4.3 , 4.0 , 4 , 6
0 , 4.3 , 4.0 , 4 , 6
0 , 4.3 , 4.0 , 4 , 6
0 , 4.3 , 4.0 , 4 , 6
0 , 4.3 , 4.0 , 4 , 6
0 , 4.28 , 4.0 , 4 , 6
0 , 4.28 , 4.0 , 4 , 6
0 , 4.28 , 4.0 , 4 , 6
0 , 4.28 , 4.0 , 4 , 6
0 , 4.28 , 4.0 , 4 , 6
0 , 4.28 , 4.0 , 4 , 6
0 , 4.28 , 4.0 , 4 , 6
0 , 4.26 , 4.0 , 4 , 6
0 , 4.26 , 4.0 , 4 , 6
0 , 4.26 , 4.0 , 4 , 6
0 , 4.26 , 4.0 , 4 , 6
0 , 4.26 , 4.0 , 4 , 6
0 , 4.26 , 4.0 , 4 , 6
0 , 4.26 , 4.0 , 4 , 6
0 , 4.26 , 4.0 , 4 , 6
0 , 4.26 , 4.0 , 4 , 6
0 , 4.26 , 4.0 , 4 , 6
0 , 4.26 , 4.0 , 4 , 6
0 , 4.26 , 4.0 , 4 , 6
0 , 4.26 , 4.0 , 4 , 6
0 , 4.26 , 4.0 , 4 , 6
0 , 4.26 , 4.0 , 4 , 6
0 , 4.26 , 4.0 , 4 , 6
0 , 4.26 , 4.0 , 4 , 6
0 , 4.26 , 4.0 , 4 , 6
0 , 4.26 , 4.0 , 4 , 6
0 , 4.26 , 4.0 , 4 , 6
0 , 4.24 , 4.0 , 4 , 6
0 , 4.24 , 4.0 , 4 , 6
0 , 4.24 , 4.0 , 4 , 6
0 , 4.24 , 4.0 , 4 , 6
0 , 4.24 , 4.0 , 4 , 6
0 , 4.24 , 4.0 , 4 , 6
0 , 4.24 , 4.0 , 4 , 6
0 , 4.24 , 4.0 , 4 , 6
0 , 4.24 , 4.0 , 4 , 6
0 , 4.18 , 4.0 , 4 , 6
0 , 4.18 , 4.0 , 4 , 6
0 , 4.18 , 4.0 , 4 , 6
0 , 4.18 , 4.0 , 4 , 6
0 , 4.18 , 4.0 , 4 , 6
0 , 4.18 , 4.0 , 4 , 6
0 , 4.18 , 4.0 , 4 , 6
0 , 4.18 , 4.0 , 4 , 6
0 , 4.18 , 4.0 , 4 , 6
0 , 4.18 , 4.0 , 4 , 6
0 , 4.18 , 4.0 , 4 , 6
0 , 4.18 , 4.0 , 4 , 6
0 , 4.18 , 4.0 , 4 , 6
0 , 4.18 , 4.0 , 4 , 6
0 , 4.18 , 4.0 , 4 , 6
0 , 4.18 , 4.0 , 4 , 6
0 , 4.18 , 4.0 , 4 , 6
0 , 4.18 , 4.0 , 4 , 6
0 , 4.18 , 4.0 , 4 , 6
3  Perfect solutions
perfect solution individuals [[5, 2, 4, 6, 0, 3, 1, 7], [5, 2, 4, 6, 0, 3, 1, 7], [2, 5, 1, 6, 4, 0, 7, 3]]
