8 , 15.62 , 16.0 , 14 , 26
8 , 15.4 , 16.0 , 14 , 24
8 , 15.28 , 16.0 , 14 , 24
8 , 15.16 , 15.0 , 14 , 22
8 , 15.04 , 14.0 , 14 , 22
8 , 15.02 , 14.0 , 14 , 22
8 , 14.78 , 14.0 , 14 , 22
8 , 14.68 , 14.0 , 14 , 20
8 , 14.52 , 14.0 , 12 , 20
8 , 14.3 , 14.0 , 12 , 20
8 , 14.18 , 14.0 , 12 , 20
8 , 14.1 , 14.0 , 12 , 20
6 , 13.88 , 14.0 , 12 , 20
6 , 13.8 , 14.0 , 12 , 18
6 , 13.78 , 14.0 , 12 , 18
6 , 13.68 , 14.0 , 12 , 18
6 , 13.54 , 14.0 , 12 , 18
6 , 13.5 , 14.0 , 12 , 18
6 , 13.36 , 14.0 , 12 , 18
6 , 13.28 , 14.0 , 12 , 18
6 , 13.14 , 14.0 , 12 , 18
6 , 13.02 , 13.0 , 12 , 18
6 , 12.98 , 13.0 , 12 , 18
6 , 12.82 , 12.0 , 12 , 18
6 , 12.68 , 12.0 , 12 , 18
6 , 12.6 , 12.0 , 12 , 16
6 , 12.58 , 12.0 , 12 , 16
6 , 12.56 , 12.0 , 12 , 16
6 , 12.54 , 12.0 , 12 , 16
6 , 12.44 , 12.0 , 12 , 16
6 , 12.42 , 12.0 , 12 , 16
6 , 12.32 , 12.0 , 12 , 16
6 , 12.24 , 12.0 , 12 , 16
6 , 12.12 , 12.0 , 12 , 16
6 , 12.0 , 12.0 , 12 , 16
6 , 11.98 , 12.0 , 12 , 16
6 , 11.96 , 12.0 , 12 , 16
6 , 11.82 , 12.0 , 12 , 16
6 , 11.78 , 12.0 , 12 , 16
6 , 11.72 , 12.0 , 12 , 16
6 , 11.7 , 12.0 , 12 , 14
6 , 11.68 , 12.0 , 12 , 14
6 , 11.66 , 12.0 , 12 , 14
6 , 11.62 , 12.0 , 12 , 14
6 , 11.62 , 12.0 , 12 , 14
6 , 11.58 , 12.0 , 12 , 14
6 , 11.54 , 12.0 , 12 , 14
6 , 11.54 , 12.0 , 12 , 14
6 , 11.5 , 12.0 , 12 , 14
6 , 11.44 , 12.0 , 12 , 14
6 , 11.4 , 12.0 , 12 , 14
6 , 11.3 , 12.0 , 12 , 14
6 , 11.24 , 12.0 , 12 , 14
6 , 11.16 , 12.0 , 12 , 14
6 , 11.12 , 12.0 , 12 , 14
6 , 11.1 , 12.0 , 12 , 14
6 , 11.08 , 12.0 , 12 , 14
6 , 11.04 , 12.0 , 12 , 14
6 , 11.02 , 12.0 , 12 , 14
6 , 11.0 , 12.0 , 12 , 14
6 , 11.0 , 12.0 , 12 , 14
6 , 10.88 , 12.0 , 12 , 14
6 , 10.86 , 12.0 , 12 , 14
6 , 10.7 , 12.0 , 12 , 14
6 , 10.66 , 12.0 , 12 , 14
6 , 10.66 , 12.0 , 12 , 14
6 , 10.64 , 12.0 , 12 , 14
6 , 10.62 , 12.0 , 12 , 14
6 , 10.6 , 12.0 , 12 , 14
6 , 10.6 , 12.0 , 12 , 14
6 , 10.52 , 12.0 , 12 , 14
6 , 10.48 , 11.0 , 12 , 12
6 , 10.48 , 11.0 , 12 , 12
6 , 10.48 , 11.0 , 12 , 12
6 , 10.46 , 10.0 , 12 , 12
6 , 10.46 , 10.0 , 12 , 12
6 , 10.46 , 10.0 , 12 , 12
6 , 10.46 , 10.0 , 12 , 12
6 , 10.44 , 10.0 , 12 , 12
6 , 10.44 , 10.0 , 12 , 12
6 , 10.44 , 10.0 , 12 , 12
6 , 10.42 , 10.0 , 12 , 12
6 , 10.42 , 10.0 , 12 , 12
6 , 10.32 , 10.0 , 12 , 12
6 , 10.3 , 10.0 , 12 , 12
6 , 10.28 , 10.0 , 12 , 12
6 , 10.24 , 10.0 , 12 , 12
6 , 10.24 , 10.0 , 12 , 12
6 , 10.24 , 10.0 , 12 , 12
6 , 10.22 , 10.0 , 12 , 12
6 , 10.22 , 10.0 , 12 , 12
6 , 10.22 , 10.0 , 12 , 12
6 , 10.22 , 10.0 , 12 , 12
4 , 10.14 , 10.0 , 12 , 12
4 , 10.04 , 10.0 , 12 , 12
4 , 9.98 , 10.0 , 12 , 12
4 , 9.94 , 10.0 , 12 , 12
4 , 9.94 , 10.0 , 12 , 12
4 , 9.94 , 10.0 , 12 , 12
4 , 9.88 , 10.0 , 10 , 12
4 , 9.88 , 10.0 , 10 , 12
4 , 9.88 , 10.0 , 10 , 12
4 , 9.84 , 10.0 , 10 , 12
4 , 9.8 , 10.0 , 10 , 12
4 , 9.8 , 10.0 , 10 , 12
4 , 9.76 , 10.0 , 10 , 12
4 , 9.76 , 10.0 , 10 , 12
4 , 9.72 , 10.0 , 10 , 12
4 , 9.72 , 10.0 , 10 , 12
4 , 9.72 , 10.0 , 10 , 12
4 , 9.66 , 10.0 , 10 , 12
4 , 9.64 , 10.0 , 10 , 12
4 , 9.64 , 10.0 , 10 , 12
4 , 9.6 , 10.0 , 10 , 12
4 , 9.58 , 10.0 , 10 , 12
4 , 9.58 , 10.0 , 10 , 12
4 , 9.56 , 10.0 , 10 , 12
4 , 9.48 , 10.0 , 10 , 12
4 , 9.48 , 10.0 , 10 , 12
4 , 9.44 , 10.0 , 10 , 12
4 , 9.44 , 10.0 , 10 , 12
4 , 9.44 , 10.0 , 10 , 12
4 , 9.42 , 10.0 , 10 , 12
4 , 9.4 , 10.0 , 10 , 12
4 , 9.32 , 10.0 , 10 , 12
4 , 9.28 , 10.0 , 10 , 12
4 , 9.26 , 10.0 , 10 , 12
4 , 9.26 , 10.0 , 10 , 12
4 , 9.2 , 10.0 , 10 , 12
4 , 9.12 , 10.0 , 10 , 12
4 , 9.12 , 10.0 , 10 , 12
4 , 9.02 , 10.0 , 10 , 12
4 , 9.02 , 10.0 , 10 , 12
4 , 9.02 , 10.0 , 10 , 12
4 , 8.94 , 10.0 , 10 , 12
4 , 8.92 , 10.0 , 10 , 12
4 , 8.92 , 10.0 , 10 , 12
4 , 8.9 , 10.0 , 10 , 12
4 , 8.9 , 10.0 , 10 , 12
4 , 8.86 , 10.0 , 10 , 12
4 , 8.86 , 10.0 , 10 , 12
4 , 8.84 , 10.0 , 10 , 12
4 , 8.8 , 10.0 , 10 , 12
4 , 8.8 , 10.0 , 10 , 12
4 , 8.78 , 10.0 , 10 , 12
4 , 8.74 , 10.0 , 10 , 12
4 , 8.74 , 10.0 , 10 , 12
4 , 8.72 , 10.0 , 10 , 12
4 , 8.68 , 10.0 , 10 , 10
4 , 8.68 , 10.0 , 10 , 10
4 , 8.66 , 10.0 , 10 , 10
4 , 8.64 , 9.0 , 10 , 10
4 , 8.64 , 9.0 , 10 , 10
4 , 8.64 , 9.0 , 10 , 10
4 , 8.62 , 8.0 , 10 , 10
4 , 8.62 , 8.0 , 10 , 10
4 , 8.62 , 8.0 , 10 , 10
4 , 8.56 , 8.0 , 10 , 10
4 , 8.52 , 8.0 , 10 , 10
4 , 8.52 , 8.0 , 10 , 10
4 , 8.48 , 8.0 , 10 , 10
4 , 8.46 , 8.0 , 10 , 10
4 , 8.46 , 8.0 , 10 , 10
4 , 8.46 , 8.0 , 10 , 10
4 , 8.44 , 8.0 , 10 , 10
4 , 8.42 , 8.0 , 10 , 10
4 , 8.42 , 8.0 , 10 , 10
4 , 8.38 , 8.0 , 10 , 10
4 , 8.36 , 8.0 , 10 , 10
4 , 8.34 , 8.0 , 8 , 10
4 , 8.32 , 8.0 , 8 , 10
4 , 8.32 , 8.0 , 8 , 10
4 , 8.3 , 8.0 , 8 , 10
4 , 8.3 , 8.0 , 8 , 10
4 , 8.28 , 8.0 , 8 , 10
4 , 8.26 , 8.0 , 8 , 10
4 , 8.24 , 8.0 , 8 , 10
4 , 8.22 , 8.0 , 8 , 10
4 , 8.22 , 8.0 , 8 , 10
4 , 8.22 , 8.0 , 8 , 10
4 , 8.22 , 8.0 , 8 , 10
4 , 8.22 , 8.0 , 8 , 10
4 , 8.2 , 8.0 , 8 , 10
4 , 8.2 , 8.0 , 8 , 10
4 , 8.18 , 8.0 , 8 , 10
4 , 8.18 , 8.0 , 8 , 10
4 , 8.18 , 8.0 , 8 , 10
4 , 8.18 , 8.0 , 8 , 10
4 , 8.16 , 8.0 , 8 , 10
4 , 8.14 , 8.0 , 8 , 10
4 , 8.12 , 8.0 , 8 , 10
4 , 8.06 , 8.0 , 8 , 10
4 , 8.06 , 8.0 , 8 , 10
4 , 8.06 , 8.0 , 8 , 10
4 , 8.06 , 8.0 , 8 , 10
4 , 8.02 , 8.0 , 8 , 10
4 , 8.0 , 8.0 , 8 , 10
4 , 8.0 , 8.0 , 8 , 10
4 , 7.96 , 8.0 , 8 , 10
4 , 7.92 , 8.0 , 8 , 10
4 , 7.92 , 8.0 , 8 , 10
4 , 7.88 , 8.0 , 8 , 10
4 , 7.86 , 8.0 , 8 , 10
4 , 7.76 , 8.0 , 8 , 10
4 , 7.76 , 8.0 , 8 , 10
4 , 7.76 , 8.0 , 8 , 10
4 , 7.76 , 8.0 , 8 , 10
4 , 7.74 , 8.0 , 8 , 10
4 , 7.74 , 8.0 , 8 , 10
4 , 7.7 , 8.0 , 8 , 10
4 , 7.68 , 8.0 , 8 , 10
4 , 7.68 , 8.0 , 8 , 10
4 , 7.68 , 8.0 , 8 , 10
4 , 7.62 , 8.0 , 8 , 10
4 , 7.58 , 8.0 , 8 , 10
4 , 7.54 , 8.0 , 8 , 10
4 , 7.5 , 8.0 , 8 , 10
4 , 7.5 , 8.0 , 8 , 10
4 , 7.5 , 8.0 , 8 , 10
4 , 7.5 , 8.0 , 8 , 10
4 , 7.5 , 8.0 , 8 , 10
4 , 7.5 , 8.0 , 8 , 10
4 , 7.5 , 8.0 , 8 , 10
4 , 7.48 , 8.0 , 8 , 10
4 , 7.48 , 8.0 , 8 , 10
4 , 7.4 , 8.0 , 8 , 10
4 , 7.4 , 8.0 , 8 , 10
4 , 7.36 , 8.0 , 8 , 10
4 , 7.32 , 8.0 , 8 , 10
2 , 7.24 , 8.0 , 8 , 10
2 , 7.24 , 8.0 , 8 , 10
2 , 7.24 , 8.0 , 8 , 10
2 , 7.22 , 8.0 , 8 , 10
2 , 7.2 , 8.0 , 8 , 8
2 , 7.2 , 8.0 , 8 , 8
2 , 7.16 , 8.0 , 8 , 8
2 , 7.16 , 8.0 , 8 , 8
2 , 7.14 , 8.0 , 8 , 8
2 , 7.14 , 8.0 , 8 , 8
2 , 7.14 , 8.0 , 8 , 8
2 , 7.14 , 8.0 , 8 , 8
2 , 7.14 , 8.0 , 8 , 8
2 , 7.12 , 8.0 , 8 , 8
2 , 7.12 , 8.0 , 8 , 8
2 , 7.12 , 8.0 , 8 , 8
2 , 7.12 , 8.0 , 8 , 8
2 , 7.12 , 8.0 , 8 , 8
2 , 7.12 , 8.0 , 8 , 8
2 , 7.12 , 8.0 , 8 , 8
2 , 7.12 , 8.0 , 8 , 8
2 , 7.12 , 8.0 , 8 , 8
2 , 7.12 , 8.0 , 8 , 8
2 , 7.12 , 8.0 , 8 , 8
2 , 7.08 , 8.0 , 8 , 8
2 , 7.08 , 8.0 , 8 , 8
2 , 7.08 , 8.0 , 8 , 8
2 , 7.08 , 8.0 , 8 , 8
2 , 7.08 , 8.0 , 8 , 8
2 , 7.08 , 8.0 , 8 , 8
2 , 7.08 , 8.0 , 8 , 8
2 , 7.08 , 8.0 , 8 , 8
2 , 7.08 , 8.0 , 8 , 8
2 , 7.08 , 8.0 , 8 , 8
2 , 7.08 , 8.0 , 8 , 8
2 , 7.08 , 8.0 , 8 , 8
2 , 7.08 , 8.0 , 8 , 8
2 , 7.08 , 8.0 , 8 , 8
2 , 7.08 , 8.0 , 8 , 8
2 , 7.08 , 8.0 , 8 , 8
2 , 7.08 , 8.0 , 8 , 8
2 , 7.08 , 8.0 , 8 , 8
2 , 7.06 , 8.0 , 8 , 8
2 , 7.06 , 8.0 , 8 , 8
2 , 7.06 , 8.0 , 8 , 8
2 , 7.04 , 8.0 , 8 , 8
2 , 7.04 , 8.0 , 8 , 8
2 , 7.04 , 8.0 , 8 , 8
2 , 7.04 , 8.0 , 8 , 8
2 , 7.04 , 8.0 , 8 , 8
2 , 7.04 , 8.0 , 8 , 8
2 , 7.04 , 8.0 , 8 , 8
2 , 7.02 , 8.0 , 8 , 8
2 , 7.0 , 8.0 , 8 , 8
2 , 7.0 , 8.0 , 8 , 8
2 , 7.0 , 8.0 , 8 , 8
2 , 7.0 , 8.0 , 8 , 8
2 , 7.0 , 8.0 , 8 , 8
2 , 6.94 , 8.0 , 8 , 8
2 , 6.92 , 8.0 , 8 , 8
2 , 6.88 , 8.0 , 8 , 8
2 , 6.88 , 8.0 , 8 , 8
2 , 6.86 , 8.0 , 8 , 8
2 , 6.86 , 8.0 , 8 , 8
2 , 6.86 , 8.0 , 8 , 8
2 , 6.86 , 8.0 , 8 , 8
2 , 6.86 , 8.0 , 8 , 8
2 , 6.86 , 8.0 , 8 , 8
2 , 6.86 , 8.0 , 8 , 8
2 , 6.86 , 8.0 , 8 , 8
2 , 6.84 , 8.0 , 8 , 8
2 , 6.84 , 8.0 , 8 , 8
2 , 6.84 , 8.0 , 8 , 8
2 , 6.78 , 8.0 , 8 , 8
2 , 6.78 , 8.0 , 8 , 8
2 , 6.78 , 8.0 , 8 , 8
2 , 6.78 , 8.0 , 8 , 8
2 , 6.78 , 8.0 , 8 , 8
2 , 6.78 , 8.0 , 8 , 8
2 , 6.76 , 8.0 , 8 , 8
2 , 6.76 , 8.0 , 8 , 8
2 , 6.76 , 8.0 , 8 , 8
2 , 6.74 , 8.0 , 8 , 8
2 , 6.74 , 8.0 , 8 , 8
2 , 6.74 , 8.0 , 8 , 8
2 , 6.72 , 7.0 , 8 , 8
2 , 6.72 , 7.0 , 8 , 8
2 , 6.72 , 7.0 , 8 , 8
2 , 6.72 , 7.0 , 8 , 8
2 , 6.72 , 7.0 , 8 , 8
2 , 6.72 , 7.0 , 8 , 8
2 , 6.7 , 6.0 , 8 , 8
2 , 6.66 , 6.0 , 8 , 8
2 , 6.66 , 6.0 , 8 , 8
2 , 6.66 , 6.0 , 8 , 8
2 , 6.66 , 6.0 , 8 , 8
2 , 6.66 , 6.0 , 8 , 8
2 , 6.66 , 6.0 , 8 , 8
2 , 6.66 , 6.0 , 8 , 8
2 , 6.66 , 6.0 , 8 , 8
2 , 6.62 , 6.0 , 8 , 8
2 , 6.62 , 6.0 , 8 , 8
2 , 6.62 , 6.0 , 8 , 8
2 , 6.62 , 6.0 , 8 , 8
2 , 6.62 , 6.0 , 8 , 8
2 , 6.6 , 6.0 , 8 , 8
2 , 6.6 , 6.0 , 8 , 8
2 , 6.6 , 6.0 , 8 , 8
2 , 6.6 , 6.0 , 8 , 8
2 , 6.6 , 6.0 , 8 , 8
2 , 6.6 , 6.0 , 8 , 8
2 , 6.6 , 6.0 , 8 , 8
2 , 6.6 , 6.0 , 8 , 8
2 , 6.58 , 6.0 , 8 , 8
2 , 6.58 , 6.0 , 8 , 8
2 , 6.58 , 6.0 , 8 , 8
2 , 6.58 , 6.0 , 8 , 8
2 , 6.56 , 6.0 , 8 , 8
2 , 6.54 , 6.0 , 6 , 8
2 , 6.54 , 6.0 , 6 , 8
2 , 6.54 , 6.0 , 6 , 8
2 , 6.52 , 6.0 , 6 , 8
2 , 6.52 , 6.0 , 6 , 8
2 , 6.52 , 6.0 , 6 , 8
2 , 6.52 , 6.0 , 6 , 8
2 , 6.5 , 6.0 , 6 , 8
2 , 6.5 , 6.0 , 6 , 8
2 , 6.5 , 6.0 , 6 , 8
2 , 6.5 , 6.0 , 6 , 8
2 , 6.5 , 6.0 , 6 , 8
2 , 6.48 , 6.0 , 6 , 8
2 , 6.48 , 6.0 , 6 , 8
2 , 6.48 , 6.0 , 6 , 8
2 , 6.48 , 6.0 , 6 , 8
2 , 6.48 , 6.0 , 6 , 8
2 , 6.48 , 6.0 , 6 , 8
2 , 6.48 , 6.0 , 6 , 8
2 , 6.48 , 6.0 , 6 , 8
2 , 6.48 , 6.0 , 6 , 8
2 , 6.46 , 6.0 , 6 , 8
2 , 6.46 , 6.0 , 6 , 8
2 , 6.46 , 6.0 , 6 , 8
2 , 6.42 , 6.0 , 6 , 8
2 , 6.42 , 6.0 , 6 , 8
2 , 6.42 , 6.0 , 6 , 8
2 , 6.42 , 6.0 , 6 , 8
2 , 6.4 , 6.0 , 6 , 8
2 , 6.4 , 6.0 , 6 , 8
2 , 6.4 , 6.0 , 6 , 8
2 , 6.4 , 6.0 , 6 , 8
2 , 6.4 , 6.0 , 6 , 8
2 , 6.4 , 6.0 , 6 , 8
2 , 6.4 , 6.0 , 6 , 8
2 , 6.36 , 6.0 , 6 , 8
2 , 6.36 , 6.0 , 6 , 8
2 , 6.36 , 6.0 , 6 , 8
2 , 6.36 , 6.0 , 6 , 8
2 , 6.34 , 6.0 , 6 , 8
2 , 6.26 , 6.0 , 6 , 8
2 , 6.24 , 6.0 , 6 , 8
2 , 6.22 , 6.0 , 6 , 8
2 , 6.18 , 6.0 , 6 , 8
2 , 6.08 , 6.0 , 6 , 8
2 , 6.06 , 6.0 , 6 , 8
2 , 6.06 , 6.0 , 6 , 8
2 , 6.02 , 6.0 , 6 , 8
2 , 6.0 , 6.0 , 6 , 8
2 , 6.0 , 6.0 , 6 , 8
2 , 5.96 , 6.0 , 6 , 8
2 , 5.96 , 6.0 , 6 , 8
2 , 5.96 , 6.0 , 6 , 8
2 , 5.96 , 6.0 , 6 , 8
2 , 5.94 , 6.0 , 6 , 8
2 , 5.94 , 6.0 , 6 , 8
2 , 5.94 , 6.0 , 6 , 8
2 , 5.9 , 6.0 , 6 , 8
2 , 5.84 , 6.0 , 6 , 8
2 , 5.84 , 6.0 , 6 , 8
2 , 5.84 , 6.0 , 6 , 8
2 , 5.84 , 6.0 , 6 , 8
2 , 5.84 , 6.0 , 6 , 8
2 , 5.84 , 6.0 , 6 , 8
2 , 5.84 , 6.0 , 6 , 8
2 , 5.84 , 6.0 , 6 , 8
2 , 5.84 , 6.0 , 6 , 8
2 , 5.84 , 6.0 , 6 , 8
2 , 5.8 , 6.0 , 6 , 8
2 , 5.78 , 6.0 , 6 , 8
2 , 5.78 , 6.0 , 6 , 8
2 , 5.76 , 6.0 , 6 , 8
2 , 5.74 , 6.0 , 6 , 8
2 , 5.72 , 6.0 , 6 , 8
2 , 5.72 , 6.0 , 6 , 8
2 , 5.72 , 6.0 , 6 , 8
2 , 5.66 , 6.0 , 6 , 8
2 , 5.66 , 6.0 , 6 , 8
2 , 5.66 , 6.0 , 6 , 8
2 , 5.66 , 6.0 , 6 , 8
2 , 5.66 , 6.0 , 6 , 8
2 , 5.66 , 6.0 , 6 , 8
2 , 5.66 , 6.0 , 6 , 8
2 , 5.66 , 6.0 , 6 , 8
2 , 5.56 , 6.0 , 6 , 8
2 , 5.54 , 6.0 , 6 , 8
2 , 5.52 , 6.0 , 6 , 8
2 , 5.52 , 6.0 , 6 , 8
2 , 5.52 , 6.0 , 6 , 8
2 , 5.52 , 6.0 , 6 , 8
2 , 5.5 , 6.0 , 6 , 8
2 , 5.46 , 6.0 , 6 , 8
2 , 5.46 , 6.0 , 6 , 8
2 , 5.46 , 6.0 , 6 , 8
2 , 5.46 , 6.0 , 6 , 8
2 , 5.44 , 6.0 , 6 , 8
2 , 5.44 , 6.0 , 6 , 8
2 , 5.44 , 6.0 , 6 , 8
2 , 5.44 , 6.0 , 6 , 8
2 , 5.44 , 6.0 , 6 , 8
2 , 5.44 , 6.0 , 6 , 8
2 , 5.4 , 6.0 , 6 , 8
2 , 5.38 , 6.0 , 6 , 8
2 , 5.38 , 6.0 , 6 , 8
2 , 5.38 , 6.0 , 6 , 8
2 , 5.38 , 6.0 , 6 , 8
2 , 5.38 , 6.0 , 6 , 8
2 , 5.38 , 6.0 , 6 , 8
2 , 5.34 , 6.0 , 6 , 6
2 , 5.34 , 6.0 , 6 , 6
2 , 5.3 , 6.0 , 6 , 6
2 , 5.3 , 6.0 , 6 , 6
2 , 5.3 , 6.0 , 6 , 6
2 , 5.3 , 6.0 , 6 , 6
2 , 5.3 , 6.0 , 6 , 6
2 , 5.3 , 6.0 , 6 , 6
2 , 5.3 , 6.0 , 6 , 6
2 , 5.3 , 6.0 , 6 , 6
2 , 5.3 , 6.0 , 6 , 6
2 , 5.3 , 6.0 , 6 , 6
2 , 5.3 , 6.0 , 6 , 6
2 , 5.3 , 6.0 , 6 , 6
2 , 5.3 , 6.0 , 6 , 6
2 , 5.26 , 6.0 , 6 , 6
2 , 5.26 , 6.0 , 6 , 6
2 , 5.22 , 6.0 , 6 , 6
2 , 5.22 , 6.0 , 6 , 6
2 , 5.22 , 6.0 , 6 , 6
2 , 5.22 , 6.0 , 6 , 6
2 , 5.22 , 6.0 , 6 , 6
2 , 5.22 , 6.0 , 6 , 6
2 , 5.22 , 6.0 , 6 , 6
2 , 5.22 , 6.0 , 6 , 6
2 , 5.2 , 6.0 , 6 , 6
2 , 5.18 , 6.0 , 6 , 6
2 , 5.18 , 6.0 , 6 , 6
2 , 5.18 , 6.0 , 6 , 6
2 , 5.18 , 6.0 , 6 , 6
2 , 5.18 , 6.0 , 6 , 6
2 , 5.18 , 6.0 , 6 , 6
2 , 5.16 , 6.0 , 6 , 6
2 , 5.16 , 6.0 , 6 , 6
2 , 5.16 , 6.0 , 6 , 6
2 , 5.14 , 6.0 , 6 , 6
2 , 5.12 , 6.0 , 6 , 6
2 , 5.12 , 6.0 , 6 , 6
2 , 5.12 , 6.0 , 6 , 6
2 , 5.12 , 6.0 , 6 , 6
2 , 5.12 , 6.0 , 6 , 6
2 , 5.12 , 6.0 , 6 , 6
2 , 5.12 , 6.0 , 6 , 6
2 , 5.12 , 6.0 , 6 , 6
2 , 5.12 , 6.0 , 6 , 6
2 , 5.12 , 6.0 , 6 , 6
0 , 5.06 , 6.0 , 6 , 6
0 , 5.06 , 6.0 , 6 , 6
0 , 5.06 , 6.0 , 6 , 6
0 , 5.06 , 6.0 , 6 , 6
0 , 5.06 , 6.0 , 6 , 6
0 , 5.06 , 6.0 , 6 , 6
0 , 5.06 , 6.0 , 6 , 6
0 , 5.06 , 6.0 , 6 , 6
0 , 5.06 , 6.0 , 6 , 6
0 , 5.06 , 6.0 , 6 , 6
0 , 5.06 , 6.0 , 6 , 6
0 , 5.02 , 6.0 , 6 , 6
0 , 5.02 , 6.0 , 6 , 6
0 , 5.02 , 6.0 , 6 , 6
0 , 4.98 , 6.0 , 6 , 6
0 , 4.98 , 6.0 , 6 , 6
0 , 4.98 , 6.0 , 6 , 6
0 , 4.98 , 6.0 , 6 , 6
0 , 4.98 , 6.0 , 6 , 6
0 , 4.98 , 6.0 , 6 , 6
0 , 4.98 , 6.0 , 6 , 6
0 , 4.98 , 6.0 , 6 , 6
0 , 4.98 , 6.0 , 6 , 6
0 , 4.96 , 6.0 , 6 , 6
0 , 4.96 , 6.0 , 6 , 6
0 , 4.96 , 6.0 , 6 , 6
0 , 4.96 , 6.0 , 6 , 6
0 , 4.96 , 6.0 , 6 , 6
0 , 4.96 , 6.0 , 6 , 6
0 , 4.96 , 6.0 , 6 , 6
0 , 4.96 , 6.0 , 6 , 6
0 , 4.96 , 6.0 , 6 , 6
0 , 4.96 , 6.0 , 6 , 6
0 , 4.96 , 6.0 , 6 , 6
0 , 4.96 , 6.0 , 6 , 6
0 , 4.96 , 6.0 , 6 , 6
0 , 4.96 , 6.0 , 6 , 6
0 , 4.96 , 6.0 , 6 , 6
0 , 4.96 , 6.0 , 6 , 6
0 , 4.96 , 6.0 , 6 , 6
0 , 4.94 , 6.0 , 6 , 6
0 , 4.94 , 6.0 , 6 , 6
0 , 4.94 , 6.0 , 6 , 6
0 , 4.94 , 6.0 , 6 , 6
0 , 4.92 , 6.0 , 6 , 6
0 , 4.9 , 6.0 , 6 , 6
0 , 4.9 , 6.0 , 6 , 6
0 , 4.9 , 6.0 , 6 , 6
0 , 4.9 , 6.0 , 6 , 6
0 , 4.9 , 6.0 , 6 , 6
0 , 4.9 , 6.0 , 6 , 6
0 , 4.9 , 6.0 , 6 , 6
0 , 4.9 , 6.0 , 6 , 6
0 , 4.9 , 6.0 , 6 , 6
0 , 4.88 , 6.0 , 6 , 6
0 , 4.84 , 6.0 , 6 , 6
0 , 4.8 , 5.0 , 6 , 6
0 , 4.78 , 4.0 , 6 , 6
0 , 4.78 , 4.0 , 6 , 6
0 , 4.76 , 4.0 , 6 , 6
0 , 4.72 , 4.0 , 6 , 6
0 , 4.7 , 4.0 , 4 , 6
0 , 4.7 , 4.0 , 4 , 6
0 , 4.7 , 4.0 , 4 , 6
0 , 4.7 , 4.0 , 4 , 6
0 , 4.7 , 4.0 , 4 , 6
0 , 4.7 , 4.0 , 4 , 6
0 , 4.7 , 4.0 , 4 , 6
0 , 4.7 , 4.0 , 4 , 6
0 , 4.7 , 4.0 , 4 , 6
0 , 4.7 , 4.0 , 4 , 6
0 , 4.7 , 4.0 , 4 , 6
0 , 4.7 , 4.0 , 4 , 6
0 , 4.68 , 4.0 , 4 , 6
0 , 4.66 , 4.0 , 4 , 6
0 , 4.64 , 4.0 , 4 , 6
0 , 4.64 , 4.0 , 4 , 6
0 , 4.64 , 4.0 , 4 , 6
0 , 4.64 , 4.0 , 4 , 6
0 , 4.62 , 4.0 , 4 , 6
0 , 4.62 , 4.0 , 4 , 6
0 , 4.62 , 4.0 , 4 , 6
0 , 4.62 , 4.0 , 4 , 6
0 , 4.62 , 4.0 , 4 , 6
0 , 4.6 , 4.0 , 4 , 6
0 , 4.6 , 4.0 , 4 , 6
0 , 4.6 , 4.0 , 4 , 6
0 , 4.6 , 4.0 , 4 , 6
0 , 4.58 , 4.0 , 4 , 6
0 , 4.58 , 4.0 , 4 , 6
0 , 4.58 , 4.0 , 4 , 6
0 , 4.58 , 4.0 , 4 , 6
0 , 4.56 , 4.0 , 4 , 6
0 , 4.52 , 4.0 , 4 , 6
0 , 4.52 , 4.0 , 4 , 6
0 , 4.52 , 4.0 , 4 , 6
0 , 4.52 , 4.0 , 4 , 6
0 , 4.52 , 4.0 , 4 , 6
0 , 4.52 , 4.0 , 4 , 6
0 , 4.52 , 4.0 , 4 , 6
0 , 4.52 , 4.0 , 4 , 6
0 , 4.52 , 4.0 , 4 , 6
0 , 4.5 , 4.0 , 4 , 6
0 , 4.5 , 4.0 , 4 , 6
0 , 4.5 , 4.0 , 4 , 6
0 , 4.48 , 4.0 , 4 , 6
0 , 4.48 , 4.0 , 4 , 6
0 , 4.48 , 4.0 , 4 , 6
0 , 4.48 , 4.0 , 4 , 6
0 , 4.48 , 4.0 , 4 , 6
0 , 4.48 , 4.0 , 4 , 6
0 , 4.48 , 4.0 , 4 , 6
0 , 4.46 , 4.0 , 4 , 6
0 , 4.46 , 4.0 , 4 , 6
0 , 4.46 , 4.0 , 4 , 6
0 , 4.46 , 4.0 , 4 , 6
0 , 4.46 , 4.0 , 4 , 6
0 , 4.46 , 4.0 , 4 , 6
0 , 4.46 , 4.0 , 4 , 6
0 , 4.46 , 4.0 , 4 , 6
0 , 4.46 , 4.0 , 4 , 6
0 , 4.46 , 4.0 , 4 , 6
0 , 4.46 , 4.0 , 4 , 6
0 , 4.44 , 4.0 , 4 , 6
0 , 4.44 , 4.0 , 4 , 6
0 , 4.44 , 4.0 , 4 , 6
0 , 4.44 , 4.0 , 4 , 6
0 , 4.44 , 4.0 , 4 , 6
0 , 4.42 , 4.0 , 4 , 6
0 , 4.4 , 4.0 , 4 , 6
0 , 4.4 , 4.0 , 4 , 6
0 , 4.38 , 4.0 , 4 , 6
0 , 4.38 , 4.0 , 4 , 6
0 , 4.36 , 4.0 , 4 , 6
0 , 4.36 , 4.0 , 4 , 6
0 , 4.36 , 4.0 , 4 , 6
0 , 4.32 , 4.0 , 4 , 6
0 , 4.32 , 4.0 , 4 , 6
0 , 4.32 , 4.0 , 4 , 6
0 , 4.32 , 4.0 , 4 , 6
0 , 4.32 , 4.0 , 4 , 6
0 , 4.28 , 4.0 , 4 , 6
0 , 4.28 , 4.0 , 4 , 6
0 , 4.26 , 4.0 , 4 , 6
0 , 4.24 , 4.0 , 4 , 6
0 , 4.24 , 4.0 , 4 , 6
0 , 4.22 , 4.0 , 4 , 6
0 , 4.22 , 4.0 , 4 , 6
0 , 4.22 , 4.0 , 4 , 6
0 , 4.18 , 4.0 , 4 , 6
0 , 4.18 , 4.0 , 4 , 6
0 , 4.18 , 4.0 , 4 , 6
0 , 4.18 , 4.0 , 4 , 6
0 , 4.18 , 4.0 , 4 , 6
0 , 4.18 , 4.0 , 4 , 6
0 , 4.18 , 4.0 , 4 , 6
0 , 4.18 , 4.0 , 4 , 6
0 , 4.16 , 4.0 , 4 , 6
0 , 4.16 , 4.0 , 4 , 6
0 , 4.16 , 4.0 , 4 , 6
0 , 4.16 , 4.0 , 4 , 6
0 , 4.16 , 4.0 , 4 , 6
0 , 4.16 , 4.0 , 4 , 6
0 , 4.16 , 4.0 , 4 , 6
0 , 4.16 , 4.0 , 4 , 6
0 , 4.16 , 4.0 , 4 , 6
0 , 4.16 , 4.0 , 4 , 6
0 , 4.16 , 4.0 , 4 , 6
0 , 4.16 , 4.0 , 4 , 6
0 , 4.16 , 4.0 , 4 , 6
0 , 4.16 , 4.0 , 4 , 6
0 , 4.14 , 4.0 , 4 , 6
0 , 4.14 , 4.0 , 4 , 6
0 , 4.14 , 4.0 , 4 , 6
0 , 4.14 , 4.0 , 4 , 6
0 , 4.14 , 4.0 , 4 , 6
0 , 4.1 , 4.0 , 4 , 6
0 , 4.08 , 4.0 , 4 , 6
0 , 4.08 , 4.0 , 4 , 6
0 , 4.06 , 4.0 , 4 , 6
0 , 4.06 , 4.0 , 4 , 6
0 , 4.06 , 4.0 , 4 , 6
0 , 4.06 , 4.0 , 4 , 6
0 , 4.06 , 4.0 , 4 , 6
0 , 4.06 , 4.0 , 4 , 6
0 , 4.02 , 4.0 , 4 , 6
0 , 4.02 , 4.0 , 4 , 6
0 , 4.02 , 4.0 , 4 , 6
0 , 4.02 , 4.0 , 4 , 6
0 , 4.02 , 4.0 , 4 , 6
0 , 4.02 , 4.0 , 4 , 6
0 , 4.02 , 4.0 , 4 , 6
0 , 4.02 , 4.0 , 4 , 6
0 , 4.02 , 4.0 , 4 , 6
0 , 4.02 , 4.0 , 4 , 6
0 , 4.02 , 4.0 , 4 , 6
0 , 4.0 , 4.0 , 4 , 6
0 , 4.0 , 4.0 , 4 , 6
0 , 4.0 , 4.0 , 4 , 6
0 , 3.98 , 4.0 , 4 , 6
0 , 3.98 , 4.0 , 4 , 6
0 , 3.98 , 4.0 , 4 , 6
0 , 3.96 , 4.0 , 4 , 6
0 , 3.96 , 4.0 , 4 , 6
0 , 3.96 , 4.0 , 4 , 6
0 , 3.96 , 4.0 , 4 , 6
0 , 3.94 , 4.0 , 4 , 6
0 , 3.94 , 4.0 , 4 , 6
0 , 3.94 , 4.0 , 4 , 6
0 , 3.94 , 4.0 , 4 , 6
0 , 3.94 , 4.0 , 4 , 6
0 , 3.94 , 4.0 , 4 , 6
0 , 3.94 , 4.0 , 4 , 6
0 , 3.92 , 4.0 , 4 , 6
0 , 3.92 , 4.0 , 4 , 6
0 , 3.92 , 4.0 , 4 , 6
0 , 3.92 , 4.0 , 4 , 6
0 , 3.92 , 4.0 , 4 , 6
0 , 3.92 , 4.0 , 4 , 6
0 , 3.92 , 4.0 , 4 , 6
0 , 3.92 , 4.0 , 4 , 6
0 , 3.92 , 4.0 , 4 , 6
0 , 3.92 , 4.0 , 4 , 6
0 , 3.92 , 4.0 , 4 , 6
0 , 3.92 , 4.0 , 4 , 6
0 , 3.92 , 4.0 , 4 , 6
0 , 3.92 , 4.0 , 4 , 6
0 , 3.92 , 4.0 , 4 , 6
0 , 3.9 , 4.0 , 4 , 6
0 , 3.9 , 4.0 , 4 , 6
0 , 3.9 , 4.0 , 4 , 6
0 , 3.84 , 4.0 , 4 , 6
0 , 3.84 , 4.0 , 4 , 6
0 , 3.84 , 4.0 , 4 , 6
0 , 3.84 , 4.0 , 4 , 6
0 , 3.84 , 4.0 , 4 , 6
0 , 3.82 , 4.0 , 4 , 6
0 , 3.82 , 4.0 , 4 , 6
0 , 3.82 , 4.0 , 4 , 6
0 , 3.82 , 4.0 , 4 , 6
0 , 3.82 , 4.0 , 4 , 6
0 , 3.82 , 4.0 , 4 , 6
0 , 3.82 , 4.0 , 4 , 6
0 , 3.82 , 4.0 , 4 , 6
0 , 3.8 , 4.0 , 4 , 6
0 , 3.8 , 4.0 , 4 , 6
0 , 3.8 , 4.0 , 4 , 6
0 , 3.8 , 4.0 , 4 , 6
0 , 3.8 , 4.0 , 4 , 6
0 , 3.8 , 4.0 , 4 , 6
0 , 3.78 , 4.0 , 4 , 6
0 , 3.78 , 4.0 , 4 , 6
0 , 3.78 , 4.0 , 4 , 6
0 , 3.78 , 4.0 , 4 , 6
0 , 3.78 , 4.0 , 4 , 6
0 , 3.78 , 4.0 , 4 , 6
0 , 3.78 , 4.0 , 4 , 6
0 , 3.78 , 4.0 , 4 , 6
0 , 3.78 , 4.0 , 4 , 6
0 , 3.78 , 4.0 , 4 , 6
0 , 3.78 , 4.0 , 4 , 6
0 , 3.78 , 4.0 , 4 , 6
0 , 3.78 , 4.0 , 4 , 6
0 , 3.78 , 4.0 , 4 , 6
0 , 3.78 , 4.0 , 4 , 6
0 , 3.78 , 4.0 , 4 , 6
0 , 3.76 , 4.0 , 4 , 6
0 , 3.76 , 4.0 , 4 , 6
0 , 3.76 , 4.0 , 4 , 6
0 , 3.74 , 4.0 , 4 , 6
0 , 3.74 , 4.0 , 4 , 6
0 , 3.74 , 4.0 , 4 , 6
0 , 3.74 , 4.0 , 4 , 6
0 , 3.74 , 4.0 , 4 , 6
0 , 3.72 , 4.0 , 4 , 6
0 , 3.7 , 4.0 , 4 , 4
0 , 3.7 , 4.0 , 4 , 4
0 , 3.7 , 4.0 , 4 , 4
0 , 3.7 , 4.0 , 4 , 4
0 , 3.7 , 4.0 , 4 , 4
0 , 3.7 , 4.0 , 4 , 4
0 , 3.7 , 4.0 , 4 , 4
0 , 3.7 , 4.0 , 4 , 4
0 , 3.7 , 4.0 , 4 , 4
0 , 3.7 , 4.0 , 4 , 4
0 , 3.7 , 4.0 , 4 , 4
0 , 3.68 , 4.0 , 4 , 4
0 , 3.68 , 4.0 , 4 , 4
0 , 3.68 , 4.0 , 4 , 4
0 , 3.68 , 4.0 , 4 , 4
0 , 3.68 , 4.0 , 4 , 4
0 , 3.68 , 4.0 , 4 , 4
0 , 3.68 , 4.0 , 4 , 4
0 , 3.68 , 4.0 , 4 , 4
0 , 3.68 , 4.0 , 4 , 4
0 , 3.68 , 4.0 , 4 , 4
0 , 3.68 , 4.0 , 4 , 4
0 , 3.68 , 4.0 , 4 , 4
0 , 3.68 , 4.0 , 4 , 4
0 , 3.68 , 4.0 , 4 , 4
0 , 3.68 , 4.0 , 4 , 4
0 , 3.68 , 4.0 , 4 , 4
0 , 3.68 , 4.0 , 4 , 4
0 , 3.68 , 4.0 , 4 , 4
0 , 3.68 , 4.0 , 4 , 4
0 , 3.68 , 4.0 , 4 , 4
0 , 3.68 , 4.0 , 4 , 4
0 , 3.66 , 4.0 , 4 , 4
0 , 3.66 , 4.0 , 4 , 4
0 , 3.66 , 4.0 , 4 , 4
0 , 3.66 , 4.0 , 4 , 4
0 , 3.66 , 4.0 , 4 , 4
0 , 3.66 , 4.0 , 4 , 4
0 , 3.66 , 4.0 , 4 , 4
0 , 3.66 , 4.0 , 4 , 4
0 , 3.66 , 4.0 , 4 , 4
0 , 3.66 , 4.0 , 4 , 4
0 , 3.66 , 4.0 , 4 , 4
0 , 3.66 , 4.0 , 4 , 4
0 , 3.66 , 4.0 , 4 , 4
0 , 3.66 , 4.0 , 4 , 4
0 , 3.66 , 4.0 , 4 , 4
0 , 3.64 , 4.0 , 4 , 4
0 , 3.64 , 4.0 , 4 , 4
0 , 3.64 , 4.0 , 4 , 4
0 , 3.64 , 4.0 , 4 , 4
0 , 3.64 , 4.0 , 4 , 4
0 , 3.64 , 4.0 , 4 , 4
0 , 3.64 , 4.0 , 4 , 4
0 , 3.64 , 4.0 , 4 , 4
0 , 3.64 , 4.0 , 4 , 4
0 , 3.64 , 4.0 , 4 , 4
0 , 3.64 , 4.0 , 4 , 4
0 , 3.64 , 4.0 , 4 , 4
0 , 3.64 , 4.0 , 4 , 4
0 , 3.64 , 4.0 , 4 , 4
0 , 3.64 , 4.0 , 4 , 4
0 , 3.64 , 4.0 , 4 , 4
0 , 3.64 , 4.0 , 4 , 4
0 , 3.64 , 4.0 , 4 , 4
0 , 3.64 , 4.0 , 4 , 4
0 , 3.64 , 4.0 , 4 , 4
0 , 3.64 , 4.0 , 4 , 4
0 , 3.64 , 4.0 , 4 , 4
0 , 3.64 , 4.0 , 4 , 4
0 , 3.64 , 4.0 , 4 , 4
0 , 3.64 , 4.0 , 4 , 4
0 , 3.64 , 4.0 , 4 , 4
0 , 3.64 , 4.0 , 4 , 4
0 , 3.64 , 4.0 , 4 , 4
0 , 3.64 , 4.0 , 4 , 4
0 , 3.64 , 4.0 , 4 , 4
0 , 3.64 , 4.0 , 4 , 4
0 , 3.64 , 4.0 , 4 , 4
0 , 3.64 , 4.0 , 4 , 4
0 , 3.64 , 4.0 , 4 , 4
0 , 3.64 , 4.0 , 4 , 4
0 , 3.64 , 4.0 , 4 , 4
0 , 3.64 , 4.0 , 4 , 4
0 , 3.64 , 4.0 , 4 , 4
0 , 3.64 , 4.0 , 4 , 4
0 , 3.64 , 4.0 , 4 , 4
0 , 3.64 , 4.0 , 4 , 4
0 , 3.64 , 4.0 , 4 , 4
0 , 3.64 , 4.0 , 4 , 4
0 , 3.64 , 4.0 , 4 , 4
0 , 3.64 , 4.0 , 4 , 4
0 , 3.64 , 4.0 , 4 , 4
0 , 3.64 , 4.0 , 4 , 4
0 , 3.64 , 4.0 , 4 , 4
0 , 3.64 , 4.0 , 4 , 4
0 , 3.62 , 4.0 , 4 , 4
0 , 3.62 , 4.0 , 4 , 4
0 , 3.62 , 4.0 , 4 , 4
0 , 3.62 , 4.0 , 4 , 4
0 , 3.62 , 4.0 , 4 , 4
0 , 3.62 , 4.0 , 4 , 4
0 , 3.62 , 4.0 , 4 , 4
0 , 3.62 , 4.0 , 4 , 4
0 , 3.62 , 4.0 , 4 , 4
0 , 3.62 , 4.0 , 4 , 4
0 , 3.62 , 4.0 , 4 , 4
0 , 3.62 , 4.0 , 4 , 4
0 , 3.62 , 4.0 , 4 , 4
0 , 3.62 , 4.0 , 4 , 4
0 , 3.62 , 4.0 , 4 , 4
0 , 3.62 , 4.0 , 4 , 4
0 , 3.62 , 4.0 , 4 , 4
0 , 3.62 , 4.0 , 4 , 4
0 , 3.62 , 4.0 , 4 , 4
0 , 3.62 , 4.0 , 4 , 4
0 , 3.62 , 4.0 , 4 , 4
0 , 3.62 , 4.0 , 4 , 4
0 , 3.62 , 4.0 , 4 , 4
0 , 3.62 , 4.0 , 4 , 4
0 , 3.62 , 4.0 , 4 , 4
0 , 3.62 , 4.0 , 4 , 4
0 , 3.62 , 4.0 , 4 , 4
0 , 3.6 , 4.0 , 4 , 4
0 , 3.6 , 4.0 , 4 , 4
0 , 3.6 , 4.0 , 4 , 4
0 , 3.6 , 4.0 , 4 , 4
0 , 3.6 , 4.0 , 4 , 4
0 , 3.6 , 4.0 , 4 , 4
0 , 3.6 , 4.0 , 4 , 4
0 , 3.6 , 4.0 , 4 , 4
0 , 3.6 , 4.0 , 4 , 4
0 , 3.6 , 4.0 , 4 , 4
0 , 3.6 , 4.0 , 4 , 4
0 , 3.6 , 4.0 , 4 , 4
0 , 3.6 , 4.0 , 4 , 4
0 , 3.6 , 4.0 , 4 , 4
0 , 3.6 , 4.0 , 4 , 4
0 , 3.6 , 4.0 , 4 , 4
0 , 3.6 , 4.0 , 4 , 4
0 , 3.6 , 4.0 , 4 , 4
0 , 3.6 , 4.0 , 4 , 4
0 , 3.6 , 4.0 , 4 , 4
0 , 3.6 , 4.0 , 4 , 4
0 , 3.6 , 4.0 , 4 , 4
0 , 3.6 , 4.0 , 4 , 4
0 , 3.6 , 4.0 , 4 , 4
0 , 3.58 , 4.0 , 4 , 4
0 , 3.58 , 4.0 , 4 , 4
0 , 3.58 , 4.0 , 4 , 4
0 , 3.58 , 4.0 , 4 , 4
0 , 3.56 , 4.0 , 4 , 4
0 , 3.56 , 4.0 , 4 , 4
0 , 3.56 , 4.0 , 4 , 4
0 , 3.56 , 4.0 , 4 , 4
0 , 3.56 , 4.0 , 4 , 4
0 , 3.56 , 4.0 , 4 , 4
0 , 3.56 , 4.0 , 4 , 4
0 , 3.56 , 4.0 , 4 , 4
0 , 3.56 , 4.0 , 4 , 4
0 , 3.56 , 4.0 , 4 , 4
0 , 3.56 , 4.0 , 4 , 4
0 , 3.56 , 4.0 , 4 , 4
0 , 3.56 , 4.0 , 4 , 4
0 , 3.56 , 4.0 , 4 , 4
0 , 3.56 , 4.0 , 4 , 4
0 , 3.56 , 4.0 , 4 , 4
0 , 3.56 , 4.0 , 4 , 4
0 , 3.56 , 4.0 , 4 , 4
0 , 3.56 , 4.0 , 4 , 4
0 , 3.54 , 4.0 , 4 , 4
0 , 3.54 , 4.0 , 4 , 4
0 , 3.52 , 4.0 , 4 , 4
0 , 3.52 , 4.0 , 4 , 4
0 , 3.52 , 4.0 , 4 , 4
0 , 3.52 , 4.0 , 4 , 4
0 , 3.52 , 4.0 , 4 , 4
0 , 3.52 , 4.0 , 4 , 4
0 , 3.52 , 4.0 , 4 , 4
0 , 3.52 , 4.0 , 4 , 4
0 , 3.52 , 4.0 , 4 , 4
0 , 3.52 , 4.0 , 4 , 4
0 , 3.52 , 4.0 , 4 , 4
0 , 3.5 , 4.0 , 4 , 4
0 , 3.5 , 4.0 , 4 , 4
0 , 3.5 , 4.0 , 4 , 4
0 , 3.5 , 4.0 , 4 , 4
0 , 3.5 , 4.0 , 4 , 4
0 , 3.5 , 4.0 , 4 , 4
0 , 3.5 , 4.0 , 4 , 4
0 , 3.5 , 4.0 , 4 , 4
0 , 3.5 , 4.0 , 4 , 4
0 , 3.5 , 4.0 , 4 , 4
0 , 3.5 , 4.0 , 4 , 4
0 , 3.5 , 4.0 , 4 , 4
0 , 3.5 , 4.0 , 4 , 4
0 , 3.5 , 4.0 , 4 , 4
0 , 3.5 , 4.0 , 4 , 4
0 , 3.5 , 4.0 , 4 , 4
0 , 3.5 , 4.0 , 4 , 4
0 , 3.5 , 4.0 , 4 , 4
0 , 3.5 , 4.0 , 4 , 4
0 , 3.5 , 4.0 , 4 , 4
0 , 3.5 , 4.0 , 4 , 4
0 , 3.5 , 4.0 , 4 , 4
0 , 3.5 , 4.0 , 4 , 4
0 , 3.5 , 4.0 , 4 , 4
0 , 3.5 , 4.0 , 4 , 4
0 , 3.5 , 4.0 , 4 , 4
0 , 3.5 , 4.0 , 4 , 4
0 , 3.5 , 4.0 , 4 , 4
0 , 3.5 , 4.0 , 4 , 4
0 , 3.5 , 4.0 , 4 , 4
0 , 3.5 , 4.0 , 4 , 4
0 , 3.5 , 4.0 , 4 , 4
0 , 3.5 , 4.0 , 4 , 4
0 , 3.5 , 4.0 , 4 , 4
0 , 3.5 , 4.0 , 4 , 4
0 , 3.5 , 4.0 , 4 , 4
0 , 3.5 , 4.0 , 4 , 4
0 , 3.5 , 4.0 , 4 , 4
0 , 3.5 , 4.0 , 4 , 4
0 , 3.5 , 4.0 , 4 , 4
0 , 3.5 , 4.0 , 4 , 4
1  Perfect solutions
perfect solution individuals [[2, 0, 6, 4, 7, 1, 3, 5]]
