4 , 14.6 , 14.0 , 14 , 28
4 , 14.36 , 14.0 , 14 , 24
4 , 14.16 , 14.0 , 16 , 22
4 , 13.94 , 14.0 , 16 , 20
4 , 13.78 , 14.0 , 16 , 20
4 , 13.58 , 14.0 , 16 , 20
4 , 13.4 , 14.0 , 16 , 20
4 , 13.24 , 14.0 , 16 , 20
4 , 13.06 , 14.0 , 16 , 18
4 , 12.96 , 14.0 , 14 , 18
4 , 12.94 , 14.0 , 16 , 18
4 , 12.84 , 14.0 , 14 , 18
4 , 12.72 , 13.0 , 14 , 18
4 , 12.6 , 12.0 , 14 , 18
4 , 12.52 , 12.0 , 14 , 16
4 , 12.5 , 12.0 , 14 , 16
4 , 12.48 , 12.0 , 14 , 16
4 , 12.48 , 12.0 , 14 , 16
4 , 12.42 , 12.0 , 14 , 16
4 , 12.28 , 12.0 , 14 , 16
4 , 12.2 , 12.0 , 14 , 16
4 , 12.14 , 12.0 , 14 , 16
4 , 12.02 , 12.0 , 14 , 16
4 , 12.02 , 12.0 , 14 , 16
4 , 11.96 , 12.0 , 14 , 16
4 , 11.9 , 12.0 , 14 , 16
4 , 11.84 , 12.0 , 14 , 16
4 , 11.78 , 12.0 , 14 , 16
4 , 11.7 , 12.0 , 14 , 16
4 , 11.62 , 12.0 , 14 , 16
4 , 11.54 , 12.0 , 14 , 16
4 , 11.48 , 12.0 , 14 , 16
4 , 11.42 , 12.0 , 14 , 14
4 , 11.42 , 12.0 , 14 , 14
4 , 11.4 , 12.0 , 14 , 14
4 , 11.3 , 12.0 , 10 , 14
4 , 11.22 , 12.0 , 10 , 14
4 , 11.16 , 12.0 , 10 , 14
4 , 11.16 , 12.0 , 10 , 14
4 , 11.14 , 12.0 , 10 , 14
4 , 11.08 , 12.0 , 10 , 14
4 , 11.04 , 12.0 , 10 , 14
4 , 11.0 , 12.0 , 10 , 14
4 , 11.0 , 12.0 , 10 , 14
4 , 10.9 , 11.0 , 10 , 14
4 , 10.82 , 10.0 , 10 , 14
4 , 10.82 , 10.0 , 10 , 14
4 , 10.8 , 10.0 , 10 , 14
4 , 10.72 , 10.0 , 12 , 14
4 , 10.7 , 10.0 , 12 , 14
4 , 10.68 , 10.0 , 12 , 14
4 , 10.66 , 10.0 , 12 , 14
4 , 10.62 , 10.0 , 12 , 14
4 , 10.58 , 10.0 , 12 , 14
4 , 10.5 , 10.0 , 10 , 14
4 , 10.46 , 10.0 , 10 , 14
4 , 10.46 , 10.0 , 10 , 14
4 , 10.42 , 10.0 , 12 , 14
4 , 10.38 , 10.0 , 10 , 14
4 , 10.3 , 10.0 , 10 , 14
4 , 10.3 , 10.0 , 10 , 14
4 , 10.26 , 10.0 , 10 , 14
4 , 10.16 , 10.0 , 10 , 14
4 , 10.1 , 10.0 , 10 , 12
4 , 10.1 , 10.0 , 10 , 12
4 , 10.06 , 10.0 , 10 , 12
4 , 10.06 , 10.0 , 10 , 12
4 , 10.06 , 10.0 , 10 , 12
4 , 10.06 , 10.0 , 10 , 12
4 , 10.06 , 10.0 , 10 , 12
4 , 10.06 , 10.0 , 10 , 12
4 , 10.02 , 10.0 , 10 , 12
4 , 10.02 , 10.0 , 10 , 12
4 , 10.02 , 10.0 , 10 , 12
4 , 10.0 , 10.0 , 10 , 12
4 , 9.98 , 10.0 , 10 , 12
4 , 9.94 , 10.0 , 10 , 12
4 , 9.94 , 10.0 , 10 , 12
4 , 9.94 , 10.0 , 10 , 12
4 , 9.94 , 10.0 , 10 , 12
4 , 9.92 , 10.0 , 10 , 12
4 , 9.92 , 10.0 , 10 , 12
4 , 9.88 , 10.0 , 10 , 12
4 , 9.84 , 10.0 , 10 , 12
4 , 9.84 , 10.0 , 10 , 12
4 , 9.84 , 10.0 , 10 , 12
4 , 9.84 , 10.0 , 10 , 12
4 , 9.84 , 10.0 , 10 , 12
4 , 9.84 , 10.0 , 10 , 12
4 , 9.84 , 10.0 , 10 , 12
4 , 9.8 , 10.0 , 10 , 12
4 , 9.8 , 10.0 , 10 , 12
4 , 9.78 , 10.0 , 10 , 12
4 , 9.72 , 10.0 , 10 , 12
4 , 9.7 , 10.0 , 10 , 12
4 , 9.7 , 10.0 , 10 , 12
4 , 9.66 , 10.0 , 10 , 12
4 , 9.64 , 10.0 , 10 , 12
4 , 9.6 , 10.0 , 10 , 12
4 , 9.6 , 10.0 , 10 , 12
4 , 9.54 , 10.0 , 10 , 12
4 , 9.5 , 10.0 , 10 , 12
4 , 9.48 , 10.0 , 10 , 12
4 , 9.48 , 10.0 , 10 , 12
4 , 9.46 , 10.0 , 10 , 12
4 , 9.44 , 10.0 , 10 , 12
4 , 9.4 , 10.0 , 10 , 12
4 , 9.4 , 10.0 , 10 , 12
4 , 9.36 , 10.0 , 10 , 12
4 , 9.36 , 10.0 , 10 , 12
4 , 9.36 , 10.0 , 10 , 12
4 , 9.36 , 10.0 , 10 , 12
4 , 9.32 , 10.0 , 10 , 12
4 , 9.28 , 10.0 , 10 , 12
4 , 9.22 , 10.0 , 10 , 12
4 , 9.16 , 10.0 , 10 , 12
4 , 9.16 , 10.0 , 10 , 12
4 , 9.16 , 10.0 , 10 , 12
4 , 9.12 , 10.0 , 10 , 12
4 , 9.12 , 10.0 , 10 , 12
4 , 9.12 , 10.0 , 10 , 12
4 , 9.12 , 10.0 , 10 , 12
4 , 9.0 , 10.0 , 10 , 12
4 , 8.92 , 10.0 , 10 , 10
4 , 8.92 , 10.0 , 10 , 10
4 , 8.92 , 10.0 , 10 , 10
4 , 8.92 , 10.0 , 10 , 10
4 , 8.92 , 10.0 , 10 , 10
4 , 8.92 , 10.0 , 10 , 10
4 , 8.92 , 10.0 , 10 , 10
4 , 8.92 , 10.0 , 10 , 10
4 , 8.92 , 10.0 , 10 , 10
4 , 8.92 , 10.0 , 10 , 10
4 , 8.9 , 10.0 , 10 , 10
4 , 8.88 , 10.0 , 10 , 10
4 , 8.88 , 10.0 , 10 , 10
4 , 8.84 , 10.0 , 10 , 10
4 , 8.84 , 10.0 , 10 , 10
4 , 8.8 , 10.0 , 10 , 10
4 , 8.78 , 10.0 , 10 , 10
4 , 8.72 , 10.0 , 10 , 10
4 , 8.72 , 10.0 , 10 , 10
4 , 8.72 , 10.0 , 10 , 10
4 , 8.72 , 10.0 , 10 , 10
4 , 8.7 , 9.0 , 10 , 10
4 , 8.7 , 9.0 , 10 , 10
4 , 8.66 , 8.0 , 10 , 10
4 , 8.66 , 8.0 , 10 , 10
4 , 8.66 , 8.0 , 10 , 10
4 , 8.62 , 8.0 , 10 , 10
4 , 8.6 , 8.0 , 10 , 10
4 , 8.6 , 8.0 , 10 , 10
4 , 8.6 , 8.0 , 10 , 10
4 , 8.56 , 8.0 , 10 , 10
4 , 8.56 , 8.0 , 10 , 10
4 , 8.56 , 8.0 , 10 , 10
4 , 8.56 , 8.0 , 10 , 10
4 , 8.54 , 8.0 , 10 , 10
4 , 8.52 , 8.0 , 10 , 10
4 , 8.52 , 8.0 , 10 , 10
4 , 8.52 , 8.0 , 10 , 10
4 , 8.52 , 8.0 , 10 , 10
4 , 8.52 , 8.0 , 10 , 10
4 , 8.52 , 8.0 , 10 , 10
4 , 8.52 , 8.0 , 10 , 10
4 , 8.5 , 8.0 , 8 , 10
4 , 8.5 , 8.0 , 8 , 10
4 , 8.5 , 8.0 , 8 , 10
4 , 8.46 , 8.0 , 8 , 10
4 , 8.46 , 8.0 , 8 , 10
4 , 8.4 , 8.0 , 8 , 10
4 , 8.4 , 8.0 , 8 , 10
4 , 8.38 , 8.0 , 8 , 10
4 , 8.36 , 8.0 , 8 , 10
4 , 8.36 , 8.0 , 8 , 10
4 , 8.34 , 8.0 , 8 , 10
4 , 8.34 , 8.0 , 8 , 10
4 , 8.34 , 8.0 , 8 , 10
4 , 8.34 , 8.0 , 8 , 10
4 , 8.32 , 8.0 , 8 , 10
4 , 8.32 , 8.0 , 8 , 10
4 , 8.32 , 8.0 , 8 , 10
4 , 8.26 , 8.0 , 8 , 10
4 , 8.26 , 8.0 , 8 , 10
4 , 8.26 , 8.0 , 8 , 10
4 , 8.26 , 8.0 , 8 , 10
4 , 8.22 , 8.0 , 8 , 10
4 , 8.2 , 8.0 , 8 , 10
4 , 8.2 , 8.0 , 8 , 10
4 , 8.16 , 8.0 , 8 , 10
4 , 8.16 , 8.0 , 8 , 10
4 , 8.14 , 8.0 , 8 , 10
4 , 8.14 , 8.0 , 8 , 10
4 , 8.12 , 8.0 , 8 , 10
4 , 8.12 , 8.0 , 8 , 10
4 , 8.1 , 8.0 , 8 , 10
4 , 8.08 , 8.0 , 8 , 10
4 , 8.04 , 8.0 , 8 , 10
4 , 8.04 , 8.0 , 8 , 10
4 , 8.04 , 8.0 , 8 , 10
4 , 8.04 , 8.0 , 8 , 10
4 , 7.98 , 8.0 , 8 , 10
4 , 7.98 , 8.0 , 8 , 10
4 , 7.98 , 8.0 , 8 , 10
4 , 7.98 , 8.0 , 8 , 10
4 , 7.98 , 8.0 , 8 , 10
4 , 7.98 , 8.0 , 8 , 10
4 , 7.98 , 8.0 , 8 , 10
4 , 7.98 , 8.0 , 8 , 10
4 , 7.98 , 8.0 , 8 , 10
4 , 7.98 , 8.0 , 8 , 10
4 , 7.96 , 8.0 , 8 , 10
4 , 7.96 , 8.0 , 8 , 10
4 , 7.92 , 8.0 , 8 , 10
4 , 7.88 , 8.0 , 8 , 10
4 , 7.86 , 8.0 , 8 , 10
4 , 7.84 , 8.0 , 8 , 10
4 , 7.82 , 8.0 , 8 , 10
4 , 7.82 , 8.0 , 8 , 10
4 , 7.82 , 8.0 , 8 , 10
4 , 7.82 , 8.0 , 8 , 10
4 , 7.82 , 8.0 , 8 , 10
4 , 7.76 , 8.0 , 8 , 10
4 , 7.76 , 8.0 , 8 , 10
4 , 7.76 , 8.0 , 8 , 10
4 , 7.74 , 8.0 , 8 , 10
4 , 7.7 , 8.0 , 8 , 10
4 , 7.7 , 8.0 , 8 , 10
4 , 7.68 , 8.0 , 8 , 10
4 , 7.62 , 8.0 , 8 , 10
4 , 7.62 , 8.0 , 8 , 10
4 , 7.6 , 8.0 , 8 , 10
4 , 7.6 , 8.0 , 8 , 10
4 , 7.56 , 8.0 , 8 , 10
4 , 7.56 , 8.0 , 8 , 10
4 , 7.56 , 8.0 , 8 , 10
4 , 7.54 , 8.0 , 8 , 10
4 , 7.48 , 8.0 , 8 , 10
4 , 7.48 , 8.0 , 8 , 10
4 , 7.48 , 8.0 , 8 , 10
4 , 7.48 , 8.0 , 8 , 10
4 , 7.46 , 8.0 , 8 , 10
4 , 7.46 , 8.0 , 8 , 10
4 , 7.46 , 8.0 , 8 , 10
4 , 7.46 , 8.0 , 8 , 10
4 , 7.46 , 8.0 , 8 , 10
4 , 7.44 , 8.0 , 8 , 10
4 , 7.44 , 8.0 , 8 , 10
4 , 7.44 , 8.0 , 8 , 10
4 , 7.4 , 8.0 , 8 , 10
4 , 7.36 , 8.0 , 8 , 10
4 , 7.36 , 8.0 , 8 , 10
4 , 7.34 , 8.0 , 8 , 10
4 , 7.32 , 8.0 , 8 , 10
4 , 7.28 , 8.0 , 8 , 10
4 , 7.28 , 8.0 , 8 , 10
4 , 7.28 , 8.0 , 8 , 10
4 , 7.26 , 8.0 , 8 , 10
4 , 7.2 , 8.0 , 8 , 8
4 , 7.2 , 8.0 , 8 , 8
4 , 7.2 , 8.0 , 8 , 8
4 , 7.2 , 8.0 , 8 , 8
4 , 7.2 , 8.0 , 8 , 8
4 , 7.2 , 8.0 , 8 , 8
4 , 7.2 , 8.0 , 8 , 8
4 , 7.2 , 8.0 , 8 , 8
4 , 7.18 , 8.0 , 8 , 8
4 , 7.18 , 8.0 , 8 , 8
4 , 7.18 , 8.0 , 8 , 8
4 , 7.18 , 8.0 , 8 , 8
4 , 7.18 , 8.0 , 8 , 8
4 , 7.18 , 8.0 , 8 , 8
4 , 7.18 , 8.0 , 8 , 8
4 , 7.18 , 8.0 , 8 , 8
4 , 7.14 , 8.0 , 8 , 8
4 , 7.14 , 8.0 , 8 , 8
4 , 7.12 , 8.0 , 8 , 8
4 , 7.12 , 8.0 , 8 , 8
4 , 7.12 , 8.0 , 8 , 8
4 , 7.12 , 8.0 , 8 , 8
4 , 7.12 , 8.0 , 8 , 8
4 , 7.12 , 8.0 , 8 , 8
4 , 7.1 , 8.0 , 8 , 8
4 , 7.1 , 8.0 , 8 , 8
4 , 7.08 , 8.0 , 8 , 8
4 , 7.08 , 8.0 , 8 , 8
4 , 7.08 , 8.0 , 8 , 8
4 , 7.08 , 8.0 , 8 , 8
4 , 7.08 , 8.0 , 8 , 8
4 , 7.08 , 8.0 , 8 , 8
4 , 7.08 , 8.0 , 8 , 8
4 , 7.08 , 8.0 , 8 , 8
4 , 7.06 , 8.0 , 8 , 8
4 , 7.06 , 8.0 , 8 , 8
4 , 7.06 , 8.0 , 8 , 8
4 , 7.06 , 8.0 , 8 , 8
4 , 7.06 , 8.0 , 8 , 8
4 , 7.06 , 8.0 , 8 , 8
4 , 7.06 , 8.0 , 8 , 8
4 , 7.06 , 8.0 , 8 , 8
4 , 7.06 , 8.0 , 8 , 8
4 , 7.06 , 8.0 , 8 , 8
4 , 7.06 , 8.0 , 8 , 8
4 , 7.06 , 8.0 , 8 , 8
4 , 7.04 , 8.0 , 8 , 8
4 , 7.02 , 8.0 , 8 , 8
4 , 7.02 , 8.0 , 8 , 8
4 , 7.0 , 8.0 , 8 , 8
4 , 7.0 , 8.0 , 8 , 8
4 , 7.0 , 8.0 , 8 , 8
4 , 6.98 , 8.0 , 8 , 8
4 , 6.98 , 8.0 , 8 , 8
4 , 6.98 , 8.0 , 8 , 8
4 , 6.98 , 8.0 , 8 , 8
4 , 6.98 , 8.0 , 8 , 8
4 , 6.98 , 8.0 , 8 , 8
4 , 6.98 , 8.0 , 8 , 8
4 , 6.98 , 8.0 , 8 , 8
4 , 6.98 , 8.0 , 8 , 8
4 , 6.98 , 8.0 , 8 , 8
4 , 6.98 , 8.0 , 8 , 8
4 , 6.98 , 8.0 , 8 , 8
4 , 6.98 , 8.0 , 8 , 8
4 , 6.94 , 8.0 , 8 , 8
4 , 6.94 , 8.0 , 8 , 8
4 , 6.94 , 8.0 , 8 , 8
4 , 6.94 , 8.0 , 8 , 8
4 , 6.94 , 8.0 , 8 , 8
4 , 6.94 , 8.0 , 8 , 8
4 , 6.94 , 8.0 , 8 , 8
4 , 6.94 , 8.0 , 8 , 8
4 , 6.94 , 8.0 , 8 , 8
4 , 6.94 , 8.0 , 8 , 8
4 , 6.94 , 8.0 , 8 , 8
4 , 6.94 , 8.0 , 8 , 8
4 , 6.94 , 8.0 , 8 , 8
4 , 6.94 , 8.0 , 8 , 8
4 , 6.94 , 8.0 , 8 , 8
4 , 6.94 , 8.0 , 8 , 8
4 , 6.94 , 8.0 , 8 , 8
4 , 6.94 , 8.0 , 8 , 8
4 , 6.94 , 8.0 , 8 , 8
4 , 6.94 , 8.0 , 8 , 8
4 , 6.94 , 8.0 , 8 , 8
4 , 6.94 , 8.0 , 8 , 8
4 , 6.92 , 8.0 , 8 , 8
4 , 6.92 , 8.0 , 8 , 8
4 , 6.92 , 8.0 , 8 , 8
4 , 6.92 , 8.0 , 8 , 8
4 , 6.92 , 8.0 , 8 , 8
4 , 6.92 , 8.0 , 8 , 8
4 , 6.92 , 8.0 , 8 , 8
4 , 6.92 , 8.0 , 8 , 8
4 , 6.92 , 8.0 , 8 , 8
4 , 6.92 , 8.0 , 8 , 8
4 , 6.92 , 8.0 , 8 , 8
4 , 6.92 , 8.0 , 8 , 8
4 , 6.92 , 8.0 , 8 , 8
4 , 6.92 , 8.0 , 8 , 8
4 , 6.92 , 8.0 , 8 , 8
4 , 6.92 , 8.0 , 8 , 8
4 , 6.92 , 8.0 , 8 , 8
4 , 6.92 , 8.0 , 8 , 8
4 , 6.92 , 8.0 , 8 , 8
4 , 6.92 , 8.0 , 8 , 8
4 , 6.92 , 8.0 , 8 , 8
4 , 6.88 , 8.0 , 8 , 8
4 , 6.88 , 8.0 , 8 , 8
4 , 6.88 , 8.0 , 8 , 8
4 , 6.86 , 8.0 , 8 , 8
4 , 6.84 , 8.0 , 8 , 8
4 , 6.84 , 8.0 , 8 , 8
4 , 6.84 , 8.0 , 8 , 8
4 , 6.84 , 8.0 , 8 , 8
4 , 6.84 , 8.0 , 8 , 8
4 , 6.8 , 8.0 , 8 , 8
4 , 6.8 , 8.0 , 8 , 8
4 , 6.8 , 8.0 , 8 , 8
4 , 6.8 , 8.0 , 8 , 8
4 , 6.8 , 8.0 , 8 , 8
4 , 6.78 , 8.0 , 8 , 8
4 , 6.78 , 8.0 , 8 , 8
4 , 6.78 , 8.0 , 8 , 8
4 , 6.78 , 8.0 , 8 , 8
4 , 6.78 , 8.0 , 8 , 8
4 , 6.78 , 8.0 , 8 , 8
4 , 6.78 , 8.0 , 8 , 8
4 , 6.78 , 8.0 , 8 , 8
4 , 6.78 , 8.0 , 8 , 8
4 , 6.78 , 8.0 , 8 , 8
4 , 6.78 , 8.0 , 8 , 8
4 , 6.78 , 8.0 , 8 , 8
4 , 6.78 , 8.0 , 8 , 8
4 , 6.78 , 8.0 , 8 , 8
4 , 6.78 , 8.0 , 8 , 8
4 , 6.76 , 8.0 , 8 , 8
4 , 6.76 , 8.0 , 8 , 8
4 , 6.72 , 7.0 , 8 , 8
4 , 6.72 , 7.0 , 8 , 8
4 , 6.72 , 7.0 , 8 , 8
4 , 6.72 , 7.0 , 8 , 8
4 , 6.72 , 7.0 , 8 , 8
4 , 6.72 , 7.0 , 8 , 8
4 , 6.72 , 7.0 , 8 , 8
4 , 6.72 , 7.0 , 8 , 8
4 , 6.72 , 7.0 , 8 , 8
4 , 6.72 , 7.0 , 8 , 8
4 , 6.72 , 7.0 , 8 , 8
4 , 6.72 , 7.0 , 8 , 8
4 , 6.72 , 7.0 , 8 , 8
4 , 6.72 , 7.0 , 8 , 8
4 , 6.72 , 7.0 , 8 , 8
4 , 6.72 , 7.0 , 8 , 8
4 , 6.72 , 7.0 , 8 , 8
4 , 6.72 , 7.0 , 8 , 8
4 , 6.7 , 6.0 , 8 , 8
4 , 6.7 , 6.0 , 8 , 8
4 , 6.7 , 6.0 , 8 , 8
4 , 6.66 , 6.0 , 8 , 8
4 , 6.66 , 6.0 , 8 , 8
4 , 6.66 , 6.0 , 8 , 8
4 , 6.66 , 6.0 , 8 , 8
4 , 6.66 , 6.0 , 8 , 8
4 , 6.66 , 6.0 , 8 , 8
4 , 6.66 , 6.0 , 8 , 8
4 , 6.66 , 6.0 , 8 , 8
4 , 6.66 , 6.0 , 8 , 8
4 , 6.66 , 6.0 , 8 , 8
4 , 6.66 , 6.0 , 8 , 8
4 , 6.62 , 6.0 , 8 , 8
4 , 6.62 , 6.0 , 8 , 8
4 , 6.62 , 6.0 , 8 , 8
4 , 6.62 , 6.0 , 8 , 8
4 , 6.62 , 6.0 , 8 , 8
4 , 6.62 , 6.0 , 8 , 8
4 , 6.62 , 6.0 , 8 , 8
4 , 6.62 , 6.0 , 8 , 8
4 , 6.62 , 6.0 , 8 , 8
4 , 6.6 , 6.0 , 8 , 8
4 , 6.56 , 6.0 , 8 , 8
4 , 6.56 , 6.0 , 8 , 8
4 , 6.56 , 6.0 , 8 , 8
4 , 6.56 , 6.0 , 8 , 8
4 , 6.56 , 6.0 , 8 , 8
4 , 6.56 , 6.0 , 8 , 8
4 , 6.56 , 6.0 , 8 , 8
4 , 6.56 , 6.0 , 8 , 8
4 , 6.54 , 6.0 , 8 , 8
4 , 6.54 , 6.0 , 8 , 8
4 , 6.54 , 6.0 , 8 , 8
4 , 6.52 , 6.0 , 8 , 8
4 , 6.52 , 6.0 , 8 , 8
4 , 6.52 , 6.0 , 8 , 8
4 , 6.52 , 6.0 , 8 , 8
4 , 6.52 , 6.0 , 8 , 8
4 , 6.52 , 6.0 , 8 , 8
4 , 6.48 , 6.0 , 8 , 8
4 , 6.48 , 6.0 , 8 , 8
4 , 6.48 , 6.0 , 8 , 8
4 , 6.48 , 6.0 , 8 , 8
4 , 6.46 , 6.0 , 6 , 8
4 , 6.46 , 6.0 , 6 , 8
4 , 6.46 , 6.0 , 6 , 8
4 , 6.46 , 6.0 , 6 , 8
4 , 6.46 , 6.0 , 6 , 8
4 , 6.46 , 6.0 , 6 , 8
4 , 6.46 , 6.0 , 6 , 8
4 , 6.46 , 6.0 , 6 , 8
4 , 6.44 , 6.0 , 6 , 8
4 , 6.44 , 6.0 , 6 , 8
4 , 6.44 , 6.0 , 6 , 8
4 , 6.4 , 6.0 , 6 , 8
4 , 6.4 , 6.0 , 6 , 8
4 , 6.4 , 6.0 , 6 , 8
4 , 6.4 , 6.0 , 6 , 8
4 , 6.4 , 6.0 , 6 , 8
4 , 6.4 , 6.0 , 6 , 8
4 , 6.4 , 6.0 , 6 , 8
4 , 6.38 , 6.0 , 6 , 8
4 , 6.38 , 6.0 , 6 , 8
4 , 6.34 , 6.0 , 6 , 8
4 , 6.32 , 6.0 , 6 , 8
4 , 6.32 , 6.0 , 6 , 8
4 , 6.32 , 6.0 , 6 , 8
4 , 6.32 , 6.0 , 6 , 8
4 , 6.32 , 6.0 , 6 , 8
4 , 6.32 , 6.0 , 6 , 8
4 , 6.32 , 6.0 , 6 , 8
4 , 6.32 , 6.0 , 6 , 8
4 , 6.32 , 6.0 , 6 , 8
4 , 6.32 , 6.0 , 6 , 8
4 , 6.32 , 6.0 , 6 , 8
4 , 6.32 , 6.0 , 6 , 8
4 , 6.32 , 6.0 , 6 , 8
4 , 6.32 , 6.0 , 6 , 8
4 , 6.32 , 6.0 , 6 , 8
4 , 6.28 , 6.0 , 6 , 8
4 , 6.28 , 6.0 , 6 , 8
4 , 6.28 , 6.0 , 6 , 8
4 , 6.28 , 6.0 , 6 , 8
4 , 6.28 , 6.0 , 6 , 8
4 , 6.28 , 6.0 , 6 , 8
4 , 6.28 , 6.0 , 6 , 8
4 , 6.28 , 6.0 , 6 , 8
4 , 6.26 , 6.0 , 6 , 8
4 , 6.24 , 6.0 , 6 , 8
4 , 6.22 , 6.0 , 6 , 8
4 , 6.22 , 6.0 , 6 , 8
4 , 6.22 , 6.0 , 6 , 8
4 , 6.22 , 6.0 , 6 , 8
4 , 6.22 , 6.0 , 6 , 8
4 , 6.18 , 6.0 , 6 , 8
4 , 6.16 , 6.0 , 6 , 8
4 , 6.16 , 6.0 , 6 , 8
4 , 6.16 , 6.0 , 6 , 8
4 , 6.16 , 6.0 , 6 , 8
4 , 6.16 , 6.0 , 6 , 8
4 , 6.16 , 6.0 , 6 , 8
4 , 6.16 , 6.0 , 6 , 8
4 , 6.16 , 6.0 , 6 , 8
4 , 6.16 , 6.0 , 6 , 8
4 , 6.16 , 6.0 , 6 , 8
4 , 6.16 , 6.0 , 6 , 8
4 , 6.16 , 6.0 , 6 , 8
4 , 6.14 , 6.0 , 6 , 8
4 , 6.14 , 6.0 , 6 , 8
4 , 6.14 , 6.0 , 6 , 8
4 , 6.14 , 6.0 , 6 , 8
4 , 6.14 , 6.0 , 6 , 8
4 , 6.14 , 6.0 , 6 , 8
4 , 6.14 , 6.0 , 6 , 8
4 , 6.14 , 6.0 , 6 , 8
4 , 6.14 , 6.0 , 6 , 8
4 , 6.14 , 6.0 , 6 , 8
4 , 6.08 , 6.0 , 6 , 8
4 , 6.08 , 6.0 , 6 , 8
4 , 6.08 , 6.0 , 6 , 8
4 , 6.08 , 6.0 , 6 , 8
4 , 6.06 , 6.0 , 6 , 8
4 , 6.06 , 6.0 , 6 , 8
4 , 6.06 , 6.0 , 6 , 8
4 , 6.06 , 6.0 , 6 , 8
4 , 6.06 , 6.0 , 6 , 8
4 , 6.04 , 6.0 , 6 , 8
4 , 6.04 , 6.0 , 6 , 8
4 , 6.04 , 6.0 , 6 , 8
4 , 6.04 , 6.0 , 6 , 8
4 , 6.02 , 6.0 , 6 , 8
4 , 6.02 , 6.0 , 6 , 8
4 , 6.02 , 6.0 , 6 , 8
4 , 6.02 , 6.0 , 6 , 8
4 , 6.02 , 6.0 , 6 , 8
4 , 6.02 , 6.0 , 6 , 8
4 , 6.02 , 6.0 , 6 , 8
4 , 6.02 , 6.0 , 6 , 8
4 , 6.02 , 6.0 , 6 , 8
4 , 6.02 , 6.0 , 6 , 8
4 , 6.02 , 6.0 , 6 , 8
4 , 6.0 , 6.0 , 6 , 8
4 , 6.0 , 6.0 , 6 , 8
4 , 6.0 , 6.0 , 6 , 8
4 , 6.0 , 6.0 , 6 , 8
4 , 6.0 , 6.0 , 6 , 8
4 , 6.0 , 6.0 , 6 , 8
4 , 6.0 , 6.0 , 6 , 8
4 , 6.0 , 6.0 , 6 , 8
4 , 5.98 , 6.0 , 6 , 8
4 , 5.98 , 6.0 , 6 , 8
4 , 5.98 , 6.0 , 6 , 8
4 , 5.98 , 6.0 , 6 , 8
4 , 5.98 , 6.0 , 6 , 8
4 , 5.98 , 6.0 , 6 , 8
4 , 5.98 , 6.0 , 6 , 8
4 , 5.98 , 6.0 , 6 , 8
4 , 5.98 , 6.0 , 6 , 8
4 , 5.98 , 6.0 , 6 , 8
4 , 5.96 , 6.0 , 6 , 8
4 , 5.92 , 6.0 , 6 , 8
4 , 5.92 , 6.0 , 6 , 8
4 , 5.92 , 6.0 , 6 , 8
4 , 5.9 , 6.0 , 6 , 8
4 , 5.9 , 6.0 , 6 , 8
4 , 5.9 , 6.0 , 6 , 8
4 , 5.9 , 6.0 , 6 , 8
4 , 5.9 , 6.0 , 6 , 8
4 , 5.9 , 6.0 , 6 , 8
4 , 5.9 , 6.0 , 6 , 8
4 , 5.86 , 6.0 , 6 , 8
4 , 5.84 , 6.0 , 6 , 8
4 , 5.82 , 6.0 , 6 , 8
4 , 5.82 , 6.0 , 6 , 8
4 , 5.8 , 6.0 , 6 , 8
4 , 5.8 , 6.0 , 6 , 8
4 , 5.8 , 6.0 , 6 , 8
4 , 5.78 , 6.0 , 6 , 8
4 , 5.76 , 6.0 , 6 , 8
4 , 5.76 , 6.0 , 6 , 8
4 , 5.76 , 6.0 , 6 , 8
4 , 5.76 , 6.0 , 6 , 8
4 , 5.76 , 6.0 , 6 , 8
4 , 5.76 , 6.0 , 6 , 8
4 , 5.76 , 6.0 , 6 , 8
4 , 5.76 , 6.0 , 6 , 8
4 , 5.76 , 6.0 , 6 , 8
4 , 5.76 , 6.0 , 6 , 8
4 , 5.76 , 6.0 , 6 , 8
4 , 5.74 , 6.0 , 6 , 8
4 , 5.72 , 6.0 , 6 , 8
4 , 5.66 , 6.0 , 6 , 8
4 , 5.62 , 6.0 , 6 , 8
4 , 5.62 , 6.0 , 6 , 8
4 , 5.62 , 6.0 , 6 , 8
4 , 5.58 , 6.0 , 6 , 8
4 , 5.58 , 6.0 , 6 , 8
4 , 5.58 , 6.0 , 6 , 8
4 , 5.58 , 6.0 , 6 , 8
4 , 5.58 , 6.0 , 6 , 8
4 , 5.54 , 6.0 , 6 , 8
4 , 5.52 , 6.0 , 6 , 8
4 , 5.52 , 6.0 , 6 , 8
4 , 5.5 , 6.0 , 6 , 8
4 , 5.5 , 6.0 , 6 , 8
4 , 5.5 , 6.0 , 6 , 8
4 , 5.5 , 6.0 , 6 , 8
4 , 5.48 , 6.0 , 6 , 6
4 , 5.48 , 6.0 , 6 , 6
4 , 5.48 , 6.0 , 6 , 6
4 , 5.48 , 6.0 , 6 , 6
4 , 5.48 , 6.0 , 6 , 6
4 , 5.48 , 6.0 , 6 , 6
4 , 5.48 , 6.0 , 6 , 6
4 , 5.48 , 6.0 , 6 , 6
4 , 5.48 , 6.0 , 6 , 6
4 , 5.48 , 6.0 , 6 , 6
4 , 5.48 , 6.0 , 6 , 6
4 , 5.48 , 6.0 , 6 , 6
4 , 5.48 , 6.0 , 6 , 6
4 , 5.48 , 6.0 , 6 , 6
4 , 5.46 , 6.0 , 6 , 6
4 , 5.42 , 6.0 , 6 , 6
4 , 5.42 , 6.0 , 6 , 6
4 , 5.42 , 6.0 , 6 , 6
4 , 5.42 , 6.0 , 6 , 6
4 , 5.42 , 6.0 , 6 , 6
4 , 5.42 , 6.0 , 6 , 6
4 , 5.42 , 6.0 , 6 , 6
4 , 5.42 , 6.0 , 6 , 6
4 , 5.42 , 6.0 , 6 , 6
4 , 5.4 , 6.0 , 6 , 6
4 , 5.4 , 6.0 , 6 , 6
4 , 5.4 , 6.0 , 6 , 6
4 , 5.4 , 6.0 , 6 , 6
4 , 5.4 , 6.0 , 6 , 6
4 , 5.4 , 6.0 , 6 , 6
4 , 5.4 , 6.0 , 6 , 6
4 , 5.4 , 6.0 , 6 , 6
4 , 5.38 , 6.0 , 6 , 6
4 , 5.38 , 6.0 , 6 , 6
4 , 5.38 , 6.0 , 6 , 6
4 , 5.38 , 6.0 , 6 , 6
4 , 5.38 , 6.0 , 6 , 6
4 , 5.38 , 6.0 , 6 , 6
4 , 5.38 , 6.0 , 6 , 6
4 , 5.38 , 6.0 , 6 , 6
4 , 5.38 , 6.0 , 6 , 6
4 , 5.38 , 6.0 , 6 , 6
4 , 5.38 , 6.0 , 6 , 6
4 , 5.38 , 6.0 , 6 , 6
4 , 5.38 , 6.0 , 6 , 6
4 , 5.38 , 6.0 , 6 , 6
4 , 5.38 , 6.0 , 6 , 6
4 , 5.38 , 6.0 , 6 , 6
4 , 5.38 , 6.0 , 6 , 6
4 , 5.38 , 6.0 , 6 , 6
4 , 5.38 , 6.0 , 6 , 6
4 , 5.38 , 6.0 , 6 , 6
4 , 5.38 , 6.0 , 6 , 6
4 , 5.36 , 6.0 , 6 , 6
4 , 5.34 , 6.0 , 6 , 6
4 , 5.34 , 6.0 , 6 , 6
4 , 5.34 , 6.0 , 6 , 6
4 , 5.34 , 6.0 , 6 , 6
4 , 5.34 , 6.0 , 6 , 6
4 , 5.34 , 6.0 , 6 , 6
4 , 5.34 , 6.0 , 6 , 6
4 , 5.34 , 6.0 , 6 , 6
4 , 5.34 , 6.0 , 6 , 6
4 , 5.34 , 6.0 , 6 , 6
4 , 5.34 , 6.0 , 6 , 6
4 , 5.32 , 6.0 , 6 , 6
4 , 5.32 , 6.0 , 6 , 6
4 , 5.32 , 6.0 , 6 , 6
4 , 5.32 , 6.0 , 6 , 6
4 , 5.32 , 6.0 , 6 , 6
4 , 5.32 , 6.0 , 6 , 6
4 , 5.32 , 6.0 , 6 , 6
4 , 5.32 , 6.0 , 6 , 6
4 , 5.32 , 6.0 , 6 , 6
4 , 5.32 , 6.0 , 6 , 6
4 , 5.32 , 6.0 , 6 , 6
4 , 5.32 , 6.0 , 6 , 6
4 , 5.3 , 6.0 , 6 , 6
4 , 5.3 , 6.0 , 6 , 6
4 , 5.3 , 6.0 , 6 , 6
4 , 5.3 , 6.0 , 6 , 6
2 , 5.26 , 6.0 , 6 , 6
2 , 5.26 , 6.0 , 6 , 6
2 , 5.26 , 6.0 , 6 , 6
2 , 5.26 , 6.0 , 6 , 6
2 , 5.26 , 6.0 , 6 , 6
2 , 5.26 , 6.0 , 6 , 6
2 , 5.26 , 6.0 , 6 , 6
2 , 5.24 , 6.0 , 6 , 6
2 , 5.24 , 6.0 , 6 , 6
2 , 5.24 , 6.0 , 6 , 6
2 , 5.24 , 6.0 , 6 , 6
2 , 5.24 , 6.0 , 6 , 6
2 , 5.24 , 6.0 , 6 , 6
2 , 5.24 , 6.0 , 6 , 6
2 , 5.24 , 6.0 , 6 , 6
2 , 5.24 , 6.0 , 6 , 6
2 , 5.24 , 6.0 , 6 , 6
2 , 5.24 , 6.0 , 6 , 6
2 , 5.24 , 6.0 , 6 , 6
2 , 5.24 , 6.0 , 6 , 6
2 , 5.24 , 6.0 , 6 , 6
2 , 5.24 , 6.0 , 6 , 6
2 , 5.24 , 6.0 , 6 , 6
2 , 5.24 , 6.0 , 6 , 6
2 , 5.24 , 6.0 , 6 , 6
2 , 5.24 , 6.0 , 6 , 6
2 , 5.24 , 6.0 , 6 , 6
2 , 5.24 , 6.0 , 6 , 6
2 , 5.24 , 6.0 , 6 , 6
2 , 5.24 , 6.0 , 6 , 6
2 , 5.24 , 6.0 , 6 , 6
2 , 5.24 , 6.0 , 6 , 6
2 , 5.24 , 6.0 , 6 , 6
2 , 5.24 , 6.0 , 6 , 6
2 , 5.24 , 6.0 , 6 , 6
2 , 5.24 , 6.0 , 6 , 6
2 , 5.24 , 6.0 , 6 , 6
2 , 5.24 , 6.0 , 6 , 6
2 , 5.24 , 6.0 , 6 , 6
2 , 5.24 , 6.0 , 6 , 6
2 , 5.24 , 6.0 , 6 , 6
2 , 5.24 , 6.0 , 6 , 6
2 , 5.24 , 6.0 , 6 , 6
2 , 5.24 , 6.0 , 6 , 6
2 , 5.22 , 6.0 , 6 , 6
2 , 5.22 , 6.0 , 6 , 6
2 , 5.2 , 6.0 , 6 , 6
2 , 5.2 , 6.0 , 6 , 6
2 , 5.16 , 6.0 , 6 , 6
2 , 5.16 , 6.0 , 6 , 6
2 , 5.16 , 6.0 , 6 , 6
2 , 5.16 , 6.0 , 6 , 6
2 , 5.16 , 6.0 , 6 , 6
2 , 5.16 , 6.0 , 6 , 6
2 , 5.16 , 6.0 , 6 , 6
2 , 5.16 , 6.0 , 6 , 6
2 , 5.16 , 6.0 , 6 , 6
2 , 5.16 , 6.0 , 6 , 6
2 , 5.16 , 6.0 , 6 , 6
2 , 5.16 , 6.0 , 6 , 6
2 , 5.16 , 6.0 , 6 , 6
2 , 5.16 , 6.0 , 6 , 6
2 , 5.16 , 6.0 , 6 , 6
2 , 5.16 , 6.0 , 6 , 6
2 , 5.16 , 6.0 , 6 , 6
2 , 5.16 , 6.0 , 6 , 6
2 , 5.16 , 6.0 , 6 , 6
2 , 5.16 , 6.0 , 6 , 6
2 , 5.16 , 6.0 , 6 , 6
2 , 5.16 , 6.0 , 6 , 6
2 , 5.16 , 6.0 , 6 , 6
2 , 5.16 , 6.0 , 6 , 6
2 , 5.16 , 6.0 , 6 , 6
2 , 5.16 , 6.0 , 6 , 6
2 , 5.16 , 6.0 , 6 , 6
2 , 5.16 , 6.0 , 6 , 6
2 , 5.16 , 6.0 , 6 , 6
2 , 5.16 , 6.0 , 6 , 6
2 , 5.16 , 6.0 , 6 , 6
2 , 5.16 , 6.0 , 6 , 6
2 , 5.16 , 6.0 , 6 , 6
2 , 5.16 , 6.0 , 6 , 6
2 , 5.16 , 6.0 , 6 , 6
2 , 5.16 , 6.0 , 6 , 6
2 , 5.16 , 6.0 , 6 , 6
2 , 5.16 , 6.0 , 6 , 6
2 , 5.16 , 6.0 , 6 , 6
2 , 5.16 , 6.0 , 6 , 6
2 , 5.16 , 6.0 , 6 , 6
2 , 5.16 , 6.0 , 6 , 6
2 , 5.16 , 6.0 , 6 , 6
2 , 5.16 , 6.0 , 6 , 6
2 , 5.16 , 6.0 , 6 , 6
2 , 5.16 , 6.0 , 6 , 6
2 , 5.16 , 6.0 , 6 , 6
2 , 5.14 , 6.0 , 6 , 6
2 , 5.14 , 6.0 , 6 , 6
2 , 5.14 , 6.0 , 6 , 6
2 , 5.14 , 6.0 , 6 , 6
2 , 5.14 , 6.0 , 6 , 6
2 , 5.14 , 6.0 , 6 , 6
2 , 5.14 , 6.0 , 6 , 6
2 , 5.14 , 6.0 , 6 , 6
2 , 5.14 , 6.0 , 6 , 6
2 , 5.14 , 6.0 , 6 , 6
2 , 5.14 , 6.0 , 6 , 6
2 , 5.12 , 6.0 , 6 , 6
2 , 5.12 , 6.0 , 6 , 6
2 , 5.12 , 6.0 , 6 , 6
2 , 5.12 , 6.0 , 6 , 6
2 , 5.12 , 6.0 , 6 , 6
2 , 5.12 , 6.0 , 6 , 6
2 , 5.12 , 6.0 , 6 , 6
2 , 5.12 , 6.0 , 6 , 6
2 , 5.12 , 6.0 , 6 , 6
2 , 5.12 , 6.0 , 6 , 6
2 , 5.12 , 6.0 , 6 , 6
2 , 5.12 , 6.0 , 6 , 6
2 , 5.12 , 6.0 , 6 , 6
2 , 5.12 , 6.0 , 6 , 6
2 , 5.12 , 6.0 , 6 , 6
2 , 5.12 , 6.0 , 6 , 6
2 , 5.12 , 6.0 , 6 , 6
2 , 5.12 , 6.0 , 6 , 6
2 , 5.12 , 6.0 , 6 , 6
2 , 5.12 , 6.0 , 6 , 6
2 , 5.12 , 6.0 , 6 , 6
2 , 5.12 , 6.0 , 6 , 6
2 , 5.12 , 6.0 , 6 , 6
2 , 5.12 , 6.0 , 6 , 6
2 , 5.12 , 6.0 , 6 , 6
2 , 5.12 , 6.0 , 6 , 6
2 , 5.12 , 6.0 , 6 , 6
2 , 5.12 , 6.0 , 6 , 6
2 , 5.12 , 6.0 , 6 , 6
2 , 5.12 , 6.0 , 6 , 6
2 , 5.12 , 6.0 , 6 , 6
2 , 5.12 , 6.0 , 6 , 6
2 , 5.12 , 6.0 , 6 , 6
2 , 5.12 , 6.0 , 6 , 6
2 , 5.12 , 6.0 , 6 , 6
2 , 5.12 , 6.0 , 6 , 6
2 , 5.12 , 6.0 , 6 , 6
2 , 5.12 , 6.0 , 6 , 6
2 , 5.12 , 6.0 , 6 , 6
2 , 5.1 , 6.0 , 6 , 6
2 , 5.1 , 6.0 , 6 , 6
2 , 5.1 , 6.0 , 6 , 6
2 , 5.08 , 6.0 , 6 , 6
2 , 5.08 , 6.0 , 6 , 6
2 , 5.08 , 6.0 , 6 , 6
2 , 5.08 , 6.0 , 6 , 6
2 , 5.08 , 6.0 , 6 , 6
2 , 5.08 , 6.0 , 6 , 6
2 , 5.08 , 6.0 , 6 , 6
2 , 5.08 , 6.0 , 6 , 6
2 , 5.08 , 6.0 , 6 , 6
2 , 5.08 , 6.0 , 6 , 6
2 , 5.08 , 6.0 , 6 , 6
2 , 5.08 , 6.0 , 6 , 6
2 , 5.08 , 6.0 , 6 , 6
2 , 5.08 , 6.0 , 6 , 6
2 , 5.08 , 6.0 , 6 , 6
2 , 5.08 , 6.0 , 6 , 6
2 , 5.08 , 6.0 , 6 , 6
2 , 5.08 , 6.0 , 6 , 6
2 , 5.08 , 6.0 , 6 , 6
2 , 5.08 , 6.0 , 6 , 6
2 , 5.08 , 6.0 , 6 , 6
2 , 5.08 , 6.0 , 6 , 6
2 , 5.06 , 6.0 , 6 , 6
2 , 5.06 , 6.0 , 6 , 6
2 , 5.06 , 6.0 , 6 , 6
2 , 5.06 , 6.0 , 6 , 6
2 , 5.06 , 6.0 , 6 , 6
2 , 5.06 , 6.0 , 6 , 6
2 , 5.06 , 6.0 , 6 , 6
2 , 5.04 , 6.0 , 6 , 6
2 , 5.02 , 6.0 , 6 , 6
2 , 5.02 , 6.0 , 6 , 6
2 , 5.02 , 6.0 , 6 , 6
2 , 5.02 , 6.0 , 6 , 6
2 , 5.02 , 6.0 , 6 , 6
2 , 5.02 , 6.0 , 6 , 6
2 , 5.02 , 6.0 , 6 , 6
2 , 5.0 , 6.0 , 6 , 6
2 , 5.0 , 6.0 , 6 , 6
2 , 5.0 , 6.0 , 6 , 6
2 , 4.98 , 6.0 , 6 , 6
2 , 4.98 , 6.0 , 6 , 6
2 , 4.98 , 6.0 , 6 , 6
2 , 4.98 , 6.0 , 6 , 6
2 , 4.98 , 6.0 , 6 , 6
2 , 4.98 , 6.0 , 6 , 6
2 , 4.98 , 6.0 , 6 , 6
2 , 4.98 , 6.0 , 6 , 6
2 , 4.98 , 6.0 , 6 , 6
2 , 4.98 , 6.0 , 6 , 6
2 , 4.96 , 5.0 , 6 , 6
2 , 4.96 , 5.0 , 6 , 6
2 , 4.96 , 5.0 , 6 , 6
2 , 4.96 , 5.0 , 6 , 6
2 , 4.96 , 5.0 , 6 , 6
2 , 4.96 , 5.0 , 6 , 6
2 , 4.94 , 4.0 , 4 , 6
2 , 4.94 , 4.0 , 4 , 6
2 , 4.94 , 4.0 , 4 , 6
2 , 4.94 , 4.0 , 4 , 6
2 , 4.94 , 4.0 , 4 , 6
2 , 4.94 , 4.0 , 4 , 6
2 , 4.92 , 4.0 , 4 , 6
2 , 4.92 , 4.0 , 4 , 6
2 , 4.92 , 4.0 , 4 , 6
2 , 4.92 , 4.0 , 4 , 6
2 , 4.92 , 4.0 , 4 , 6
2 , 4.92 , 4.0 , 4 , 6
2 , 4.92 , 4.0 , 4 , 6
2 , 4.92 , 4.0 , 4 , 6
2 , 4.92 , 4.0 , 4 , 6
2 , 4.92 , 4.0 , 4 , 6
2 , 4.92 , 4.0 , 4 , 6
2 , 4.92 , 4.0 , 4 , 6
2 , 4.9 , 4.0 , 4 , 6
2 , 4.9 , 4.0 , 4 , 6
2 , 4.88 , 4.0 , 4 , 6
2 , 4.88 , 4.0 , 4 , 6
2 , 4.86 , 4.0 , 4 , 6
2 , 4.86 , 4.0 , 4 , 6
2 , 4.86 , 4.0 , 4 , 6
2 , 4.86 , 4.0 , 4 , 6
2 , 4.86 , 4.0 , 4 , 6
2 , 4.86 , 4.0 , 4 , 6
2 , 4.86 , 4.0 , 4 , 6
2 , 4.86 , 4.0 , 4 , 6
2 , 4.86 , 4.0 , 4 , 6
2 , 4.86 , 4.0 , 4 , 6
2 , 4.86 , 4.0 , 4 , 6
2 , 4.84 , 4.0 , 4 , 6
2 , 4.84 , 4.0 , 4 , 6
2 , 4.84 , 4.0 , 4 , 6
2 , 4.84 , 4.0 , 4 , 6
2 , 4.84 , 4.0 , 4 , 6
2 , 4.84 , 4.0 , 4 , 6
2 , 4.84 , 4.0 , 4 , 6
2 , 4.84 , 4.0 , 4 , 6
2 , 4.84 , 4.0 , 4 , 6
2 , 4.84 , 4.0 , 4 , 6
2 , 4.84 , 4.0 , 4 , 6
2 , 4.84 , 4.0 , 4 , 6
2 , 4.84 , 4.0 , 4 , 6
2 , 4.84 , 4.0 , 4 , 6
2 , 4.84 , 4.0 , 4 , 6
2 , 4.84 , 4.0 , 4 , 6
2 , 4.84 , 4.0 , 4 , 6
2 , 4.84 , 4.0 , 4 , 6
2 , 4.82 , 4.0 , 4 , 6
2 , 4.82 , 4.0 , 4 , 6
2 , 4.82 , 4.0 , 4 , 6
2 , 4.82 , 4.0 , 4 , 6
2 , 4.82 , 4.0 , 4 , 6
2 , 4.82 , 4.0 , 4 , 6
2 , 4.82 , 4.0 , 4 , 6
2 , 4.82 , 4.0 , 4 , 6
2 , 4.82 , 4.0 , 4 , 6
2 , 4.82 , 4.0 , 4 , 6
2 , 4.82 , 4.0 , 4 , 6
2 , 4.82 , 4.0 , 4 , 6
2 , 4.82 , 4.0 , 4 , 6
2 , 4.8 , 4.0 , 4 , 6
2 , 4.8 , 4.0 , 4 , 6
2 , 4.8 , 4.0 , 4 , 6
2 , 4.8 , 4.0 , 4 , 6
2 , 4.8 , 4.0 , 4 , 6
2 , 4.8 , 4.0 , 4 , 6
2 , 4.76 , 4.0 , 4 , 6
2 , 4.76 , 4.0 , 4 , 6
2 , 4.76 , 4.0 , 4 , 6
2 , 4.76 , 4.0 , 4 , 6
2 , 4.76 , 4.0 , 4 , 6
2 , 4.76 , 4.0 , 4 , 6
2 , 4.76 , 4.0 , 4 , 6
2 , 4.76 , 4.0 , 4 , 6
2 , 4.76 , 4.0 , 4 , 6
2 , 4.76 , 4.0 , 4 , 6
2 , 4.74 , 4.0 , 4 , 6
2 , 4.74 , 4.0 , 4 , 6
2 , 4.74 , 4.0 , 4 , 6
2 , 4.74 , 4.0 , 4 , 6
2 , 4.74 , 4.0 , 4 , 6
2 , 4.74 , 4.0 , 4 , 6
2 , 4.74 , 4.0 , 4 , 6
2 , 4.74 , 4.0 , 4 , 6
2 , 4.74 , 4.0 , 4 , 6
2 , 4.74 , 4.0 , 4 , 6
2 , 4.74 , 4.0 , 4 , 6
0  Perfect solutions
perfect solution individuals []
