6 , 15.14 , 14.0 , 14 , 26
6 , 14.94 , 14.0 , 14 , 26
6 , 14.8 , 14.0 , 14 , 24
6 , 14.66 , 14.0 , 14 , 22
6 , 14.58 , 14.0 , 14 , 22
6 , 14.44 , 14.0 , 14 , 22
6 , 14.32 , 14.0 , 14 , 22
6 , 14.18 , 14.0 , 14 , 20
6 , 14.0 , 14.0 , 14 , 20
6 , 13.9 , 14.0 , 14 , 20
6 , 13.82 , 14.0 , 14 , 20
6 , 13.76 , 14.0 , 14 , 18
6 , 13.64 , 14.0 , 14 , 18
6 , 13.56 , 14.0 , 14 , 18
6 , 13.44 , 14.0 , 14 , 18
6 , 13.36 , 14.0 , 14 , 18
6 , 13.24 , 14.0 , 14 , 18
6 , 13.14 , 14.0 , 14 , 18
6 , 13.08 , 14.0 , 14 , 18
6 , 12.98 , 14.0 , 14 , 18
6 , 12.88 , 14.0 , 14 , 16
6 , 12.88 , 14.0 , 14 , 16
6 , 12.8 , 14.0 , 14 , 16
6 , 12.76 , 14.0 , 14 , 16
6 , 12.7 , 14.0 , 14 , 16
6 , 12.58 , 13.0 , 14 , 16
6 , 12.44 , 12.0 , 14 , 16
6 , 12.34 , 12.0 , 14 , 16
6 , 12.26 , 12.0 , 14 , 16
6 , 12.18 , 12.0 , 14 , 16
6 , 12.1 , 12.0 , 14 , 16
6 , 12.0 , 12.0 , 14 , 16
6 , 11.94 , 12.0 , 14 , 16
6 , 11.88 , 12.0 , 14 , 16
6 , 11.84 , 12.0 , 12 , 16
6 , 11.76 , 12.0 , 12 , 16
6 , 11.72 , 12.0 , 12 , 14
6 , 11.7 , 12.0 , 12 , 14
6 , 11.7 , 12.0 , 12 , 14
6 , 11.66 , 12.0 , 12 , 14
6 , 11.6 , 12.0 , 12 , 14
6 , 11.54 , 12.0 , 12 , 14
4 , 11.38 , 12.0 , 12 , 14
4 , 11.36 , 12.0 , 12 , 14
4 , 11.36 , 12.0 , 12 , 14
4 , 11.36 , 12.0 , 12 , 14
4 , 11.32 , 12.0 , 12 , 14
4 , 11.28 , 12.0 , 12 , 14
4 , 11.28 , 12.0 , 12 , 14
4 , 11.28 , 12.0 , 12 , 14
4 , 11.18 , 12.0 , 12 , 14
4 , 11.14 , 12.0 , 12 , 14
4 , 11.1 , 12.0 , 12 , 14
4 , 11.1 , 12.0 , 12 , 14
4 , 11.08 , 12.0 , 12 , 14
4 , 11.08 , 12.0 , 12 , 14
4 , 11.04 , 12.0 , 12 , 14
4 , 11.0 , 12.0 , 12 , 14
4 , 10.94 , 12.0 , 12 , 14
4 , 10.9 , 12.0 , 12 , 14
4 , 10.78 , 11.0 , 12 , 14
4 , 10.68 , 10.0 , 12 , 14
4 , 10.64 , 10.0 , 12 , 14
4 , 10.54 , 10.0 , 12 , 14
4 , 10.44 , 10.0 , 12 , 14
4 , 10.44 , 10.0 , 12 , 14
4 , 10.38 , 10.0 , 12 , 14
4 , 10.36 , 10.0 , 12 , 14
4 , 10.32 , 10.0 , 12 , 14
4 , 10.3 , 10.0 , 12 , 12
4 , 10.28 , 10.0 , 12 , 12
4 , 10.28 , 10.0 , 12 , 12
4 , 10.28 , 10.0 , 12 , 12
4 , 10.28 , 10.0 , 12 , 12
4 , 10.24 , 10.0 , 12 , 12
4 , 10.22 , 10.0 , 12 , 12
4 , 10.2 , 10.0 , 12 , 12
4 , 10.12 , 10.0 , 10 , 12
4 , 10.08 , 10.0 , 10 , 12
4 , 10.06 , 10.0 , 10 , 12
4 , 9.98 , 10.0 , 10 , 12
4 , 9.96 , 10.0 , 10 , 12
4 , 9.9 , 10.0 , 10 , 12
4 , 9.84 , 10.0 , 10 , 12
4 , 9.8 , 10.0 , 10 , 12
4 , 9.8 , 10.0 , 10 , 12
4 , 9.74 , 10.0 , 10 , 12
4 , 9.74 , 10.0 , 10 , 12
4 , 9.7 , 10.0 , 10 , 12
4 , 9.64 , 10.0 , 10 , 12
4 , 9.64 , 10.0 , 10 , 12
4 , 9.62 , 10.0 , 10 , 12
4 , 9.62 , 10.0 , 10 , 12
4 , 9.62 , 10.0 , 10 , 12
4 , 9.62 , 10.0 , 10 , 12
4 , 9.58 , 10.0 , 10 , 12
4 , 9.52 , 10.0 , 10 , 12
4 , 9.52 , 10.0 , 10 , 12
4 , 9.52 , 10.0 , 10 , 12
4 , 9.52 , 10.0 , 10 , 12
4 , 9.52 , 10.0 , 10 , 12
4 , 9.52 , 10.0 , 10 , 12
4 , 9.44 , 10.0 , 10 , 12
4 , 9.42 , 10.0 , 10 , 12
4 , 9.42 , 10.0 , 10 , 12
4 , 9.34 , 10.0 , 10 , 12
4 , 9.3 , 10.0 , 10 , 12
4 , 9.28 , 10.0 , 10 , 12
4 , 9.28 , 10.0 , 10 , 12
4 , 9.28 , 10.0 , 10 , 12
4 , 9.2 , 10.0 , 10 , 12
4 , 9.2 , 10.0 , 10 , 12
4 , 9.2 , 10.0 , 10 , 12
4 , 9.2 , 10.0 , 10 , 12
4 , 9.2 , 10.0 , 10 , 12
4 , 9.18 , 10.0 , 10 , 12
4 , 9.18 , 10.0 , 10 , 12
4 , 9.1 , 10.0 , 10 , 12
4 , 9.08 , 10.0 , 10 , 12
2 , 8.94 , 10.0 , 10 , 12
2 , 8.94 , 10.0 , 10 , 12
2 , 8.94 , 10.0 , 10 , 12
2 , 8.94 , 10.0 , 10 , 12
2 , 8.94 , 10.0 , 10 , 12
2 , 8.9 , 10.0 , 10 , 12
2 , 8.9 , 10.0 , 10 , 12
2 , 8.84 , 10.0 , 10 , 12
2 , 8.78 , 10.0 , 10 , 12
2 , 8.78 , 10.0 , 10 , 12
2 , 8.78 , 10.0 , 10 , 12
2 , 8.74 , 10.0 , 10 , 12
2 , 8.68 , 10.0 , 10 , 10
2 , 8.68 , 10.0 , 10 , 10
2 , 8.66 , 10.0 , 10 , 10
2 , 8.62 , 9.0 , 10 , 10
2 , 8.6 , 8.0 , 10 , 10
2 , 8.56 , 8.0 , 10 , 10
2 , 8.56 , 8.0 , 10 , 10
2 , 8.56 , 8.0 , 10 , 10
2 , 8.54 , 8.0 , 10 , 10
2 , 8.54 , 8.0 , 10 , 10
2 , 8.54 , 8.0 , 10 , 10
2 , 8.54 , 8.0 , 10 , 10
2 , 8.52 , 8.0 , 10 , 10
2 , 8.52 , 8.0 , 10 , 10
2 , 8.5 , 8.0 , 10 , 10
2 , 8.48 , 8.0 , 10 , 10
2 , 8.48 , 8.0 , 10 , 10
2 , 8.48 , 8.0 , 10 , 10
2 , 8.46 , 8.0 , 8 , 10
2 , 8.46 , 8.0 , 8 , 10
2 , 8.44 , 8.0 , 8 , 10
2 , 8.42 , 8.0 , 8 , 10
2 , 8.4 , 8.0 , 8 , 10
2 , 8.4 , 8.0 , 8 , 10
2 , 8.36 , 8.0 , 8 , 10
2 , 8.36 , 8.0 , 8 , 10
2 , 8.34 , 8.0 , 8 , 10
2 , 8.28 , 8.0 , 8 , 10
2 , 8.24 , 8.0 , 8 , 10
2 , 8.24 , 8.0 , 8 , 10
2 , 8.22 , 8.0 , 8 , 10
2 , 8.18 , 8.0 , 8 , 10
2 , 8.18 , 8.0 , 8 , 10
2 , 8.14 , 8.0 , 8 , 10
2 , 8.08 , 8.0 , 8 , 10
2 , 8.06 , 8.0 , 8 , 10
2 , 8.02 , 8.0 , 8 , 10
2 , 8.0 , 8.0 , 8 , 10
2 , 8.0 , 8.0 , 8 , 10
2 , 7.98 , 8.0 , 8 , 10
2 , 7.92 , 8.0 , 8 , 10
2 , 7.9 , 8.0 , 8 , 10
2 , 7.9 , 8.0 , 8 , 10
2 , 7.9 , 8.0 , 8 , 10
2 , 7.9 , 8.0 , 8 , 10
2 , 7.9 , 8.0 , 8 , 10
2 , 7.9 , 8.0 , 8 , 10
2 , 7.9 , 8.0 , 8 , 10
2 , 7.9 , 8.0 , 8 , 10
2 , 7.88 , 8.0 , 8 , 10
2 , 7.88 , 8.0 , 8 , 10
2 , 7.88 , 8.0 , 8 , 10
2 , 7.8 , 8.0 , 8 , 10
2 , 7.78 , 8.0 , 8 , 10
2 , 7.78 , 8.0 , 8 , 10
2 , 7.76 , 8.0 , 8 , 10
2 , 7.76 , 8.0 , 8 , 10
2 , 7.76 , 8.0 , 8 , 10
2 , 7.76 , 8.0 , 8 , 10
2 , 7.76 , 8.0 , 8 , 10
2 , 7.76 , 8.0 , 8 , 10
2 , 7.72 , 8.0 , 8 , 10
2 , 7.72 , 8.0 , 8 , 10
2 , 7.72 , 8.0 , 8 , 10
2 , 7.72 , 8.0 , 8 , 10
2 , 7.7 , 8.0 , 8 , 10
2 , 7.68 , 8.0 , 8 , 10
2 , 7.66 , 8.0 , 8 , 10
2 , 7.66 , 8.0 , 8 , 10
2 , 7.62 , 8.0 , 8 , 10
2 , 7.58 , 8.0 , 8 , 10
2 , 7.58 , 8.0 , 8 , 10
2 , 7.58 , 8.0 , 8 , 10
2 , 7.58 , 8.0 , 8 , 10
2 , 7.54 , 8.0 , 8 , 10
2 , 7.52 , 8.0 , 8 , 10
2 , 7.48 , 8.0 , 8 , 10
2 , 7.48 , 8.0 , 8 , 10
2 , 7.48 , 8.0 , 8 , 10
2 , 7.44 , 8.0 , 8 , 10
2 , 7.4 , 8.0 , 8 , 10
2 , 7.4 , 8.0 , 8 , 10
2 , 7.4 , 8.0 , 8 , 10
2 , 7.38 , 8.0 , 8 , 10
2 , 7.38 , 8.0 , 8 , 10
2 , 7.36 , 8.0 , 8 , 10
2 , 7.36 , 8.0 , 8 , 10
2 , 7.36 , 8.0 , 8 , 10
2 , 7.32 , 8.0 , 8 , 10
2 , 7.32 , 8.0 , 8 , 10
2 , 7.3 , 8.0 , 8 , 10
2 , 7.28 , 8.0 , 8 , 10
2 , 7.28 , 8.0 , 8 , 10
2 , 7.24 , 8.0 , 8 , 10
2 , 7.2 , 8.0 , 8 , 8
2 , 7.2 , 8.0 , 8 , 8
2 , 7.2 , 8.0 , 8 , 8
2 , 7.18 , 8.0 , 8 , 8
2 , 7.18 , 8.0 , 8 , 8
2 , 7.18 , 8.0 , 8 , 8
2 , 7.18 , 8.0 , 8 , 8
2 , 7.18 , 8.0 , 8 , 8
2 , 7.14 , 8.0 , 8 , 8
2 , 7.14 , 8.0 , 8 , 8
2 , 7.1 , 8.0 , 8 , 8
2 , 7.1 , 8.0 , 8 , 8
2 , 7.08 , 8.0 , 8 , 8
2 , 7.06 , 8.0 , 8 , 8
2 , 7.06 , 8.0 , 8 , 8
2 , 7.06 , 8.0 , 8 , 8
2 , 7.04 , 8.0 , 8 , 8
2 , 7.04 , 8.0 , 8 , 8
2 , 7.04 , 8.0 , 8 , 8
2 , 7.02 , 8.0 , 8 , 8
2 , 7.0 , 8.0 , 8 , 8
2 , 6.98 , 8.0 , 8 , 8
2 , 6.98 , 8.0 , 8 , 8
2 , 6.98 , 8.0 , 8 , 8
2 , 6.98 , 8.0 , 8 , 8
2 , 6.98 , 8.0 , 8 , 8
2 , 6.98 , 8.0 , 8 , 8
2 , 6.98 , 8.0 , 8 , 8
2 , 6.98 , 8.0 , 8 , 8
2 , 6.96 , 8.0 , 8 , 8
2 , 6.9 , 8.0 , 8 , 8
2 , 6.88 , 8.0 , 8 , 8
2 , 6.88 , 8.0 , 8 , 8
2 , 6.88 , 8.0 , 8 , 8
2 , 6.88 , 8.0 , 8 , 8
2 , 6.88 , 8.0 , 8 , 8
2 , 6.88 , 8.0 , 8 , 8
2 , 6.88 , 8.0 , 8 , 8
2 , 6.88 , 8.0 , 8 , 8
2 , 6.88 , 8.0 , 8 , 8
2 , 6.88 , 8.0 , 8 , 8
2 , 6.88 , 8.0 , 8 , 8
2 , 6.88 , 8.0 , 8 , 8
2 , 6.88 , 8.0 , 8 , 8
2 , 6.88 , 8.0 , 8 , 8
2 , 6.86 , 8.0 , 8 , 8
2 , 6.86 , 8.0 , 8 , 8
2 , 6.86 , 8.0 , 8 , 8
2 , 6.86 , 8.0 , 8 , 8
2 , 6.82 , 8.0 , 8 , 8
2 , 6.82 , 8.0 , 8 , 8
2 , 6.82 , 8.0 , 8 , 8
2 , 6.82 , 8.0 , 8 , 8
2 , 6.8 , 8.0 , 8 , 8
2 , 6.8 , 8.0 , 8 , 8
2 , 6.8 , 8.0 , 8 , 8
2 , 6.8 , 8.0 , 8 , 8
2 , 6.76 , 8.0 , 8 , 8
2 , 6.76 , 8.0 , 8 , 8
2 , 6.74 , 8.0 , 8 , 8
2 , 6.74 , 8.0 , 8 , 8
2 , 6.74 , 8.0 , 8 , 8
2 , 6.72 , 7.0 , 8 , 8
2 , 6.72 , 7.0 , 8 , 8
2 , 6.72 , 7.0 , 8 , 8
2 , 6.72 , 7.0 , 8 , 8
2 , 6.72 , 7.0 , 8 , 8
2 , 6.72 , 7.0 , 8 , 8
2 , 6.68 , 6.0 , 8 , 8
2 , 6.68 , 6.0 , 8 , 8
2 , 6.68 , 6.0 , 8 , 8
2 , 6.64 , 6.0 , 8 , 8
2 , 6.64 , 6.0 , 8 , 8
2 , 6.64 , 6.0 , 8 , 8
2 , 6.64 , 6.0 , 8 , 8
2 , 6.64 , 6.0 , 8 , 8
2 , 6.62 , 6.0 , 8 , 8
2 , 6.62 , 6.0 , 8 , 8
2 , 6.62 , 6.0 , 8 , 8
2 , 6.62 , 6.0 , 8 , 8
2 , 6.62 , 6.0 , 8 , 8
2 , 6.62 , 6.0 , 8 , 8
2 , 6.62 , 6.0 , 8 , 8
2 , 6.62 , 6.0 , 8 , 8
2 , 6.62 , 6.0 , 8 , 8
2 , 6.58 , 6.0 , 8 , 8
2 , 6.56 , 6.0 , 8 , 8
2 , 6.56 , 6.0 , 8 , 8
2 , 6.56 , 6.0 , 8 , 8
2 , 6.54 , 6.0 , 8 , 8
2 , 6.54 , 6.0 , 8 , 8
2 , 6.52 , 6.0 , 8 , 8
2 , 6.52 , 6.0 , 8 , 8
2 , 6.52 , 6.0 , 8 , 8
2 , 6.52 , 6.0 , 8 , 8
2 , 6.5 , 6.0 , 6 , 8
2 , 6.5 , 6.0 , 6 , 8
2 , 6.5 , 6.0 , 6 , 8
2 , 6.5 , 6.0 , 6 , 8
2 , 6.5 , 6.0 , 6 , 8
2 , 6.5 , 6.0 , 6 , 8
2 , 6.5 , 6.0 , 6 , 8
2 , 6.5 , 6.0 , 6 , 8
2 , 6.5 , 6.0 , 6 , 8
2 , 6.5 , 6.0 , 6 , 8
2 , 6.48 , 6.0 , 6 , 8
2 , 6.48 , 6.0 , 6 , 8
2 , 6.48 , 6.0 , 6 , 8
2 , 6.44 , 6.0 , 6 , 8
2 , 6.44 , 6.0 , 6 , 8
2 , 6.44 , 6.0 , 6 , 8
2 , 6.42 , 6.0 , 6 , 8
2 , 6.42 , 6.0 , 6 , 8
2 , 6.4 , 6.0 , 6 , 8
2 , 6.4 , 6.0 , 6 , 8
2 , 6.4 , 6.0 , 6 , 8
2 , 6.4 , 6.0 , 6 , 8
2 , 6.4 , 6.0 , 6 , 8
2 , 6.4 , 6.0 , 6 , 8
2 , 6.4 , 6.0 , 6 , 8
2 , 6.4 , 6.0 , 6 , 8
2 , 6.4 , 6.0 , 6 , 8
2 , 6.34 , 6.0 , 6 , 8
2 , 6.32 , 6.0 , 6 , 8
2 , 6.32 , 6.0 , 6 , 8
2 , 6.32 , 6.0 , 6 , 8
2 , 6.32 , 6.0 , 6 , 8
2 , 6.32 , 6.0 , 6 , 8
2 , 6.32 , 6.0 , 6 , 8
2 , 6.32 , 6.0 , 6 , 8
2 , 6.32 , 6.0 , 6 , 8
2 , 6.32 , 6.0 , 6 , 8
2 , 6.28 , 6.0 , 6 , 8
2 , 6.26 , 6.0 , 6 , 8
2 , 6.24 , 6.0 , 6 , 8
2 , 6.22 , 6.0 , 6 , 8
2 , 6.22 , 6.0 , 6 , 8
2 , 6.2 , 6.0 , 6 , 8
2 , 6.2 , 6.0 , 6 , 8
2 , 6.2 , 6.0 , 6 , 8
2 , 6.16 , 6.0 , 6 , 8
2 , 6.12 , 6.0 , 6 , 8
2 , 6.1 , 6.0 , 6 , 8
2 , 6.1 , 6.0 , 6 , 8
2 , 6.06 , 6.0 , 6 , 8
2 , 6.06 , 6.0 , 6 , 8
2 , 6.04 , 6.0 , 6 , 8
2 , 6.02 , 6.0 , 6 , 8
2 , 6.02 , 6.0 , 6 , 8
2 , 6.02 , 6.0 , 6 , 8
2 , 6.02 , 6.0 , 6 , 8
2 , 6.02 , 6.0 , 6 , 8
2 , 6.0 , 6.0 , 6 , 8
2 , 6.0 , 6.0 , 6 , 8
2 , 6.0 , 6.0 , 6 , 8
2 , 6.0 , 6.0 , 6 , 8
2 , 6.0 , 6.0 , 6 , 8
2 , 6.0 , 6.0 , 6 , 8
2 , 6.0 , 6.0 , 6 , 8
2 , 6.0 , 6.0 , 6 , 8
2 , 6.0 , 6.0 , 6 , 8
2 , 6.0 , 6.0 , 6 , 8
2 , 5.98 , 6.0 , 6 , 8
2 , 5.98 , 6.0 , 6 , 8
2 , 5.98 , 6.0 , 6 , 8
2 , 5.98 , 6.0 , 6 , 8
2 , 5.98 , 6.0 , 6 , 8
2 , 5.98 , 6.0 , 6 , 8
2 , 5.96 , 6.0 , 6 , 8
2 , 5.96 , 6.0 , 6 , 8
2 , 5.94 , 6.0 , 6 , 8
2 , 5.94 , 6.0 , 6 , 8
2 , 5.94 , 6.0 , 6 , 8
2 , 5.94 , 6.0 , 6 , 8
2 , 5.92 , 6.0 , 6 , 8
2 , 5.92 , 6.0 , 6 , 8
2 , 5.92 , 6.0 , 6 , 8
2 , 5.9 , 6.0 , 6 , 8
2 , 5.9 , 6.0 , 6 , 8
2 , 5.9 , 6.0 , 6 , 8
2 , 5.88 , 6.0 , 6 , 8
2 , 5.84 , 6.0 , 6 , 8
2 , 5.8 , 6.0 , 6 , 8
2 , 5.8 , 6.0 , 6 , 8
2 , 5.8 , 6.0 , 6 , 8
2 , 5.8 , 6.0 , 6 , 8
2 , 5.8 , 6.0 , 6 , 8
2 , 5.78 , 6.0 , 6 , 8
2 , 5.78 , 6.0 , 6 , 8
2 , 5.78 , 6.0 , 6 , 8
2 , 5.78 , 6.0 , 6 , 8
2 , 5.78 , 6.0 , 6 , 8
2 , 5.78 , 6.0 , 6 , 8
2 , 5.78 , 6.0 , 6 , 8
2 , 5.78 , 6.0 , 6 , 8
2 , 5.76 , 6.0 , 6 , 8
2 , 5.76 , 6.0 , 6 , 8
2 , 5.76 , 6.0 , 6 , 8
2 , 5.76 , 6.0 , 6 , 8
2 , 5.76 , 6.0 , 6 , 8
2 , 5.76 , 6.0 , 6 , 8
2 , 5.76 , 6.0 , 6 , 8
2 , 5.76 , 6.0 , 6 , 8
2 , 5.76 , 6.0 , 6 , 8
2 , 5.74 , 6.0 , 6 , 8
2 , 5.74 , 6.0 , 6 , 8
2 , 5.74 , 6.0 , 6 , 8
2 , 5.72 , 6.0 , 6 , 8
2 , 5.72 , 6.0 , 6 , 8
2 , 5.72 , 6.0 , 6 , 8
2 , 5.72 , 6.0 , 6 , 8
2 , 5.72 , 6.0 , 6 , 8
2 , 5.7 , 6.0 , 6 , 8
2 , 5.7 , 6.0 , 6 , 8
2 , 5.7 , 6.0 , 6 , 8
2 , 5.7 , 6.0 , 6 , 8
2 , 5.7 , 6.0 , 6 , 8
2 , 5.68 , 6.0 , 6 , 8
2 , 5.68 , 6.0 , 6 , 8
2 , 5.68 , 6.0 , 6 , 8
2 , 5.68 , 6.0 , 6 , 8
2 , 5.64 , 6.0 , 6 , 8
2 , 5.64 , 6.0 , 6 , 8
2 , 5.64 , 6.0 , 6 , 8
2 , 5.6 , 6.0 , 6 , 8
2 , 5.6 , 6.0 , 6 , 8
2 , 5.6 , 6.0 , 6 , 8
2 , 5.6 , 6.0 , 6 , 8
2 , 5.6 , 6.0 , 6 , 8
2 , 5.6 , 6.0 , 6 , 8
2 , 5.58 , 6.0 , 6 , 8
2 , 5.58 , 6.0 , 6 , 8
2 , 5.58 , 6.0 , 6 , 8
2 , 5.58 , 6.0 , 6 , 8
2 , 5.58 , 6.0 , 6 , 8
2 , 5.58 , 6.0 , 6 , 8
2 , 5.58 , 6.0 , 6 , 8
2 , 5.58 , 6.0 , 6 , 8
2 , 5.58 , 6.0 , 6 , 8
2 , 5.58 , 6.0 , 6 , 8
2 , 5.58 , 6.0 , 6 , 8
2 , 5.52 , 6.0 , 6 , 8
2 , 5.52 , 6.0 , 6 , 8
2 , 5.52 , 6.0 , 6 , 8
2 , 5.52 , 6.0 , 6 , 8
2 , 5.52 , 6.0 , 6 , 8
2 , 5.52 , 6.0 , 6 , 8
2 , 5.52 , 6.0 , 6 , 8
2 , 5.48 , 6.0 , 6 , 8
2 , 5.48 , 6.0 , 6 , 8
2 , 5.48 , 6.0 , 6 , 8
2 , 5.46 , 6.0 , 6 , 8
2 , 5.42 , 6.0 , 6 , 8
2 , 5.42 , 6.0 , 6 , 8
2 , 5.42 , 6.0 , 6 , 8
2 , 5.42 , 6.0 , 6 , 8
2 , 5.42 , 6.0 , 6 , 8
2 , 5.4 , 6.0 , 6 , 6
2 , 5.4 , 6.0 , 6 , 6
2 , 5.4 , 6.0 , 6 , 6
2 , 5.4 , 6.0 , 6 , 6
2 , 5.4 , 6.0 , 6 , 6
2 , 5.38 , 6.0 , 6 , 6
2 , 5.38 , 6.0 , 6 , 6
2 , 5.38 , 6.0 , 6 , 6
2 , 5.38 , 6.0 , 6 , 6
2 , 5.38 , 6.0 , 6 , 6
2 , 5.38 , 6.0 , 6 , 6
2 , 5.38 , 6.0 , 6 , 6
2 , 5.38 , 6.0 , 6 , 6
2 , 5.38 , 6.0 , 6 , 6
2 , 5.38 , 6.0 , 6 , 6
2 , 5.38 , 6.0 , 6 , 6
2 , 5.38 , 6.0 , 6 , 6
2 , 5.38 , 6.0 , 6 , 6
2 , 5.38 , 6.0 , 6 , 6
2 , 5.38 , 6.0 , 6 , 6
2 , 5.38 , 6.0 , 6 , 6
2 , 5.38 , 6.0 , 6 , 6
2 , 5.38 , 6.0 , 6 , 6
2 , 5.36 , 6.0 , 6 , 6
2 , 5.36 , 6.0 , 6 , 6
2 , 5.36 , 6.0 , 6 , 6
2 , 5.36 , 6.0 , 6 , 6
2 , 5.36 , 6.0 , 6 , 6
2 , 5.36 , 6.0 , 6 , 6
2 , 5.36 , 6.0 , 6 , 6
2 , 5.36 , 6.0 , 6 , 6
2 , 5.36 , 6.0 , 6 , 6
2 , 5.36 , 6.0 , 6 , 6
2 , 5.36 , 6.0 , 6 , 6
2 , 5.36 , 6.0 , 6 , 6
2 , 5.36 , 6.0 , 6 , 6
2 , 5.36 , 6.0 , 6 , 6
2 , 5.34 , 6.0 , 6 , 6
2 , 5.34 , 6.0 , 6 , 6
2 , 5.34 , 6.0 , 6 , 6
2 , 5.34 , 6.0 , 6 , 6
2 , 5.34 , 6.0 , 6 , 6
2 , 5.34 , 6.0 , 6 , 6
2 , 5.34 , 6.0 , 6 , 6
2 , 5.34 , 6.0 , 6 , 6
2 , 5.34 , 6.0 , 6 , 6
2 , 5.34 , 6.0 , 6 , 6
2 , 5.34 , 6.0 , 6 , 6
2 , 5.34 , 6.0 , 6 , 6
2 , 5.34 , 6.0 , 6 , 6
2 , 5.32 , 6.0 , 6 , 6
2 , 5.32 , 6.0 , 6 , 6
2 , 5.32 , 6.0 , 6 , 6
2 , 5.32 , 6.0 , 6 , 6
2 , 5.32 , 6.0 , 6 , 6
2 , 5.3 , 6.0 , 6 , 6
2 , 5.3 , 6.0 , 6 , 6
2 , 5.26 , 6.0 , 6 , 6
2 , 5.26 , 6.0 , 6 , 6
2 , 5.26 , 6.0 , 6 , 6
2 , 5.26 , 6.0 , 6 , 6
2 , 5.26 , 6.0 , 6 , 6
2 , 5.26 , 6.0 , 6 , 6
2 , 5.26 , 6.0 , 6 , 6
2 , 5.24 , 6.0 , 6 , 6
2 , 5.24 , 6.0 , 6 , 6
2 , 5.24 , 6.0 , 6 , 6
2 , 5.24 , 6.0 , 6 , 6
2 , 5.24 , 6.0 , 6 , 6
2 , 5.24 , 6.0 , 6 , 6
2 , 5.24 , 6.0 , 6 , 6
2 , 5.22 , 6.0 , 6 , 6
2 , 5.22 , 6.0 , 6 , 6
2 , 5.22 , 6.0 , 6 , 6
2 , 5.22 , 6.0 , 6 , 6
2 , 5.22 , 6.0 , 6 , 6
2 , 5.22 , 6.0 , 6 , 6
2 , 5.22 , 6.0 , 6 , 6
2 , 5.22 , 6.0 , 6 , 6
2 , 5.22 , 6.0 , 6 , 6
2 , 5.22 , 6.0 , 6 , 6
2 , 5.22 , 6.0 , 6 , 6
2 , 5.22 , 6.0 , 6 , 6
2 , 5.22 , 6.0 , 6 , 6
2 , 5.22 , 6.0 , 6 , 6
2 , 5.22 , 6.0 , 6 , 6
2 , 5.22 , 6.0 , 6 , 6
2 , 5.22 , 6.0 , 6 , 6
2 , 5.22 , 6.0 , 6 , 6
2 , 5.2 , 6.0 , 6 , 6
2 , 5.2 , 6.0 , 6 , 6
2 , 5.2 , 6.0 , 6 , 6
2 , 5.2 , 6.0 , 6 , 6
2 , 5.2 , 6.0 , 6 , 6
2 , 5.2 , 6.0 , 6 , 6
2 , 5.18 , 6.0 , 6 , 6
2 , 5.18 , 6.0 , 6 , 6
2 , 5.18 , 6.0 , 6 , 6
2 , 5.18 , 6.0 , 6 , 6
2 , 5.18 , 6.0 , 6 , 6
2 , 5.16 , 6.0 , 6 , 6
2 , 5.16 , 6.0 , 6 , 6
2 , 5.16 , 6.0 , 6 , 6
2 , 5.12 , 6.0 , 6 , 6
2 , 5.12 , 6.0 , 6 , 6
2 , 5.12 , 6.0 , 6 , 6
2 , 5.12 , 6.0 , 6 , 6
2 , 5.12 , 6.0 , 6 , 6
2 , 5.12 , 6.0 , 6 , 6
2 , 5.12 , 6.0 , 6 , 6
2 , 5.12 , 6.0 , 6 , 6
2 , 5.12 , 6.0 , 6 , 6
2 , 5.12 , 6.0 , 6 , 6
2 , 5.12 , 6.0 , 6 , 6
2 , 5.12 , 6.0 , 6 , 6
2 , 5.12 , 6.0 , 6 , 6
2 , 5.12 , 6.0 , 6 , 6
2 , 5.12 , 6.0 , 6 , 6
2 , 5.12 , 6.0 , 6 , 6
2 , 5.12 , 6.0 , 6 , 6
2 , 5.12 , 6.0 , 6 , 6
2 , 5.12 , 6.0 , 6 , 6
2 , 5.12 , 6.0 , 6 , 6
2 , 5.12 , 6.0 , 6 , 6
2 , 5.12 , 6.0 , 6 , 6
2 , 5.12 , 6.0 , 6 , 6
2 , 5.12 , 6.0 , 6 , 6
2 , 5.12 , 6.0 , 6 , 6
2 , 5.12 , 6.0 , 6 , 6
2 , 5.12 , 6.0 , 6 , 6
2 , 5.12 , 6.0 , 6 , 6
2 , 5.12 , 6.0 , 6 , 6
2 , 5.1 , 6.0 , 6 , 6
2 , 5.1 , 6.0 , 6 , 6
2 , 5.1 , 6.0 , 6 , 6
2 , 5.1 , 6.0 , 6 , 6
2 , 5.1 , 6.0 , 6 , 6
2 , 5.1 , 6.0 , 6 , 6
2 , 5.1 , 6.0 , 6 , 6
2 , 5.1 , 6.0 , 6 , 6
2 , 5.1 , 6.0 , 6 , 6
2 , 5.1 , 6.0 , 6 , 6
2 , 5.1 , 6.0 , 6 , 6
2 , 5.1 , 6.0 , 6 , 6
2 , 5.1 , 6.0 , 6 , 6
2 , 5.1 , 6.0 , 6 , 6
2 , 5.1 , 6.0 , 6 , 6
2 , 5.1 , 6.0 , 6 , 6
2 , 5.1 , 6.0 , 6 , 6
2 , 5.06 , 6.0 , 6 , 6
2 , 5.06 , 6.0 , 6 , 6
2 , 5.06 , 6.0 , 6 , 6
2 , 5.06 , 6.0 , 6 , 6
2 , 5.06 , 6.0 , 6 , 6
2 , 5.04 , 6.0 , 6 , 6
2 , 5.04 , 6.0 , 6 , 6
2 , 5.04 , 6.0 , 6 , 6
2 , 5.04 , 6.0 , 6 , 6
2 , 5.02 , 6.0 , 6 , 6
2 , 5.02 , 6.0 , 6 , 6
2 , 5.02 , 6.0 , 6 , 6
2 , 5.02 , 6.0 , 6 , 6
2 , 5.02 , 6.0 , 6 , 6
2 , 5.02 , 6.0 , 6 , 6
2 , 5.02 , 6.0 , 6 , 6
2 , 5.02 , 6.0 , 6 , 6
2 , 5.02 , 6.0 , 6 , 6
2 , 5.02 , 6.0 , 6 , 6
2 , 5.02 , 6.0 , 6 , 6
2 , 5.02 , 6.0 , 6 , 6
2 , 5.0 , 6.0 , 6 , 6
2 , 5.0 , 6.0 , 6 , 6
2 , 4.98 , 6.0 , 6 , 6
2 , 4.98 , 6.0 , 6 , 6
2 , 4.98 , 6.0 , 6 , 6
2 , 4.98 , 6.0 , 6 , 6
2 , 4.98 , 6.0 , 6 , 6
2 , 4.98 , 6.0 , 6 , 6
2 , 4.96 , 6.0 , 6 , 6
2 , 4.96 , 6.0 , 6 , 6
2 , 4.96 , 6.0 , 6 , 6
2 , 4.96 , 6.0 , 6 , 6
2 , 4.96 , 6.0 , 6 , 6
2 , 4.96 , 6.0 , 6 , 6
2 , 4.96 , 6.0 , 6 , 6
2 , 4.94 , 6.0 , 6 , 6
2 , 4.94 , 6.0 , 6 , 6
2 , 4.94 , 6.0 , 6 , 6
2 , 4.94 , 6.0 , 6 , 6
2 , 4.94 , 6.0 , 6 , 6
2 , 4.94 , 6.0 , 6 , 6
2 , 4.94 , 6.0 , 6 , 6
2 , 4.92 , 5.0 , 6 , 6
2 , 4.92 , 5.0 , 6 , 6
2 , 4.92 , 5.0 , 6 , 6
2 , 4.92 , 5.0 , 6 , 6
2 , 4.92 , 5.0 , 6 , 6
2 , 4.92 , 5.0 , 6 , 6
2 , 4.92 , 5.0 , 6 , 6
2 , 4.92 , 5.0 , 6 , 6
2 , 4.92 , 5.0 , 6 , 6
2 , 4.92 , 5.0 , 6 , 6
2 , 4.92 , 5.0 , 6 , 6
2 , 4.9 , 4.0 , 6 , 6
2 , 4.9 , 4.0 , 6 , 6
2 , 4.9 , 4.0 , 6 , 6
2 , 4.9 , 4.0 , 6 , 6
2 , 4.9 , 4.0 , 6 , 6
2 , 4.9 , 4.0 , 6 , 6
2 , 4.9 , 4.0 , 6 , 6
2 , 4.9 , 4.0 , 6 , 6
2 , 4.9 , 4.0 , 6 , 6
2 , 4.9 , 4.0 , 6 , 6
2 , 4.9 , 4.0 , 6 , 6
2 , 4.9 , 4.0 , 6 , 6
2 , 4.9 , 4.0 , 6 , 6
2 , 4.9 , 4.0 , 6 , 6
2 , 4.9 , 4.0 , 6 , 6
2 , 4.9 , 4.0 , 6 , 6
2 , 4.9 , 4.0 , 6 , 6
2 , 4.9 , 4.0 , 6 , 6
2 , 4.9 , 4.0 , 6 , 6
2 , 4.9 , 4.0 , 6 , 6
2 , 4.9 , 4.0 , 6 , 6
2 , 4.9 , 4.0 , 6 , 6
2 , 4.88 , 4.0 , 4 , 6
2 , 4.88 , 4.0 , 4 , 6
2 , 4.88 , 4.0 , 4 , 6
2 , 4.88 , 4.0 , 4 , 6
2 , 4.88 , 4.0 , 4 , 6
2 , 4.86 , 4.0 , 4 , 6
2 , 4.86 , 4.0 , 4 , 6
2 , 4.86 , 4.0 , 4 , 6
2 , 4.86 , 4.0 , 4 , 6
2 , 4.86 , 4.0 , 4 , 6
2 , 4.86 , 4.0 , 4 , 6
2 , 4.86 , 4.0 , 4 , 6
2 , 4.86 , 4.0 , 4 , 6
2 , 4.8 , 4.0 , 4 , 6
2 , 4.8 , 4.0 , 4 , 6
2 , 4.8 , 4.0 , 4 , 6
2 , 4.8 , 4.0 , 4 , 6
2 , 4.8 , 4.0 , 4 , 6
2 , 4.8 , 4.0 , 4 , 6
2 , 4.8 , 4.0 , 4 , 6
2 , 4.8 , 4.0 , 4 , 6
2 , 4.8 , 4.0 , 4 , 6
2 , 4.8 , 4.0 , 4 , 6
2 , 4.8 , 4.0 , 4 , 6
2 , 4.8 , 4.0 , 4 , 6
2 , 4.78 , 4.0 , 4 , 6
2 , 4.78 , 4.0 , 4 , 6
2 , 4.78 , 4.0 , 4 , 6
2 , 4.78 , 4.0 , 4 , 6
2 , 4.78 , 4.0 , 4 , 6
2 , 4.78 , 4.0 , 4 , 6
2 , 4.78 , 4.0 , 4 , 6
2 , 4.76 , 4.0 , 4 , 6
2 , 4.76 , 4.0 , 4 , 6
2 , 4.76 , 4.0 , 4 , 6
2 , 4.76 , 4.0 , 4 , 6
2 , 4.72 , 4.0 , 4 , 6
2 , 4.72 , 4.0 , 4 , 6
2 , 4.72 , 4.0 , 4 , 6
2 , 4.72 , 4.0 , 4 , 6
2 , 4.72 , 4.0 , 4 , 6
2 , 4.72 , 4.0 , 4 , 6
2 , 4.68 , 4.0 , 4 , 6
2 , 4.68 , 4.0 , 4 , 6
2 , 4.68 , 4.0 , 4 , 6
2 , 4.68 , 4.0 , 4 , 6
2 , 4.68 , 4.0 , 4 , 6
2 , 4.68 , 4.0 , 4 , 6
2 , 4.68 , 4.0 , 4 , 6
2 , 4.68 , 4.0 , 4 , 6
2 , 4.66 , 4.0 , 4 , 6
2 , 4.66 , 4.0 , 4 , 6
2 , 4.66 , 4.0 , 4 , 6
2 , 4.66 , 4.0 , 4 , 6
2 , 4.66 , 4.0 , 4 , 6
2 , 4.66 , 4.0 , 4 , 6
2 , 4.66 , 4.0 , 4 , 6
2 , 4.66 , 4.0 , 4 , 6
2 , 4.66 , 4.0 , 4 , 6
2 , 4.66 , 4.0 , 4 , 6
2 , 4.66 , 4.0 , 4 , 6
2 , 4.66 , 4.0 , 4 , 6
2 , 4.66 , 4.0 , 4 , 6
2 , 4.66 , 4.0 , 4 , 6
2 , 4.62 , 4.0 , 4 , 6
2 , 4.62 , 4.0 , 4 , 6
2 , 4.6 , 4.0 , 4 , 6
2 , 4.6 , 4.0 , 4 , 6
2 , 4.6 , 4.0 , 4 , 6
2 , 4.6 , 4.0 , 4 , 6
2 , 4.6 , 4.0 , 4 , 6
2 , 4.58 , 4.0 , 4 , 6
2 , 4.56 , 4.0 , 4 , 6
2 , 4.56 , 4.0 , 4 , 6
2 , 4.56 , 4.0 , 4 , 6
2 , 4.56 , 4.0 , 4 , 6
2 , 4.56 , 4.0 , 4 , 6
2 , 4.56 , 4.0 , 4 , 6
2 , 4.56 , 4.0 , 4 , 6
2 , 4.56 , 4.0 , 4 , 6
2 , 4.56 , 4.0 , 4 , 6
2 , 4.56 , 4.0 , 4 , 6
2 , 4.56 , 4.0 , 4 , 6
2 , 4.56 , 4.0 , 4 , 6
2 , 4.54 , 4.0 , 4 , 6
2 , 4.54 , 4.0 , 4 , 6
2 , 4.54 , 4.0 , 4 , 6
2 , 4.54 , 4.0 , 4 , 6
2 , 4.52 , 4.0 , 4 , 6
2 , 4.52 , 4.0 , 4 , 6
2 , 4.52 , 4.0 , 4 , 6
2 , 4.52 , 4.0 , 4 , 6
2 , 4.52 , 4.0 , 4 , 6
2 , 4.52 , 4.0 , 4 , 6
2 , 4.5 , 4.0 , 4 , 6
2 , 4.5 , 4.0 , 4 , 6
2 , 4.5 , 4.0 , 4 , 6
2 , 4.5 , 4.0 , 4 , 6
2 , 4.5 , 4.0 , 4 , 6
2 , 4.5 , 4.0 , 4 , 6
2 , 4.5 , 4.0 , 4 , 6
2 , 4.5 , 4.0 , 4 , 6
2 , 4.5 , 4.0 , 4 , 6
2 , 4.5 , 4.0 , 4 , 6
2 , 4.5 , 4.0 , 4 , 6
2 , 4.5 , 4.0 , 4 , 6
2 , 4.5 , 4.0 , 4 , 6
2 , 4.5 , 4.0 , 4 , 6
2 , 4.5 , 4.0 , 4 , 6
2 , 4.5 , 4.0 , 4 , 6
2 , 4.5 , 4.0 , 4 , 6
2 , 4.5 , 4.0 , 4 , 6
2 , 4.5 , 4.0 , 4 , 6
2 , 4.5 , 4.0 , 4 , 6
2 , 4.5 , 4.0 , 4 , 6
2 , 4.5 , 4.0 , 4 , 6
2 , 4.5 , 4.0 , 4 , 6
2 , 4.5 , 4.0 , 4 , 6
2 , 4.5 , 4.0 , 4 , 6
2 , 4.5 , 4.0 , 4 , 6
2 , 4.5 , 4.0 , 4 , 6
2 , 4.5 , 4.0 , 4 , 6
2 , 4.5 , 4.0 , 4 , 6
2 , 4.5 , 4.0 , 4 , 6
2 , 4.48 , 4.0 , 4 , 6
2 , 4.48 , 4.0 , 4 , 6
2 , 4.48 , 4.0 , 4 , 6
2 , 4.48 , 4.0 , 4 , 6
2 , 4.48 , 4.0 , 4 , 6
2 , 4.48 , 4.0 , 4 , 6
2 , 4.48 , 4.0 , 4 , 6
2 , 4.48 , 4.0 , 4 , 6
2 , 4.48 , 4.0 , 4 , 6
2 , 4.48 , 4.0 , 4 , 6
2 , 4.48 , 4.0 , 4 , 6
2 , 4.48 , 4.0 , 4 , 6
2 , 4.48 , 4.0 , 4 , 6
2 , 4.48 , 4.0 , 4 , 6
2 , 4.48 , 4.0 , 4 , 6
2 , 4.48 , 4.0 , 4 , 6
2 , 4.48 , 4.0 , 4 , 6
2 , 4.48 , 4.0 , 4 , 6
2 , 4.48 , 4.0 , 4 , 6
2 , 4.46 , 4.0 , 4 , 6
2 , 4.46 , 4.0 , 4 , 6
2 , 4.46 , 4.0 , 4 , 6
2 , 4.46 , 4.0 , 4 , 6
2 , 4.46 , 4.0 , 4 , 6
2 , 4.44 , 4.0 , 4 , 6
2 , 4.44 , 4.0 , 4 , 6
2 , 4.44 , 4.0 , 4 , 6
2 , 4.44 , 4.0 , 4 , 6
2 , 4.44 , 4.0 , 4 , 6
2 , 4.44 , 4.0 , 4 , 6
2 , 4.44 , 4.0 , 4 , 6
2 , 4.44 , 4.0 , 4 , 6
2 , 4.44 , 4.0 , 4 , 6
2 , 4.42 , 4.0 , 4 , 6
2 , 4.42 , 4.0 , 4 , 6
2 , 4.42 , 4.0 , 4 , 6
2 , 4.42 , 4.0 , 4 , 6
2 , 4.42 , 4.0 , 4 , 6
2 , 4.42 , 4.0 , 4 , 6
2 , 4.42 , 4.0 , 4 , 6
2 , 4.42 , 4.0 , 4 , 6
2 , 4.42 , 4.0 , 4 , 6
2 , 4.42 , 4.0 , 4 , 6
2 , 4.42 , 4.0 , 4 , 6
2 , 4.4 , 4.0 , 4 , 6
2 , 4.4 , 4.0 , 4 , 6
2 , 4.4 , 4.0 , 4 , 6
2 , 4.4 , 4.0 , 4 , 6
2 , 4.4 , 4.0 , 4 , 6
2 , 4.4 , 4.0 , 4 , 6
2 , 4.38 , 4.0 , 4 , 6
2 , 4.38 , 4.0 , 4 , 6
2 , 4.38 , 4.0 , 4 , 6
2 , 4.36 , 4.0 , 4 , 6
2 , 4.36 , 4.0 , 4 , 6
2 , 4.36 , 4.0 , 4 , 6
2 , 4.36 , 4.0 , 4 , 6
2 , 4.36 , 4.0 , 4 , 6
2 , 4.36 , 4.0 , 4 , 6
2 , 4.36 , 4.0 , 4 , 6
2 , 4.36 , 4.0 , 4 , 6
2 , 4.36 , 4.0 , 4 , 6
2 , 4.34 , 4.0 , 4 , 6
2 , 4.34 , 4.0 , 4 , 6
2 , 4.34 , 4.0 , 4 , 6
2 , 4.34 , 4.0 , 4 , 6
2 , 4.3 , 4.0 , 4 , 6
2 , 4.3 , 4.0 , 4 , 6
2 , 4.3 , 4.0 , 4 , 6
2 , 4.28 , 4.0 , 4 , 6
2 , 4.28 , 4.0 , 4 , 6
2 , 4.28 , 4.0 , 4 , 6
2 , 4.28 , 4.0 , 4 , 6
2 , 4.28 , 4.0 , 4 , 6
2 , 4.28 , 4.0 , 4 , 6
2 , 4.28 , 4.0 , 4 , 6
2 , 4.28 , 4.0 , 4 , 6
2 , 4.28 , 4.0 , 4 , 6
2 , 4.28 , 4.0 , 4 , 6
2 , 4.28 , 4.0 , 4 , 6
2 , 4.28 , 4.0 , 4 , 6
2 , 4.28 , 4.0 , 4 , 6
2 , 4.28 , 4.0 , 4 , 6
2 , 4.28 , 4.0 , 4 , 6
2 , 4.28 , 4.0 , 4 , 6
2 , 4.28 , 4.0 , 4 , 6
2 , 4.28 , 4.0 , 4 , 6
2 , 4.28 , 4.0 , 4 , 6
2 , 4.28 , 4.0 , 4 , 6
2 , 4.28 , 4.0 , 4 , 6
2 , 4.28 , 4.0 , 4 , 6
2 , 4.26 , 4.0 , 4 , 6
2 , 4.26 , 4.0 , 4 , 6
2 , 4.26 , 4.0 , 4 , 6
2 , 4.26 , 4.0 , 4 , 6
2 , 4.26 , 4.0 , 4 , 6
2 , 4.26 , 4.0 , 4 , 6
2 , 4.26 , 4.0 , 4 , 6
2 , 4.26 , 4.0 , 4 , 6
2 , 4.26 , 4.0 , 4 , 6
2 , 4.26 , 4.0 , 4 , 6
2 , 4.26 , 4.0 , 4 , 6
2 , 4.26 , 4.0 , 4 , 6
2 , 4.26 , 4.0 , 4 , 6
2 , 4.26 , 4.0 , 4 , 6
2 , 4.26 , 4.0 , 4 , 6
2 , 4.26 , 4.0 , 4 , 6
2 , 4.22 , 4.0 , 4 , 6
2 , 4.22 , 4.0 , 4 , 6
2 , 4.22 , 4.0 , 4 , 6
2 , 4.22 , 4.0 , 4 , 6
2 , 4.22 , 4.0 , 4 , 6
2 , 4.22 , 4.0 , 4 , 6
2 , 4.22 , 4.0 , 4 , 6
2 , 4.22 , 4.0 , 4 , 6
2 , 4.22 , 4.0 , 4 , 6
2 , 4.2 , 4.0 , 4 , 6
2 , 4.2 , 4.0 , 4 , 6
2 , 4.2 , 4.0 , 4 , 6
2 , 4.2 , 4.0 , 4 , 6
2 , 4.2 , 4.0 , 4 , 6
2 , 4.2 , 4.0 , 4 , 6
2 , 4.2 , 4.0 , 4 , 6
2 , 4.2 , 4.0 , 4 , 6
2 , 4.2 , 4.0 , 4 , 6
2 , 4.2 , 4.0 , 4 , 6
2 , 4.2 , 4.0 , 4 , 6
2 , 4.2 , 4.0 , 4 , 6
2 , 4.2 , 4.0 , 4 , 6
2 , 4.2 , 4.0 , 4 , 6
2 , 4.2 , 4.0 , 4 , 6
2 , 4.2 , 4.0 , 4 , 6
2 , 4.2 , 4.0 , 4 , 6
2 , 4.2 , 4.0 , 4 , 6
2 , 4.2 , 4.0 , 4 , 6
2 , 4.2 , 4.0 , 4 , 6
2 , 4.18 , 4.0 , 4 , 6
2 , 4.18 , 4.0 , 4 , 6
2 , 4.18 , 4.0 , 4 , 6
2 , 4.18 , 4.0 , 4 , 6
2 , 4.18 , 4.0 , 4 , 6
2 , 4.18 , 4.0 , 4 , 6
2 , 4.18 , 4.0 , 4 , 6
2 , 4.18 , 4.0 , 4 , 6
2 , 4.16 , 4.0 , 4 , 6
2 , 4.16 , 4.0 , 4 , 6
2 , 4.16 , 4.0 , 4 , 6
2 , 4.16 , 4.0 , 4 , 6
2 , 4.16 , 4.0 , 4 , 6
2 , 4.16 , 4.0 , 4 , 6
2 , 4.16 , 4.0 , 4 , 6
2 , 4.16 , 4.0 , 4 , 6
2 , 4.16 , 4.0 , 4 , 6
2 , 4.16 , 4.0 , 4 , 6
2 , 4.16 , 4.0 , 4 , 6
2 , 4.16 , 4.0 , 4 , 6
2 , 4.16 , 4.0 , 4 , 6
2 , 4.16 , 4.0 , 4 , 6
2 , 4.16 , 4.0 , 4 , 6
2 , 4.16 , 4.0 , 4 , 6
2 , 4.16 , 4.0 , 4 , 6
2 , 4.16 , 4.0 , 4 , 6
2 , 4.14 , 4.0 , 4 , 6
2 , 4.14 , 4.0 , 4 , 6
2 , 4.14 , 4.0 , 4 , 6
2 , 4.14 , 4.0 , 4 , 6
2 , 4.14 , 4.0 , 4 , 6
2 , 4.14 , 4.0 , 4 , 6
2 , 4.12 , 4.0 , 4 , 6
0  Perfect solutions
perfect solution individuals []
