6 , 15.6 , 16.0 , 14 , 24
6 , 15.5 , 16.0 , 14 , 24
6 , 15.26 , 16.0 , 14 , 24
6 , 15.04 , 15.0 , 14 , 22
6 , 14.86 , 14.0 , 14 , 22
6 , 14.7 , 14.0 , 14 , 20
6 , 14.48 , 14.0 , 14 , 20
6 , 14.38 , 14.0 , 14 , 20
6 , 14.28 , 14.0 , 14 , 20
6 , 14.08 , 14.0 , 14 , 20
6 , 14.02 , 14.0 , 14 , 20
6 , 14.02 , 14.0 , 14 , 20
6 , 13.86 , 14.0 , 14 , 20
6 , 13.62 , 14.0 , 14 , 18
6 , 13.48 , 14.0 , 14 , 18
6 , 13.4 , 14.0 , 14 , 18
6 , 13.3 , 14.0 , 14 , 18
6 , 13.26 , 14.0 , 14 , 18
6 , 13.06 , 14.0 , 14 , 18
6 , 13.0 , 14.0 , 14 , 18
6 , 12.96 , 14.0 , 14 , 18
6 , 12.88 , 14.0 , 14 , 18
6 , 12.7 , 14.0 , 14 , 18
6 , 12.56 , 14.0 , 14 , 18
6 , 12.38 , 14.0 , 14 , 16
6 , 12.34 , 14.0 , 14 , 16
6 , 12.28 , 13.0 , 14 , 16
6 , 12.12 , 12.0 , 14 , 16
6 , 12.12 , 12.0 , 14 , 16
6 , 11.98 , 12.0 , 14 , 16
6 , 11.92 , 12.0 , 14 , 16
6 , 11.86 , 12.0 , 14 , 16
6 , 11.82 , 12.0 , 14 , 16
6 , 11.68 , 12.0 , 14 , 16
6 , 11.54 , 12.0 , 14 , 16
6 , 11.4 , 12.0 , 14 , 16
6 , 11.3 , 12.0 , 14 , 16
6 , 11.18 , 12.0 , 14 , 16
6 , 11.14 , 12.0 , 14 , 14
6 , 11.1 , 12.0 , 14 , 14
6 , 11.02 , 12.0 , 14 , 14
6 , 11.0 , 12.0 , 14 , 14
6 , 10.94 , 12.0 , 14 , 14
6 , 10.92 , 12.0 , 14 , 14
6 , 10.88 , 11.0 , 14 , 14
6 , 10.8 , 10.0 , 10 , 14
6 , 10.8 , 10.0 , 10 , 14
6 , 10.72 , 10.0 , 10 , 14
6 , 10.68 , 10.0 , 10 , 14
6 , 10.66 , 10.0 , 10 , 14
6 , 10.58 , 10.0 , 10 , 14
6 , 10.52 , 10.0 , 10 , 14
6 , 10.5 , 10.0 , 10 , 14
6 , 10.48 , 10.0 , 10 , 14
6 , 10.48 , 10.0 , 10 , 14
6 , 10.42 , 10.0 , 10 , 14
6 , 10.42 , 10.0 , 10 , 14
6 , 10.42 , 10.0 , 10 , 14
6 , 10.4 , 10.0 , 10 , 14
6 , 10.36 , 10.0 , 10 , 14
6 , 10.28 , 10.0 , 10 , 14
6 , 10.26 , 10.0 , 10 , 14
6 , 10.2 , 10.0 , 10 , 14
6 , 10.2 , 10.0 , 10 , 14
6 , 10.12 , 10.0 , 10 , 14
6 , 10.02 , 10.0 , 10 , 14
6 , 9.96 , 10.0 , 10 , 12
6 , 9.94 , 10.0 , 10 , 12
6 , 9.92 , 10.0 , 10 , 12
6 , 9.92 , 10.0 , 10 , 12
6 , 9.92 , 10.0 , 10 , 12
6 , 9.88 , 10.0 , 10 , 12
4 , 9.8 , 10.0 , 10 , 12
4 , 9.8 , 10.0 , 10 , 12
4 , 9.76 , 10.0 , 10 , 12
4 , 9.76 , 10.0 , 10 , 12
4 , 9.7 , 10.0 , 10 , 12
4 , 9.66 , 10.0 , 10 , 12
4 , 9.64 , 10.0 , 10 , 12
4 , 9.6 , 10.0 , 10 , 12
4 , 9.6 , 10.0 , 10 , 12
4 , 9.6 , 10.0 , 10 , 12
4 , 9.58 , 10.0 , 10 , 12
4 , 9.58 , 10.0 , 10 , 12
4 , 9.54 , 10.0 , 10 , 12
4 , 9.54 , 10.0 , 10 , 12
4 , 9.5 , 10.0 , 10 , 12
4 , 9.44 , 10.0 , 10 , 12
4 , 9.44 , 10.0 , 10 , 12
4 , 9.42 , 10.0 , 10 , 12
4 , 9.4 , 10.0 , 10 , 12
4 , 9.4 , 10.0 , 10 , 12
4 , 9.4 , 10.0 , 10 , 12
4 , 9.4 , 10.0 , 10 , 12
4 , 9.4 , 10.0 , 10 , 12
4 , 9.4 , 10.0 , 10 , 12
4 , 9.4 , 10.0 , 10 , 12
4 , 9.38 , 10.0 , 10 , 12
4 , 9.38 , 10.0 , 10 , 12
4 , 9.38 , 10.0 , 10 , 12
4 , 9.38 , 10.0 , 10 , 12
4 , 9.36 , 10.0 , 10 , 12
4 , 9.36 , 10.0 , 10 , 12
4 , 9.3 , 10.0 , 10 , 12
4 , 9.26 , 10.0 , 10 , 12
4 , 9.26 , 10.0 , 10 , 12
4 , 9.22 , 10.0 , 10 , 12
4 , 9.2 , 10.0 , 10 , 12
4 , 9.2 , 10.0 , 10 , 12
4 , 9.12 , 10.0 , 10 , 12
4 , 9.08 , 10.0 , 10 , 12
4 , 9.08 , 10.0 , 10 , 12
4 , 9.08 , 10.0 , 10 , 12
4 , 9.06 , 10.0 , 10 , 12
4 , 9.04 , 10.0 , 10 , 12
4 , 9.04 , 10.0 , 10 , 12
4 , 9.04 , 10.0 , 10 , 12
4 , 9.02 , 10.0 , 10 , 12
4 , 9.0 , 10.0 , 10 , 12
4 , 9.0 , 10.0 , 10 , 12
4 , 8.92 , 10.0 , 10 , 10
4 , 8.92 , 10.0 , 10 , 10
4 , 8.9 , 10.0 , 10 , 10
4 , 8.88 , 10.0 , 10 , 10
4 , 8.88 , 10.0 , 10 , 10
4 , 8.88 , 10.0 , 10 , 10
4 , 8.88 , 10.0 , 10 , 10
4 , 8.86 , 10.0 , 10 , 10
4 , 8.86 , 10.0 , 10 , 10
4 , 8.82 , 10.0 , 10 , 10
4 , 8.8 , 10.0 , 10 , 10
4 , 8.74 , 10.0 , 10 , 10
4 , 8.74 , 10.0 , 10 , 10
4 , 8.74 , 10.0 , 10 , 10
4 , 8.74 , 10.0 , 10 , 10
4 , 8.74 , 10.0 , 10 , 10
4 , 8.74 , 10.0 , 10 , 10
4 , 8.74 , 10.0 , 10 , 10
4 , 8.74 , 10.0 , 10 , 10
4 , 8.74 , 10.0 , 10 , 10
4 , 8.7 , 9.0 , 10 , 10
4 , 8.7 , 9.0 , 10 , 10
4 , 8.7 , 9.0 , 10 , 10
4 , 8.7 , 9.0 , 10 , 10
4 , 8.68 , 8.0 , 10 , 10
4 , 8.62 , 8.0 , 10 , 10
4 , 8.6 , 8.0 , 10 , 10
4 , 8.6 , 8.0 , 10 , 10
4 , 8.6 , 8.0 , 10 , 10
4 , 8.58 , 8.0 , 10 , 10
4 , 8.56 , 8.0 , 10 , 10
4 , 8.56 , 8.0 , 10 , 10
4 , 8.56 , 8.0 , 10 , 10
4 , 8.54 , 8.0 , 10 , 10
4 , 8.48 , 8.0 , 10 , 10
4 , 8.48 , 8.0 , 10 , 10
4 , 8.48 , 8.0 , 10 , 10
4 , 8.48 , 8.0 , 10 , 10
4 , 8.4 , 8.0 , 8 , 10
4 , 8.4 , 8.0 , 8 , 10
4 , 8.38 , 8.0 , 8 , 10
4 , 8.38 , 8.0 , 8 , 10
4 , 8.38 , 8.0 , 8 , 10
4 , 8.36 , 8.0 , 8 , 10
4 , 8.34 , 8.0 , 8 , 10
4 , 8.34 , 8.0 , 8 , 10
4 , 8.34 , 8.0 , 8 , 10
4 , 8.34 , 8.0 , 8 , 10
4 , 8.34 , 8.0 , 8 , 10
4 , 8.34 , 8.0 , 8 , 10
4 , 8.34 , 8.0 , 8 , 10
4 , 8.34 , 8.0 , 8 , 10
4 , 8.34 , 8.0 , 8 , 10
4 , 8.3 , 8.0 , 8 , 10
4 , 8.28 , 8.0 , 8 , 10
4 , 8.26 , 8.0 , 8 , 10
4 , 8.2 , 8.0 , 8 , 10
4 , 8.2 , 8.0 , 8 , 10
4 , 8.2 , 8.0 , 8 , 10
4 , 8.16 , 8.0 , 8 , 10
4 , 8.16 , 8.0 , 8 , 10
4 , 8.16 , 8.0 , 8 , 10
4 , 8.16 , 8.0 , 8 , 10
4 , 8.12 , 8.0 , 8 , 10
4 , 8.1 , 8.0 , 8 , 10
4 , 8.1 , 8.0 , 8 , 10
4 , 8.06 , 8.0 , 8 , 10
4 , 8.06 , 8.0 , 8 , 10
4 , 8.04 , 8.0 , 8 , 10
4 , 8.0 , 8.0 , 8 , 10
4 , 8.0 , 8.0 , 8 , 10
4 , 8.0 , 8.0 , 8 , 10
4 , 7.98 , 8.0 , 8 , 10
4 , 7.98 , 8.0 , 8 , 10
4 , 7.94 , 8.0 , 8 , 10
4 , 7.94 , 8.0 , 8 , 10
4 , 7.9 , 8.0 , 8 , 10
4 , 7.9 , 8.0 , 8 , 10
4 , 7.9 , 8.0 , 8 , 10
4 , 7.9 , 8.0 , 8 , 10
4 , 7.9 , 8.0 , 8 , 10
4 , 7.9 , 8.0 , 8 , 10
4 , 7.9 , 8.0 , 8 , 10
4 , 7.9 , 8.0 , 8 , 10
4 , 7.9 , 8.0 , 8 , 10
4 , 7.88 , 8.0 , 8 , 10
4 , 7.86 , 8.0 , 8 , 10
4 , 7.86 , 8.0 , 8 , 10
4 , 7.84 , 8.0 , 8 , 10
4 , 7.84 , 8.0 , 8 , 10
4 , 7.84 , 8.0 , 8 , 10
4 , 7.82 , 8.0 , 8 , 10
4 , 7.82 , 8.0 , 8 , 10
4 , 7.82 , 8.0 , 8 , 10
4 , 7.8 , 8.0 , 8 , 10
4 , 7.8 , 8.0 , 8 , 10
4 , 7.78 , 8.0 , 8 , 10
4 , 7.76 , 8.0 , 8 , 10
4 , 7.76 , 8.0 , 8 , 10
4 , 7.76 , 8.0 , 8 , 10
4 , 7.76 , 8.0 , 8 , 10
4 , 7.72 , 8.0 , 8 , 10
4 , 7.72 , 8.0 , 8 , 10
4 , 7.72 , 8.0 , 8 , 10
4 , 7.7 , 8.0 , 8 , 10
4 , 7.68 , 8.0 , 8 , 10
4 , 7.66 , 8.0 , 8 , 10
4 , 7.66 , 8.0 , 8 , 10
4 , 7.62 , 8.0 , 8 , 10
4 , 7.62 , 8.0 , 8 , 10
4 , 7.6 , 8.0 , 8 , 10
4 , 7.6 , 8.0 , 8 , 10
4 , 7.58 , 8.0 , 8 , 10
4 , 7.56 , 8.0 , 8 , 10
4 , 7.48 , 8.0 , 8 , 10
4 , 7.48 , 8.0 , 8 , 10
4 , 7.46 , 8.0 , 8 , 10
4 , 7.42 , 8.0 , 8 , 10
4 , 7.34 , 8.0 , 8 , 8
4 , 7.34 , 8.0 , 8 , 8
4 , 7.34 , 8.0 , 8 , 8
4 , 7.34 , 8.0 , 8 , 8
4 , 7.34 , 8.0 , 8 , 8
4 , 7.34 , 8.0 , 8 , 8
4 , 7.34 , 8.0 , 8 , 8
4 , 7.3 , 8.0 , 8 , 8
4 , 7.3 , 8.0 , 8 , 8
4 , 7.28 , 8.0 , 8 , 8
4 , 7.26 , 8.0 , 8 , 8
4 , 7.26 , 8.0 , 8 , 8
4 , 7.26 , 8.0 , 8 , 8
4 , 7.24 , 8.0 , 8 , 8
4 , 7.22 , 8.0 , 8 , 8
4 , 7.22 , 8.0 , 8 , 8
2 , 7.16 , 8.0 , 8 , 8
2 , 7.12 , 8.0 , 8 , 8
2 , 7.12 , 8.0 , 8 , 8
2 , 7.12 , 8.0 , 8 , 8
2 , 7.1 , 8.0 , 8 , 8
2 , 7.08 , 8.0 , 8 , 8
2 , 7.08 , 8.0 , 8 , 8
2 , 7.08 , 8.0 , 8 , 8
2 , 7.08 , 8.0 , 8 , 8
2 , 7.08 , 8.0 , 8 , 8
2 , 7.08 , 8.0 , 8 , 8
2 , 7.04 , 8.0 , 8 , 8
2 , 7.04 , 8.0 , 8 , 8
2 , 7.04 , 8.0 , 8 , 8
2 , 7.04 , 8.0 , 8 , 8
2 , 7.0 , 8.0 , 8 , 8
2 , 7.0 , 8.0 , 8 , 8
2 , 7.0 , 8.0 , 8 , 8
2 , 7.0 , 8.0 , 8 , 8
2 , 7.0 , 8.0 , 8 , 8
2 , 7.0 , 8.0 , 8 , 8
2 , 7.0 , 8.0 , 8 , 8
2 , 7.0 , 8.0 , 8 , 8
2 , 7.0 , 8.0 , 8 , 8
2 , 7.0 , 8.0 , 8 , 8
2 , 7.0 , 8.0 , 8 , 8
2 , 7.0 , 8.0 , 8 , 8
2 , 7.0 , 8.0 , 8 , 8
2 , 7.0 , 8.0 , 8 , 8
2 , 7.0 , 8.0 , 8 , 8
2 , 6.96 , 8.0 , 8 , 8
2 , 6.94 , 8.0 , 8 , 8
2 , 6.94 , 8.0 , 8 , 8
2 , 6.94 , 8.0 , 8 , 8
2 , 6.94 , 8.0 , 8 , 8
2 , 6.94 , 8.0 , 8 , 8
2 , 6.94 , 8.0 , 8 , 8
2 , 6.92 , 8.0 , 8 , 8
2 , 6.92 , 8.0 , 8 , 8
2 , 6.92 , 8.0 , 8 , 8
2 , 6.9 , 8.0 , 8 , 8
2 , 6.9 , 8.0 , 8 , 8
2 , 6.9 , 8.0 , 8 , 8
2 , 6.88 , 8.0 , 8 , 8
2 , 6.88 , 8.0 , 8 , 8
2 , 6.88 , 8.0 , 8 , 8
2 , 6.88 , 8.0 , 8 , 8
2 , 6.88 , 8.0 , 8 , 8
2 , 6.86 , 8.0 , 8 , 8
2 , 6.86 , 8.0 , 8 , 8
2 , 6.84 , 8.0 , 8 , 8
2 , 6.84 , 8.0 , 8 , 8
2 , 6.84 , 8.0 , 8 , 8
2 , 6.84 , 8.0 , 8 , 8
2 , 6.84 , 8.0 , 8 , 8
2 , 6.84 , 8.0 , 8 , 8
2 , 6.84 , 8.0 , 8 , 8
2 , 6.82 , 8.0 , 8 , 8
2 , 6.82 , 8.0 , 8 , 8
2 , 6.82 , 8.0 , 8 , 8
2 , 6.82 , 8.0 , 8 , 8
2 , 6.8 , 8.0 , 8 , 8
2 , 6.8 , 8.0 , 8 , 8
2 , 6.8 , 8.0 , 8 , 8
2 , 6.8 , 8.0 , 8 , 8
2 , 6.8 , 8.0 , 8 , 8
2 , 6.8 , 8.0 , 8 , 8
2 , 6.8 , 8.0 , 8 , 8
2 , 6.8 , 8.0 , 8 , 8
2 , 6.8 , 8.0 , 8 , 8
2 , 6.8 , 8.0 , 8 , 8
2 , 6.8 , 8.0 , 8 , 8
2 , 6.8 , 8.0 , 8 , 8
2 , 6.8 , 8.0 , 8 , 8
2 , 6.8 , 8.0 , 8 , 8
2 , 6.8 , 8.0 , 8 , 8
2 , 6.8 , 8.0 , 8 , 8
2 , 6.8 , 8.0 , 8 , 8
2 , 6.8 , 8.0 , 8 , 8
2 , 6.8 , 8.0 , 8 , 8
2 , 6.8 , 8.0 , 8 , 8
2 , 6.76 , 8.0 , 8 , 8
2 , 6.74 , 7.0 , 8 , 8
2 , 6.72 , 6.0 , 8 , 8
2 , 6.72 , 6.0 , 8 , 8
2 , 6.7 , 6.0 , 8 , 8
2 , 6.68 , 6.0 , 8 , 8
2 , 6.68 , 6.0 , 8 , 8
2 , 6.68 , 6.0 , 8 , 8
2 , 6.68 , 6.0 , 8 , 8
2 , 6.66 , 6.0 , 8 , 8
2 , 6.66 , 6.0 , 8 , 8
2 , 6.66 , 6.0 , 8 , 8
2 , 6.64 , 6.0 , 8 , 8
2 , 6.64 , 6.0 , 8 , 8
2 , 6.64 , 6.0 , 8 , 8
2 , 6.64 , 6.0 , 8 , 8
2 , 6.64 , 6.0 , 8 , 8
2 , 6.64 , 6.0 , 8 , 8
2 , 6.64 , 6.0 , 8 , 8
2 , 6.64 , 6.0 , 8 , 8
2 , 6.64 , 6.0 , 8 , 8
2 , 6.64 , 6.0 , 8 , 8
2 , 6.62 , 6.0 , 6 , 8
2 , 6.6 , 6.0 , 6 , 8
2 , 6.6 , 6.0 , 6 , 8
2 , 6.6 , 6.0 , 6 , 8
2 , 6.6 , 6.0 , 6 , 8
2 , 6.6 , 6.0 , 6 , 8
2 , 6.6 , 6.0 , 6 , 8
2 , 6.6 , 6.0 , 6 , 8
2 , 6.6 , 6.0 , 6 , 8
2 , 6.6 , 6.0 , 6 , 8
2 , 6.6 , 6.0 , 6 , 8
2 , 6.56 , 6.0 , 6 , 8
2 , 6.56 , 6.0 , 6 , 8
2 , 6.54 , 6.0 , 6 , 8
2 , 6.54 , 6.0 , 6 , 8
2 , 6.54 , 6.0 , 6 , 8
2 , 6.54 , 6.0 , 6 , 8
2 , 6.54 , 6.0 , 6 , 8
2 , 6.52 , 6.0 , 6 , 8
2 , 6.5 , 6.0 , 6 , 8
2 , 6.5 , 6.0 , 6 , 8
2 , 6.5 , 6.0 , 6 , 8
2 , 6.48 , 6.0 , 6 , 8
2 , 6.48 , 6.0 , 6 , 8
2 , 6.48 , 6.0 , 6 , 8
2 , 6.48 , 6.0 , 6 , 8
2 , 6.48 , 6.0 , 6 , 8
2 , 6.48 , 6.0 , 6 , 8
2 , 6.48 , 6.0 , 6 , 8
2 , 6.48 , 6.0 , 6 , 8
2 , 6.48 , 6.0 , 6 , 8
2 , 6.48 , 6.0 , 6 , 8
2 , 6.48 , 6.0 , 6 , 8
2 , 6.48 , 6.0 , 6 , 8
2 , 6.44 , 6.0 , 6 , 8
2 , 6.42 , 6.0 , 6 , 8
2 , 6.4 , 6.0 , 6 , 8
2 , 6.4 , 6.0 , 6 , 8
2 , 6.4 , 6.0 , 6 , 8
2 , 6.4 , 6.0 , 6 , 8
2 , 6.38 , 6.0 , 6 , 8
2 , 6.36 , 6.0 , 6 , 8
2 , 6.36 , 6.0 , 6 , 8
2 , 6.36 , 6.0 , 6 , 8
2 , 6.36 , 6.0 , 6 , 8
2 , 6.34 , 6.0 , 6 , 8
2 , 6.34 , 6.0 , 6 , 8
2 , 6.34 , 6.0 , 6 , 8
2 , 6.32 , 6.0 , 6 , 8
2 , 6.3 , 6.0 , 6 , 8
2 , 6.3 , 6.0 , 6 , 8
2 , 6.3 , 6.0 , 6 , 8
2 , 6.3 , 6.0 , 6 , 8
2 , 6.28 , 6.0 , 6 , 8
2 , 6.26 , 6.0 , 6 , 8
2 , 6.24 , 6.0 , 6 , 8
2 , 6.22 , 6.0 , 6 , 8
2 , 6.22 , 6.0 , 6 , 8
2 , 6.22 , 6.0 , 6 , 8
2 , 6.2 , 6.0 , 6 , 8
2 , 6.2 , 6.0 , 6 , 8
2 , 6.16 , 6.0 , 6 , 8
2 , 6.16 , 6.0 , 6 , 8
2 , 6.16 , 6.0 , 6 , 8
2 , 6.16 , 6.0 , 6 , 8
2 , 6.16 , 6.0 , 6 , 8
2 , 6.16 , 6.0 , 6 , 8
2 , 6.16 , 6.0 , 6 , 8
2 , 6.16 , 6.0 , 6 , 8
2 , 6.16 , 6.0 , 6 , 8
2 , 6.16 , 6.0 , 6 , 8
2 , 6.16 , 6.0 , 6 , 8
2 , 6.16 , 6.0 , 6 , 8
2 , 6.16 , 6.0 , 6 , 8
2 , 6.16 , 6.0 , 6 , 8
2 , 6.06 , 6.0 , 6 , 8
2 , 6.06 , 6.0 , 6 , 8
2 , 6.06 , 6.0 , 6 , 8
2 , 6.06 , 6.0 , 6 , 8
2 , 6.06 , 6.0 , 6 , 8
2 , 6.06 , 6.0 , 6 , 8
2 , 6.02 , 6.0 , 6 , 8
2 , 6.02 , 6.0 , 6 , 8
2 , 6.02 , 6.0 , 6 , 8
2 , 6.02 , 6.0 , 6 , 8
2 , 6.02 , 6.0 , 6 , 8
2 , 6.02 , 6.0 , 6 , 8
2 , 6.02 , 6.0 , 6 , 8
2 , 5.98 , 6.0 , 6 , 8
2 , 5.94 , 6.0 , 6 , 8
2 , 5.94 , 6.0 , 6 , 8
2 , 5.94 , 6.0 , 6 , 8
2 , 5.94 , 6.0 , 6 , 8
2 , 5.92 , 6.0 , 6 , 8
2 , 5.9 , 6.0 , 6 , 8
2 , 5.86 , 6.0 , 6 , 8
2 , 5.86 , 6.0 , 6 , 8
2 , 5.84 , 6.0 , 6 , 8
2 , 5.84 , 6.0 , 6 , 8
2 , 5.84 , 6.0 , 6 , 8
2 , 5.84 , 6.0 , 6 , 8
2 , 5.8 , 6.0 , 6 , 8
2 , 5.8 , 6.0 , 6 , 8
2 , 5.8 , 6.0 , 6 , 8
2 , 5.8 , 6.0 , 6 , 8
2 , 5.78 , 6.0 , 6 , 8
2 , 5.76 , 6.0 , 6 , 8
2 , 5.76 , 6.0 , 6 , 8
2 , 5.76 , 6.0 , 6 , 8
2 , 5.74 , 6.0 , 6 , 8
2 , 5.74 , 6.0 , 6 , 8
2 , 5.74 , 6.0 , 6 , 8
2 , 5.74 , 6.0 , 6 , 8
2 , 5.72 , 6.0 , 6 , 8
2 , 5.72 , 6.0 , 6 , 8
2 , 5.7 , 6.0 , 6 , 8
2 , 5.7 , 6.0 , 6 , 8
2 , 5.64 , 6.0 , 6 , 8
2 , 5.62 , 6.0 , 6 , 8
2 , 5.6 , 6.0 , 6 , 8
2 , 5.6 , 6.0 , 6 , 8
2 , 5.6 , 6.0 , 6 , 8
2 , 5.6 , 6.0 , 6 , 8
2 , 5.6 , 6.0 , 6 , 8
2 , 5.6 , 6.0 , 6 , 8
2 , 5.6 , 6.0 , 6 , 8
2 , 5.6 , 6.0 , 6 , 8
2 , 5.58 , 6.0 , 6 , 8
2 , 5.56 , 6.0 , 6 , 8
2 , 5.56 , 6.0 , 6 , 8
2 , 5.54 , 6.0 , 6 , 8
2 , 5.54 , 6.0 , 6 , 8
2 , 5.54 , 6.0 , 6 , 8
2 , 5.52 , 6.0 , 6 , 6
2 , 5.52 , 6.0 , 6 , 6
2 , 5.52 , 6.0 , 6 , 6
2 , 5.5 , 6.0 , 6 , 6
2 , 5.5 , 6.0 , 6 , 6
2 , 5.5 , 6.0 , 6 , 6
2 , 5.5 , 6.0 , 6 , 6
2 , 5.5 , 6.0 , 6 , 6
2 , 5.5 , 6.0 , 6 , 6
2 , 5.5 , 6.0 , 6 , 6
2 , 5.5 , 6.0 , 6 , 6
2 , 5.5 , 6.0 , 6 , 6
2 , 5.5 , 6.0 , 6 , 6
2 , 5.5 , 6.0 , 6 , 6
2 , 5.5 , 6.0 , 6 , 6
2 , 5.5 , 6.0 , 6 , 6
2 , 5.5 , 6.0 , 6 , 6
2 , 5.5 , 6.0 , 6 , 6
2 , 5.5 , 6.0 , 6 , 6
2 , 5.5 , 6.0 , 6 , 6
2 , 5.5 , 6.0 , 6 , 6
2 , 5.5 , 6.0 , 6 , 6
2 , 5.5 , 6.0 , 6 , 6
2 , 5.5 , 6.0 , 6 , 6
2 , 5.5 , 6.0 , 6 , 6
2 , 5.48 , 6.0 , 6 , 6
2 , 5.48 , 6.0 , 6 , 6
2 , 5.48 , 6.0 , 6 , 6
2 , 5.48 , 6.0 , 6 , 6
2 , 5.48 , 6.0 , 6 , 6
2 , 5.48 , 6.0 , 6 , 6
2 , 5.48 , 6.0 , 6 , 6
2 , 5.48 , 6.0 , 6 , 6
2 , 5.48 , 6.0 , 6 , 6
2 , 5.48 , 6.0 , 6 , 6
2 , 5.48 , 6.0 , 6 , 6
2 , 5.48 , 6.0 , 6 , 6
2 , 5.48 , 6.0 , 6 , 6
2 , 5.48 , 6.0 , 6 , 6
2 , 5.48 , 6.0 , 6 , 6
2 , 5.48 , 6.0 , 6 , 6
2 , 5.48 , 6.0 , 6 , 6
2 , 5.48 , 6.0 , 6 , 6
2 , 5.48 , 6.0 , 6 , 6
2 , 5.48 , 6.0 , 6 , 6
2 , 5.48 , 6.0 , 6 , 6
2 , 5.48 , 6.0 , 6 , 6
2 , 5.48 , 6.0 , 6 , 6
2 , 5.48 , 6.0 , 6 , 6
2 , 5.48 , 6.0 , 6 , 6
2 , 5.48 , 6.0 , 6 , 6
2 , 5.48 , 6.0 , 6 , 6
2 , 5.48 , 6.0 , 6 , 6
2 , 5.48 , 6.0 , 6 , 6
2 , 5.48 , 6.0 , 6 , 6
2 , 5.48 , 6.0 , 6 , 6
2 , 5.48 , 6.0 , 6 , 6
2 , 5.44 , 6.0 , 6 , 6
2 , 5.44 , 6.0 , 6 , 6
2 , 5.44 , 6.0 , 6 , 6
2 , 5.44 , 6.0 , 6 , 6
2 , 5.44 , 6.0 , 6 , 6
2 , 5.42 , 6.0 , 6 , 6
2 , 5.42 , 6.0 , 6 , 6
2 , 5.42 , 6.0 , 6 , 6
2 , 5.42 , 6.0 , 6 , 6
2 , 5.4 , 6.0 , 6 , 6
2 , 5.4 , 6.0 , 6 , 6
2 , 5.4 , 6.0 , 6 , 6
2 , 5.4 , 6.0 , 6 , 6
2 , 5.4 , 6.0 , 6 , 6
2 , 5.4 , 6.0 , 6 , 6
2 , 5.4 , 6.0 , 6 , 6
2 , 5.4 , 6.0 , 6 , 6
2 , 5.4 , 6.0 , 6 , 6
2 , 5.4 , 6.0 , 6 , 6
2 , 5.4 , 6.0 , 6 , 6
2 , 5.4 , 6.0 , 6 , 6
2 , 5.4 , 6.0 , 6 , 6
2 , 5.36 , 6.0 , 6 , 6
2 , 5.32 , 6.0 , 6 , 6
2 , 5.32 , 6.0 , 6 , 6
2 , 5.32 , 6.0 , 6 , 6
2 , 5.32 , 6.0 , 6 , 6
2 , 5.32 , 6.0 , 6 , 6
2 , 5.32 , 6.0 , 6 , 6
2 , 5.32 , 6.0 , 6 , 6
2 , 5.32 , 6.0 , 6 , 6
2 , 5.3 , 6.0 , 6 , 6
2 , 5.3 , 6.0 , 6 , 6
2 , 5.3 , 6.0 , 6 , 6
2 , 5.3 , 6.0 , 6 , 6
2 , 5.3 , 6.0 , 6 , 6
2 , 5.3 , 6.0 , 6 , 6
2 , 5.3 , 6.0 , 6 , 6
2 , 5.3 , 6.0 , 6 , 6
2 , 5.3 , 6.0 , 6 , 6
2 , 5.3 , 6.0 , 6 , 6
2 , 5.3 , 6.0 , 6 , 6
2 , 5.3 , 6.0 , 6 , 6
2 , 5.3 , 6.0 , 6 , 6
2 , 5.3 , 6.0 , 6 , 6
2 , 5.26 , 6.0 , 6 , 6
2 , 5.26 , 6.0 , 6 , 6
2 , 5.26 , 6.0 , 6 , 6
2 , 5.26 , 6.0 , 6 , 6
2 , 5.26 , 6.0 , 6 , 6
2 , 5.26 , 6.0 , 6 , 6
2 , 5.26 , 6.0 , 6 , 6
2 , 5.26 , 6.0 , 6 , 6
2 , 5.26 , 6.0 , 6 , 6
2 , 5.26 , 6.0 , 6 , 6
2 , 5.26 , 6.0 , 6 , 6
2 , 5.26 , 6.0 , 6 , 6
2 , 5.26 , 6.0 , 6 , 6
2 , 5.26 , 6.0 , 6 , 6
2 , 5.26 , 6.0 , 6 , 6
2 , 5.26 , 6.0 , 6 , 6
2 , 5.26 , 6.0 , 6 , 6
2 , 5.26 , 6.0 , 6 , 6
2 , 5.26 , 6.0 , 6 , 6
2 , 5.26 , 6.0 , 6 , 6
2 , 5.26 , 6.0 , 6 , 6
2 , 5.24 , 6.0 , 6 , 6
2 , 5.24 , 6.0 , 6 , 6
2 , 5.22 , 6.0 , 6 , 6
2 , 5.22 , 6.0 , 6 , 6
2 , 5.22 , 6.0 , 6 , 6
2 , 5.22 , 6.0 , 6 , 6
2 , 5.22 , 6.0 , 6 , 6
2 , 5.22 , 6.0 , 6 , 6
2 , 5.22 , 6.0 , 6 , 6
2 , 5.22 , 6.0 , 6 , 6
2 , 5.22 , 6.0 , 6 , 6
2 , 5.22 , 6.0 , 6 , 6
2 , 5.22 , 6.0 , 6 , 6
2 , 5.22 , 6.0 , 6 , 6
2 , 5.22 , 6.0 , 6 , 6
2 , 5.2 , 6.0 , 6 , 6
2 , 5.2 , 6.0 , 6 , 6
2 , 5.2 , 6.0 , 6 , 6
2 , 5.2 , 6.0 , 6 , 6
2 , 5.2 , 6.0 , 6 , 6
2 , 5.2 , 6.0 , 6 , 6
2 , 5.2 , 6.0 , 6 , 6
2 , 5.2 , 6.0 , 6 , 6
2 , 5.16 , 6.0 , 6 , 6
2 , 5.16 , 6.0 , 6 , 6
2 , 5.16 , 6.0 , 6 , 6
2 , 5.16 , 6.0 , 6 , 6
2 , 5.16 , 6.0 , 6 , 6
2 , 5.16 , 6.0 , 6 , 6
2 , 5.16 , 6.0 , 6 , 6
2 , 5.16 , 6.0 , 6 , 6
2 , 5.14 , 6.0 , 6 , 6
2 , 5.1 , 6.0 , 6 , 6
2 , 5.1 , 6.0 , 6 , 6
2 , 5.1 , 6.0 , 6 , 6
2 , 5.1 , 6.0 , 6 , 6
2 , 5.1 , 6.0 , 6 , 6
2 , 5.1 , 6.0 , 6 , 6
2 , 5.1 , 6.0 , 6 , 6
2 , 5.1 , 6.0 , 6 , 6
2 , 5.1 , 6.0 , 6 , 6
2 , 5.1 , 6.0 , 6 , 6
2 , 5.1 , 6.0 , 6 , 6
2 , 5.1 , 6.0 , 6 , 6
2 , 5.1 , 6.0 , 6 , 6
2 , 5.1 , 6.0 , 6 , 6
2 , 5.1 , 6.0 , 6 , 6
2 , 5.1 , 6.0 , 6 , 6
2 , 5.1 , 6.0 , 6 , 6
2 , 5.1 , 6.0 , 6 , 6
2 , 5.1 , 6.0 , 6 , 6
2 , 5.1 , 6.0 , 6 , 6
2 , 5.1 , 6.0 , 6 , 6
2 , 5.1 , 6.0 , 6 , 6
2 , 5.08 , 6.0 , 6 , 6
2 , 5.08 , 6.0 , 6 , 6
2 , 5.08 , 6.0 , 6 , 6
2 , 5.08 , 6.0 , 6 , 6
2 , 5.06 , 6.0 , 6 , 6
2 , 5.06 , 6.0 , 6 , 6
2 , 5.06 , 6.0 , 6 , 6
2 , 5.06 , 6.0 , 6 , 6
2 , 5.06 , 6.0 , 6 , 6
2 , 5.06 , 6.0 , 6 , 6
2 , 5.06 , 6.0 , 6 , 6
2 , 5.06 , 6.0 , 6 , 6
2 , 5.06 , 6.0 , 6 , 6
2 , 5.04 , 6.0 , 6 , 6
2 , 5.04 , 6.0 , 6 , 6
2 , 5.04 , 6.0 , 6 , 6
2 , 5.04 , 6.0 , 6 , 6
2 , 5.04 , 6.0 , 6 , 6
2 , 5.04 , 6.0 , 6 , 6
2 , 5.02 , 6.0 , 6 , 6
2 , 5.0 , 6.0 , 6 , 6
2 , 5.0 , 6.0 , 6 , 6
2 , 5.0 , 6.0 , 6 , 6
2 , 5.0 , 6.0 , 6 , 6
2 , 5.0 , 6.0 , 6 , 6
2 , 5.0 , 6.0 , 6 , 6
2 , 5.0 , 6.0 , 6 , 6
2 , 5.0 , 6.0 , 6 , 6
2 , 5.0 , 6.0 , 6 , 6
2 , 4.96 , 6.0 , 6 , 6
2 , 4.92 , 6.0 , 6 , 6
2 , 4.92 , 6.0 , 6 , 6
2 , 4.92 , 6.0 , 6 , 6
2 , 4.92 , 6.0 , 6 , 6
2 , 4.92 , 6.0 , 6 , 6
2 , 4.92 , 6.0 , 6 , 6
2 , 4.92 , 6.0 , 6 , 6
2 , 4.92 , 6.0 , 6 , 6
2 , 4.92 , 6.0 , 6 , 6
2 , 4.92 , 6.0 , 6 , 6
2 , 4.92 , 6.0 , 6 , 6
2 , 4.92 , 6.0 , 6 , 6
2 , 4.92 , 6.0 , 6 , 6
2 , 4.92 , 6.0 , 6 , 6
2 , 4.92 , 6.0 , 6 , 6
2 , 4.92 , 6.0 , 6 , 6
2 , 4.92 , 6.0 , 6 , 6
2 , 4.92 , 6.0 , 6 , 6
2 , 4.92 , 6.0 , 6 , 6
2 , 4.9 , 6.0 , 6 , 6
2 , 4.9 , 6.0 , 6 , 6
2 , 4.9 , 6.0 , 6 , 6
2 , 4.88 , 6.0 , 6 , 6
2 , 4.88 , 6.0 , 6 , 6
2 , 4.88 , 6.0 , 6 , 6
2 , 4.88 , 6.0 , 6 , 6
2 , 4.84 , 6.0 , 6 , 6
2 , 4.82 , 5.0 , 6 , 6
2 , 4.82 , 5.0 , 6 , 6
2 , 4.82 , 5.0 , 6 , 6
2 , 4.82 , 5.0 , 6 , 6
2 , 4.82 , 5.0 , 6 , 6
2 , 4.8 , 4.0 , 6 , 6
2 , 4.8 , 4.0 , 6 , 6
2 , 4.8 , 4.0 , 6 , 6
2 , 4.8 , 4.0 , 6 , 6
2 , 4.8 , 4.0 , 6 , 6
2 , 4.8 , 4.0 , 6 , 6
2 , 4.8 , 4.0 , 6 , 6
2 , 4.8 , 4.0 , 6 , 6
2 , 4.8 , 4.0 , 6 , 6
2 , 4.8 , 4.0 , 6 , 6
2 , 4.8 , 4.0 , 6 , 6
2 , 4.8 , 4.0 , 6 , 6
2 , 4.8 , 4.0 , 6 , 6
2 , 4.8 , 4.0 , 6 , 6
2 , 4.8 , 4.0 , 6 , 6
2 , 4.8 , 4.0 , 6 , 6
2 , 4.8 , 4.0 , 6 , 6
2 , 4.8 , 4.0 , 6 , 6
2 , 4.8 , 4.0 , 6 , 6
2 , 4.8 , 4.0 , 6 , 6
2 , 4.8 , 4.0 , 6 , 6
2 , 4.8 , 4.0 , 6 , 6
2 , 4.8 , 4.0 , 6 , 6
2 , 4.8 , 4.0 , 6 , 6
2 , 4.8 , 4.0 , 6 , 6
2 , 4.8 , 4.0 , 6 , 6
2 , 4.78 , 4.0 , 6 , 6
2 , 4.78 , 4.0 , 6 , 6
2 , 4.78 , 4.0 , 6 , 6
2 , 4.78 , 4.0 , 6 , 6
2 , 4.78 , 4.0 , 6 , 6
2 , 4.78 , 4.0 , 6 , 6
2 , 4.76 , 4.0 , 6 , 6
2 , 4.76 , 4.0 , 6 , 6
2 , 4.76 , 4.0 , 6 , 6
2 , 4.76 , 4.0 , 6 , 6
2 , 4.76 , 4.0 , 6 , 6
2 , 4.76 , 4.0 , 6 , 6
2 , 4.76 , 4.0 , 6 , 6
2 , 4.76 , 4.0 , 6 , 6
2 , 4.76 , 4.0 , 6 , 6
2 , 4.76 , 4.0 , 6 , 6
2 , 4.76 , 4.0 , 6 , 6
2 , 4.72 , 4.0 , 6 , 6
2 , 4.72 , 4.0 , 6 , 6
2 , 4.72 , 4.0 , 6 , 6
2 , 4.72 , 4.0 , 6 , 6
2 , 4.72 , 4.0 , 6 , 6
2 , 4.72 , 4.0 , 6 , 6
2 , 4.7 , 4.0 , 4 , 6
2 , 4.7 , 4.0 , 4 , 6
2 , 4.7 , 4.0 , 4 , 6
2 , 4.7 , 4.0 , 4 , 6
2 , 4.7 , 4.0 , 4 , 6
2 , 4.7 , 4.0 , 4 , 6
2 , 4.7 , 4.0 , 4 , 6
2 , 4.7 , 4.0 , 4 , 6
2 , 4.7 , 4.0 , 4 , 6
2 , 4.7 , 4.0 , 4 , 6
2 , 4.7 , 4.0 , 4 , 6
2 , 4.7 , 4.0 , 4 , 6
2 , 4.7 , 4.0 , 4 , 6
2 , 4.7 , 4.0 , 4 , 6
2 , 4.7 , 4.0 , 4 , 6
2 , 4.68 , 4.0 , 4 , 6
2 , 4.66 , 4.0 , 4 , 6
2 , 4.64 , 4.0 , 4 , 6
2 , 4.64 , 4.0 , 4 , 6
2 , 4.64 , 4.0 , 4 , 6
2 , 4.64 , 4.0 , 4 , 6
2 , 4.64 , 4.0 , 4 , 6
2 , 4.64 , 4.0 , 4 , 6
2 , 4.6 , 4.0 , 4 , 6
2 , 4.6 , 4.0 , 4 , 6
2 , 4.58 , 4.0 , 4 , 6
2 , 4.58 , 4.0 , 4 , 6
2 , 4.58 , 4.0 , 4 , 6
2 , 4.58 , 4.0 , 4 , 6
2 , 4.58 , 4.0 , 4 , 6
2 , 4.58 , 4.0 , 4 , 6
2 , 4.58 , 4.0 , 4 , 6
2 , 4.58 , 4.0 , 4 , 6
2 , 4.58 , 4.0 , 4 , 6
2 , 4.58 , 4.0 , 4 , 6
2 , 4.58 , 4.0 , 4 , 6
2 , 4.58 , 4.0 , 4 , 6
2 , 4.58 , 4.0 , 4 , 6
2 , 4.58 , 4.0 , 4 , 6
2 , 4.58 , 4.0 , 4 , 6
2 , 4.58 , 4.0 , 4 , 6
2 , 4.58 , 4.0 , 4 , 6
2 , 4.58 , 4.0 , 4 , 6
2 , 4.58 , 4.0 , 4 , 6
2 , 4.58 , 4.0 , 4 , 6
2 , 4.58 , 4.0 , 4 , 6
2 , 4.56 , 4.0 , 4 , 6
2 , 4.56 , 4.0 , 4 , 6
2 , 4.56 , 4.0 , 4 , 6
2 , 4.54 , 4.0 , 4 , 6
2 , 4.54 , 4.0 , 4 , 6
2 , 4.54 , 4.0 , 4 , 6
2 , 4.54 , 4.0 , 4 , 6
2 , 4.54 , 4.0 , 4 , 6
2 , 4.54 , 4.0 , 4 , 6
2 , 4.54 , 4.0 , 4 , 6
2 , 4.54 , 4.0 , 4 , 6
2 , 4.54 , 4.0 , 4 , 6
2 , 4.54 , 4.0 , 4 , 6
2 , 4.54 , 4.0 , 4 , 6
2 , 4.54 , 4.0 , 4 , 6
2 , 4.54 , 4.0 , 4 , 6
2 , 4.54 , 4.0 , 4 , 6
2 , 4.54 , 4.0 , 4 , 6
2 , 4.54 , 4.0 , 4 , 6
2 , 4.54 , 4.0 , 4 , 6
2 , 4.54 , 4.0 , 4 , 6
2 , 4.54 , 4.0 , 4 , 6
2 , 4.54 , 4.0 , 4 , 6
2 , 4.54 , 4.0 , 4 , 6
2 , 4.54 , 4.0 , 4 , 6
2 , 4.54 , 4.0 , 4 , 6
2 , 4.54 , 4.0 , 4 , 6
2 , 4.54 , 4.0 , 4 , 6
2 , 4.54 , 4.0 , 4 , 6
2 , 4.54 , 4.0 , 4 , 6
2 , 4.54 , 4.0 , 4 , 6
2 , 4.54 , 4.0 , 4 , 6
2 , 4.54 , 4.0 , 4 , 6
2 , 4.52 , 4.0 , 4 , 6
2 , 4.52 , 4.0 , 4 , 6
2 , 4.52 , 4.0 , 4 , 6
2 , 4.5 , 4.0 , 4 , 6
2 , 4.5 , 4.0 , 4 , 6
2 , 4.5 , 4.0 , 4 , 6
2 , 4.5 , 4.0 , 4 , 6
2 , 4.5 , 4.0 , 4 , 6
2 , 4.5 , 4.0 , 4 , 6
2 , 4.48 , 4.0 , 4 , 6
2 , 4.48 , 4.0 , 4 , 6
2 , 4.46 , 4.0 , 4 , 6
2 , 4.46 , 4.0 , 4 , 6
2 , 4.44 , 4.0 , 4 , 6
2 , 4.44 , 4.0 , 4 , 6
2 , 4.44 , 4.0 , 4 , 6
2 , 4.42 , 4.0 , 4 , 6
2 , 4.42 , 4.0 , 4 , 6
2 , 4.42 , 4.0 , 4 , 6
2 , 4.42 , 4.0 , 4 , 6
2 , 4.42 , 4.0 , 4 , 6
2 , 4.42 , 4.0 , 4 , 6
2 , 4.42 , 4.0 , 4 , 6
2 , 4.42 , 4.0 , 4 , 6
2 , 4.4 , 4.0 , 4 , 6
2 , 4.4 , 4.0 , 4 , 6
2 , 4.4 , 4.0 , 4 , 6
2 , 4.4 , 4.0 , 4 , 6
2 , 4.4 , 4.0 , 4 , 6
2 , 4.4 , 4.0 , 4 , 6
2 , 4.4 , 4.0 , 4 , 6
2 , 4.4 , 4.0 , 4 , 6
2 , 4.4 , 4.0 , 4 , 6
2 , 4.38 , 4.0 , 4 , 6
2 , 4.38 , 4.0 , 4 , 6
2 , 4.38 , 4.0 , 4 , 6
2 , 4.34 , 4.0 , 4 , 6
2 , 4.34 , 4.0 , 4 , 6
2 , 4.34 , 4.0 , 4 , 6
2 , 4.34 , 4.0 , 4 , 6
2 , 4.34 , 4.0 , 4 , 6
2 , 4.34 , 4.0 , 4 , 6
2 , 4.34 , 4.0 , 4 , 6
2 , 4.34 , 4.0 , 4 , 6
2 , 4.34 , 4.0 , 4 , 6
2 , 4.34 , 4.0 , 4 , 6
2 , 4.34 , 4.0 , 4 , 6
2 , 4.34 , 4.0 , 4 , 6
2 , 4.34 , 4.0 , 4 , 6
2 , 4.34 , 4.0 , 4 , 6
2 , 4.34 , 4.0 , 4 , 6
2 , 4.34 , 4.0 , 4 , 6
2 , 4.34 , 4.0 , 4 , 6
2 , 4.34 , 4.0 , 4 , 6
2 , 4.34 , 4.0 , 4 , 6
2 , 4.34 , 4.0 , 4 , 6
2 , 4.34 , 4.0 , 4 , 6
2 , 4.34 , 4.0 , 4 , 6
2 , 4.34 , 4.0 , 4 , 6
2 , 4.3 , 4.0 , 4 , 6
2 , 4.28 , 4.0 , 4 , 6
2 , 4.24 , 4.0 , 4 , 6
2 , 4.22 , 4.0 , 4 , 6
2 , 4.22 , 4.0 , 4 , 6
2 , 4.22 , 4.0 , 4 , 6
2 , 4.18 , 4.0 , 4 , 6
2 , 4.18 , 4.0 , 4 , 6
2 , 4.18 , 4.0 , 4 , 6
2 , 4.18 , 4.0 , 4 , 6
2 , 4.18 , 4.0 , 4 , 6
2 , 4.18 , 4.0 , 4 , 6
2 , 4.16 , 4.0 , 4 , 6
2 , 4.16 , 4.0 , 4 , 6
2 , 4.16 , 4.0 , 4 , 6
2 , 4.16 , 4.0 , 4 , 6
2 , 4.16 , 4.0 , 4 , 6
2 , 4.16 , 4.0 , 4 , 6
2 , 4.16 , 4.0 , 4 , 6
2 , 4.16 , 4.0 , 4 , 6
2 , 4.16 , 4.0 , 4 , 6
2 , 4.16 , 4.0 , 4 , 6
2 , 4.16 , 4.0 , 4 , 6
2 , 4.16 , 4.0 , 4 , 6
2 , 4.16 , 4.0 , 4 , 6
2 , 4.16 , 4.0 , 4 , 6
2 , 4.12 , 4.0 , 4 , 6
2 , 4.08 , 4.0 , 4 , 6
2 , 4.08 , 4.0 , 4 , 6
2 , 4.06 , 4.0 , 4 , 6
2 , 4.06 , 4.0 , 4 , 6
2 , 4.06 , 4.0 , 4 , 6
2 , 4.06 , 4.0 , 4 , 6
2 , 4.06 , 4.0 , 4 , 6
2 , 4.04 , 4.0 , 4 , 6
2 , 4.02 , 4.0 , 4 , 6
2 , 4.02 , 4.0 , 4 , 6
2 , 4.02 , 4.0 , 4 , 6
2 , 3.98 , 4.0 , 4 , 6
2 , 3.98 , 4.0 , 4 , 6
2 , 3.98 , 4.0 , 4 , 6
2 , 3.98 , 4.0 , 4 , 6
2 , 3.98 , 4.0 , 4 , 6
2 , 3.96 , 4.0 , 4 , 6
2 , 3.92 , 4.0 , 4 , 6
2 , 3.92 , 4.0 , 4 , 6
2 , 3.92 , 4.0 , 4 , 6
2 , 3.92 , 4.0 , 4 , 6
2 , 3.92 , 4.0 , 4 , 6
2 , 3.92 , 4.0 , 4 , 6
2 , 3.92 , 4.0 , 4 , 6
2 , 3.92 , 4.0 , 4 , 6
2 , 3.92 , 4.0 , 4 , 6
2 , 3.9 , 4.0 , 4 , 6
2 , 3.9 , 4.0 , 4 , 6
2 , 3.9 , 4.0 , 4 , 6
2 , 3.9 , 4.0 , 4 , 6
2 , 3.9 , 4.0 , 4 , 6
2 , 3.88 , 4.0 , 4 , 6
2 , 3.88 , 4.0 , 4 , 6
2 , 3.88 , 4.0 , 4 , 6
2 , 3.88 , 4.0 , 4 , 6
2 , 3.88 , 4.0 , 4 , 6
2 , 3.88 , 4.0 , 4 , 6
2 , 3.88 , 4.0 , 4 , 6
2 , 3.88 , 4.0 , 4 , 6
2 , 3.88 , 4.0 , 4 , 6
2 , 3.88 , 4.0 , 4 , 6
2 , 3.88 , 4.0 , 4 , 6
2 , 3.88 , 4.0 , 4 , 6
2 , 3.86 , 4.0 , 4 , 6
2 , 3.86 , 4.0 , 4 , 6
2 , 3.84 , 4.0 , 4 , 6
2 , 3.84 , 4.0 , 4 , 6
2 , 3.82 , 4.0 , 4 , 6
2 , 3.82 , 4.0 , 4 , 6
2 , 3.82 , 4.0 , 4 , 6
2 , 3.82 , 4.0 , 4 , 6
2 , 3.8 , 4.0 , 4 , 6
2 , 3.8 , 4.0 , 4 , 6
2 , 3.8 , 4.0 , 4 , 6
2 , 3.8 , 4.0 , 4 , 6
2 , 3.78 , 4.0 , 4 , 6
2 , 3.78 , 4.0 , 4 , 6
0  Perfect solutions
perfect solution individuals []
