6 , 15.74 , 15.0 , 14 , 30
6 , 15.4 , 14.0 , 14 , 24
6 , 15.24 , 14.0 , 14 , 24
6 , 15.08 , 14.0 , 14 , 22
6 , 14.98 , 14.0 , 14 , 22
6 , 14.74 , 14.0 , 14 , 22
6 , 14.54 , 14.0 , 14 , 22
6 , 14.36 , 14.0 , 14 , 22
6 , 14.18 , 14.0 , 14 , 20
6 , 13.96 , 14.0 , 14 , 20
6 , 13.76 , 14.0 , 14 , 20
6 , 13.72 , 14.0 , 14 , 20
6 , 13.56 , 14.0 , 14 , 20
6 , 13.4 , 14.0 , 14 , 18
6 , 13.24 , 14.0 , 14 , 18
6 , 13.14 , 14.0 , 14 , 18
6 , 13.02 , 14.0 , 14 , 18
6 , 12.86 , 14.0 , 14 , 18
6 , 12.84 , 14.0 , 14 , 18
6 , 12.74 , 14.0 , 14 , 18
6 , 12.66 , 14.0 , 14 , 18
6 , 12.54 , 14.0 , 14 , 16
6 , 12.52 , 14.0 , 14 , 16
6 , 12.5 , 14.0 , 14 , 16
6 , 12.48 , 14.0 , 14 , 16
6 , 12.46 , 14.0 , 14 , 16
6 , 12.36 , 12.0 , 14 , 16
6 , 12.26 , 12.0 , 14 , 16
6 , 12.18 , 12.0 , 14 , 16
6 , 12.12 , 12.0 , 14 , 16
6 , 12.06 , 12.0 , 14 , 16
6 , 11.96 , 12.0 , 14 , 16
6 , 11.96 , 12.0 , 14 , 16
6 , 11.82 , 12.0 , 14 , 16
6 , 11.82 , 12.0 , 14 , 16
6 , 11.72 , 12.0 , 14 , 16
6 , 11.7 , 12.0 , 14 , 16
6 , 11.6 , 12.0 , 14 , 16
6 , 11.5 , 12.0 , 14 , 14
6 , 11.5 , 12.0 , 14 , 14
6 , 11.5 , 12.0 , 14 , 14
6 , 11.4 , 12.0 , 14 , 14
6 , 11.4 , 12.0 , 14 , 14
6 , 11.34 , 12.0 , 14 , 14
6 , 11.32 , 12.0 , 12 , 14
6 , 11.3 , 12.0 , 12 , 14
6 , 11.2 , 12.0 , 12 , 14
6 , 11.16 , 12.0 , 12 , 14
6 , 11.16 , 12.0 , 12 , 14
6 , 11.14 , 12.0 , 12 , 14
6 , 11.1 , 12.0 , 12 , 14
4 , 10.98 , 12.0 , 12 , 14
4 , 10.92 , 12.0 , 12 , 14
4 , 10.88 , 12.0 , 12 , 14
4 , 10.86 , 12.0 , 12 , 14
4 , 10.84 , 12.0 , 12 , 14
4 , 10.74 , 12.0 , 12 , 14
4 , 10.7 , 12.0 , 12 , 14
4 , 10.68 , 12.0 , 12 , 14
4 , 10.68 , 12.0 , 12 , 14
4 , 10.6 , 11.0 , 12 , 14
4 , 10.58 , 11.0 , 12 , 14
4 , 10.5 , 10.0 , 12 , 14
4 , 10.42 , 10.0 , 12 , 14
4 , 10.38 , 10.0 , 12 , 14
4 , 10.36 , 10.0 , 12 , 14
4 , 10.3 , 10.0 , 12 , 14
4 , 10.26 , 10.0 , 12 , 14
4 , 10.26 , 10.0 , 12 , 14
4 , 10.22 , 10.0 , 12 , 14
4 , 10.14 , 10.0 , 12 , 14
4 , 10.08 , 10.0 , 12 , 12
4 , 10.06 , 10.0 , 12 , 12
4 , 10.06 , 10.0 , 12 , 12
4 , 10.02 , 10.0 , 12 , 12
4 , 10.0 , 10.0 , 12 , 12
4 , 10.0 , 10.0 , 12 , 12
4 , 9.94 , 10.0 , 12 , 12
4 , 9.94 , 10.0 , 12 , 12
4 , 9.92 , 10.0 , 10 , 12
4 , 9.92 , 10.0 , 10 , 12
4 , 9.88 , 10.0 , 10 , 12
4 , 9.86 , 10.0 , 10 , 12
4 , 9.82 , 10.0 , 10 , 12
4 , 9.76 , 10.0 , 10 , 12
4 , 9.74 , 10.0 , 10 , 12
4 , 9.72 , 10.0 , 10 , 12
4 , 9.72 , 10.0 , 10 , 12
4 , 9.72 , 10.0 , 10 , 12
4 , 9.68 , 10.0 , 10 , 12
4 , 9.68 , 10.0 , 10 , 12
4 , 9.68 , 10.0 , 10 , 12
4 , 9.64 , 10.0 , 10 , 12
4 , 9.6 , 10.0 , 10 , 12
4 , 9.54 , 10.0 , 10 , 12
4 , 9.5 , 10.0 , 10 , 12
4 , 9.5 , 10.0 , 10 , 12
4 , 9.5 , 10.0 , 10 , 12
4 , 9.48 , 10.0 , 10 , 12
4 , 9.48 , 10.0 , 10 , 12
4 , 9.42 , 10.0 , 10 , 12
4 , 9.36 , 10.0 , 10 , 12
4 , 9.34 , 10.0 , 10 , 12
4 , 9.28 , 10.0 , 10 , 12
4 , 9.22 , 10.0 , 10 , 12
4 , 9.22 , 10.0 , 10 , 12
4 , 9.14 , 10.0 , 10 , 12
4 , 9.14 , 10.0 , 10 , 12
4 , 9.14 , 10.0 , 10 , 12
4 , 9.14 , 10.0 , 10 , 12
4 , 9.14 , 10.0 , 10 , 12
4 , 9.14 , 10.0 , 10 , 12
4 , 9.14 , 10.0 , 10 , 12
4 , 9.12 , 10.0 , 10 , 12
4 , 9.12 , 10.0 , 10 , 12
4 , 9.12 , 10.0 , 10 , 12
4 , 9.12 , 10.0 , 10 , 12
4 , 9.1 , 10.0 , 10 , 12
4 , 9.1 , 10.0 , 10 , 12
4 , 9.02 , 10.0 , 10 , 12
4 , 9.02 , 10.0 , 10 , 12
4 , 8.98 , 10.0 , 10 , 12
4 , 8.98 , 10.0 , 10 , 12
4 , 8.96 , 10.0 , 10 , 12
4 , 8.96 , 10.0 , 10 , 12
4 , 8.96 , 10.0 , 10 , 12
4 , 8.96 , 10.0 , 10 , 12
4 , 8.86 , 10.0 , 10 , 12
4 , 8.86 , 10.0 , 10 , 12
4 , 8.86 , 10.0 , 10 , 12
4 , 8.84 , 10.0 , 10 , 12
4 , 8.8 , 10.0 , 10 , 12
4 , 8.78 , 10.0 , 10 , 12
4 , 8.76 , 10.0 , 10 , 10
4 , 8.76 , 10.0 , 10 , 10
4 , 8.76 , 10.0 , 10 , 10
4 , 8.76 , 10.0 , 10 , 10
4 , 8.7 , 10.0 , 10 , 10
4 , 8.7 , 10.0 , 10 , 10
4 , 8.66 , 10.0 , 10 , 10
4 , 8.64 , 10.0 , 10 , 10
4 , 8.64 , 10.0 , 10 , 10
4 , 8.62 , 10.0 , 10 , 10
4 , 8.62 , 10.0 , 10 , 10
4 , 8.62 , 10.0 , 10 , 10
4 , 8.62 , 10.0 , 10 , 10
4 , 8.62 , 10.0 , 10 , 10
4 , 8.58 , 10.0 , 10 , 10
4 , 8.58 , 10.0 , 10 , 10
4 , 8.58 , 10.0 , 10 , 10
4 , 8.54 , 9.0 , 10 , 10
4 , 8.52 , 8.0 , 10 , 10
4 , 8.44 , 8.0 , 10 , 10
4 , 8.44 , 8.0 , 10 , 10
4 , 8.44 , 8.0 , 10 , 10
4 , 8.42 , 8.0 , 10 , 10
4 , 8.42 , 8.0 , 10 , 10
4 , 8.42 , 8.0 , 10 , 10
4 , 8.4 , 8.0 , 10 , 10
4 , 8.4 , 8.0 , 10 , 10
4 , 8.36 , 8.0 , 10 , 10
4 , 8.36 , 8.0 , 10 , 10
4 , 8.36 , 8.0 , 10 , 10
4 , 8.34 , 8.0 , 10 , 10
4 , 8.34 , 8.0 , 10 , 10
4 , 8.34 , 8.0 , 10 , 10
4 , 8.34 , 8.0 , 10 , 10
4 , 8.34 , 8.0 , 10 , 10
4 , 8.32 , 8.0 , 10 , 10
4 , 8.3 , 8.0 , 10 , 10
4 , 8.3 , 8.0 , 10 , 10
4 , 8.3 , 8.0 , 10 , 10
4 , 8.28 , 8.0 , 10 , 10
4 , 8.22 , 8.0 , 8 , 10
4 , 8.2 , 8.0 , 8 , 10
4 , 8.18 , 8.0 , 8 , 10
4 , 8.18 , 8.0 , 8 , 10
4 , 8.16 , 8.0 , 8 , 10
4 , 8.14 , 8.0 , 8 , 10
4 , 8.14 , 8.0 , 8 , 10
4 , 8.1 , 8.0 , 8 , 10
4 , 8.1 , 8.0 , 8 , 10
4 , 8.06 , 8.0 , 8 , 10
4 , 8.06 , 8.0 , 8 , 10
4 , 8.02 , 8.0 , 8 , 10
4 , 8.0 , 8.0 , 8 , 10
4 , 8.0 , 8.0 , 8 , 10
4 , 7.98 , 8.0 , 8 , 10
4 , 7.96 , 8.0 , 8 , 10
4 , 7.96 , 8.0 , 8 , 10
4 , 7.96 , 8.0 , 8 , 10
4 , 7.96 , 8.0 , 8 , 10
4 , 7.94 , 8.0 , 8 , 10
4 , 7.92 , 8.0 , 8 , 10
4 , 7.92 , 8.0 , 8 , 10
4 , 7.92 , 8.0 , 8 , 10
4 , 7.9 , 8.0 , 8 , 10
4 , 7.86 , 8.0 , 8 , 10
4 , 7.86 , 8.0 , 8 , 10
4 , 7.86 , 8.0 , 8 , 10
4 , 7.86 , 8.0 , 8 , 10
4 , 7.82 , 8.0 , 8 , 10
4 , 7.82 , 8.0 , 8 , 10
4 , 7.82 , 8.0 , 8 , 10
4 , 7.82 , 8.0 , 8 , 10
4 , 7.82 , 8.0 , 8 , 10
4 , 7.8 , 8.0 , 8 , 10
4 , 7.8 , 8.0 , 8 , 10
4 , 7.8 , 8.0 , 8 , 10
4 , 7.74 , 8.0 , 8 , 10
4 , 7.74 , 8.0 , 8 , 10
4 , 7.7 , 8.0 , 8 , 10
4 , 7.68 , 8.0 , 8 , 10
4 , 7.58 , 8.0 , 8 , 10
4 , 7.58 , 8.0 , 8 , 10
4 , 7.56 , 8.0 , 8 , 10
4 , 7.54 , 8.0 , 8 , 10
4 , 7.52 , 8.0 , 8 , 10
4 , 7.5 , 8.0 , 8 , 10
4 , 7.48 , 8.0 , 8 , 10
4 , 7.48 , 8.0 , 8 , 10
4 , 7.48 , 8.0 , 8 , 10
4 , 7.46 , 8.0 , 8 , 10
4 , 7.44 , 8.0 , 8 , 10
4 , 7.44 , 8.0 , 8 , 10
4 , 7.42 , 8.0 , 8 , 10
4 , 7.42 , 8.0 , 8 , 10
4 , 7.4 , 8.0 , 8 , 10
4 , 7.38 , 8.0 , 8 , 10
4 , 7.36 , 8.0 , 8 , 10
4 , 7.36 , 8.0 , 8 , 10
4 , 7.34 , 8.0 , 8 , 10
4 , 7.3 , 8.0 , 8 , 10
4 , 7.3 , 8.0 , 8 , 10
4 , 7.3 , 8.0 , 8 , 10
4 , 7.2 , 8.0 , 8 , 8
4 , 7.18 , 8.0 , 8 , 8
4 , 7.16 , 8.0 , 8 , 8
4 , 7.14 , 8.0 , 8 , 8
4 , 7.14 , 8.0 , 8 , 8
4 , 7.14 , 8.0 , 8 , 8
4 , 7.1 , 8.0 , 8 , 8
4 , 7.1 , 8.0 , 8 , 8
4 , 7.1 , 8.0 , 8 , 8
4 , 7.1 , 8.0 , 8 , 8
4 , 7.1 , 8.0 , 8 , 8
4 , 7.06 , 8.0 , 8 , 8
4 , 7.06 , 8.0 , 8 , 8
4 , 7.06 , 8.0 , 8 , 8
4 , 7.06 , 8.0 , 8 , 8
4 , 7.06 , 8.0 , 8 , 8
4 , 7.06 , 8.0 , 8 , 8
4 , 7.06 , 8.0 , 8 , 8
4 , 7.06 , 8.0 , 8 , 8
4 , 7.06 , 8.0 , 8 , 8
4 , 7.02 , 8.0 , 8 , 8
4 , 7.02 , 8.0 , 8 , 8
4 , 7.0 , 8.0 , 8 , 8
4 , 6.96 , 8.0 , 8 , 8
4 , 6.96 , 8.0 , 8 , 8
4 , 6.96 , 8.0 , 8 , 8
4 , 6.96 , 8.0 , 8 , 8
4 , 6.96 , 8.0 , 8 , 8
4 , 6.94 , 8.0 , 8 , 8
4 , 6.92 , 8.0 , 8 , 8
4 , 6.92 , 8.0 , 8 , 8
4 , 6.92 , 8.0 , 8 , 8
4 , 6.92 , 8.0 , 8 , 8
4 , 6.88 , 8.0 , 8 , 8
4 , 6.88 , 8.0 , 8 , 8
4 , 6.88 , 8.0 , 8 , 8
4 , 6.88 , 8.0 , 8 , 8
4 , 6.88 , 8.0 , 8 , 8
4 , 6.88 , 8.0 , 8 , 8
4 , 6.88 , 8.0 , 8 , 8
4 , 6.88 , 8.0 , 8 , 8
4 , 6.88 , 8.0 , 8 , 8
4 , 6.88 , 8.0 , 8 , 8
4 , 6.88 , 8.0 , 8 , 8
4 , 6.86 , 8.0 , 8 , 8
4 , 6.86 , 8.0 , 8 , 8
4 , 6.86 , 8.0 , 8 , 8
4 , 6.86 , 8.0 , 8 , 8
4 , 6.86 , 8.0 , 8 , 8
4 , 6.86 , 8.0 , 8 , 8
4 , 6.84 , 8.0 , 8 , 8
4 , 6.82 , 8.0 , 8 , 8
4 , 6.82 , 8.0 , 8 , 8
4 , 6.82 , 8.0 , 8 , 8
4 , 6.82 , 8.0 , 8 , 8
4 , 6.78 , 8.0 , 8 , 8
4 , 6.74 , 8.0 , 8 , 8
4 , 6.74 , 8.0 , 8 , 8
4 , 6.72 , 7.0 , 8 , 8
4 , 6.7 , 6.0 , 8 , 8
4 , 6.7 , 6.0 , 8 , 8
4 , 6.7 , 6.0 , 8 , 8
4 , 6.7 , 6.0 , 8 , 8
4 , 6.68 , 6.0 , 8 , 8
4 , 6.68 , 6.0 , 8 , 8
4 , 6.68 , 6.0 , 8 , 8
4 , 6.68 , 6.0 , 8 , 8
4 , 6.68 , 6.0 , 8 , 8
4 , 6.68 , 6.0 , 8 , 8
4 , 6.68 , 6.0 , 8 , 8
4 , 6.68 , 6.0 , 8 , 8
4 , 6.68 , 6.0 , 8 , 8
4 , 6.68 , 6.0 , 8 , 8
4 , 6.64 , 6.0 , 8 , 8
4 , 6.64 , 6.0 , 8 , 8
4 , 6.64 , 6.0 , 8 , 8
4 , 6.64 , 6.0 , 8 , 8
4 , 6.64 , 6.0 , 8 , 8
4 , 6.62 , 6.0 , 8 , 8
4 , 6.6 , 6.0 , 8 , 8
4 , 6.6 , 6.0 , 8 , 8
4 , 6.58 , 6.0 , 8 , 8
4 , 6.54 , 6.0 , 8 , 8
4 , 6.52 , 6.0 , 6 , 8
4 , 6.52 , 6.0 , 6 , 8
4 , 6.52 , 6.0 , 6 , 8
4 , 6.52 , 6.0 , 6 , 8
4 , 6.5 , 6.0 , 6 , 8
4 , 6.5 , 6.0 , 6 , 8
4 , 6.5 , 6.0 , 6 , 8
4 , 6.48 , 6.0 , 6 , 8
4 , 6.46 , 6.0 , 6 , 8
4 , 6.46 , 6.0 , 6 , 8
4 , 6.46 , 6.0 , 6 , 8
4 , 6.46 , 6.0 , 6 , 8
4 , 6.44 , 6.0 , 6 , 8
4 , 6.44 , 6.0 , 6 , 8
4 , 6.44 , 6.0 , 6 , 8
4 , 6.44 , 6.0 , 6 , 8
4 , 6.44 , 6.0 , 6 , 8
4 , 6.44 , 6.0 , 6 , 8
4 , 6.44 , 6.0 , 6 , 8
4 , 6.44 , 6.0 , 6 , 8
4 , 6.4 , 6.0 , 6 , 8
4 , 6.4 , 6.0 , 6 , 8
4 , 6.4 , 6.0 , 6 , 8
4 , 6.4 , 6.0 , 6 , 8
4 , 6.4 , 6.0 , 6 , 8
4 , 6.4 , 6.0 , 6 , 8
4 , 6.4 , 6.0 , 6 , 8
4 , 6.4 , 6.0 , 6 , 8
4 , 6.4 , 6.0 , 6 , 8
4 , 6.4 , 6.0 , 6 , 8
4 , 6.4 , 6.0 , 6 , 8
4 , 6.4 , 6.0 , 6 , 8
4 , 6.4 , 6.0 , 6 , 8
4 , 6.38 , 6.0 , 6 , 8
4 , 6.36 , 6.0 , 6 , 8
4 , 6.36 , 6.0 , 6 , 8
4 , 6.36 , 6.0 , 6 , 8
4 , 6.32 , 6.0 , 6 , 8
4 , 6.32 , 6.0 , 6 , 8
4 , 6.32 , 6.0 , 6 , 8
4 , 6.32 , 6.0 , 6 , 8
4 , 6.32 , 6.0 , 6 , 8
4 , 6.3 , 6.0 , 6 , 8
4 , 6.3 , 6.0 , 6 , 8
4 , 6.3 , 6.0 , 6 , 8
4 , 6.3 , 6.0 , 6 , 8
4 , 6.3 , 6.0 , 6 , 8
4 , 6.26 , 6.0 , 6 , 8
4 , 6.26 , 6.0 , 6 , 8
4 , 6.24 , 6.0 , 6 , 8
4 , 6.24 , 6.0 , 6 , 8
4 , 6.24 , 6.0 , 6 , 8
4 , 6.22 , 6.0 , 6 , 8
4 , 6.22 , 6.0 , 6 , 8
4 , 6.22 , 6.0 , 6 , 8
4 , 6.2 , 6.0 , 6 , 8
4 , 6.2 , 6.0 , 6 , 8
4 , 6.2 , 6.0 , 6 , 8
4 , 6.2 , 6.0 , 6 , 8
4 , 6.2 , 6.0 , 6 , 8
4 , 6.2 , 6.0 , 6 , 8
4 , 6.2 , 6.0 , 6 , 8
4 , 6.2 , 6.0 , 6 , 8
4 , 6.2 , 6.0 , 6 , 8
4 , 6.18 , 6.0 , 6 , 8
4 , 6.14 , 6.0 , 6 , 8
4 , 6.1 , 6.0 , 6 , 8
4 , 6.1 , 6.0 , 6 , 8
4 , 6.1 , 6.0 , 6 , 8
4 , 6.1 , 6.0 , 6 , 8
4 , 6.1 , 6.0 , 6 , 8
4 , 6.1 , 6.0 , 6 , 8
4 , 6.1 , 6.0 , 6 , 8
4 , 6.1 , 6.0 , 6 , 8
4 , 6.1 , 6.0 , 6 , 8
4 , 6.1 , 6.0 , 6 , 8
4 , 6.1 , 6.0 , 6 , 8
4 , 6.06 , 6.0 , 6 , 8
4 , 6.06 , 6.0 , 6 , 8
4 , 6.06 , 6.0 , 6 , 8
4 , 6.06 , 6.0 , 6 , 8
4 , 6.06 , 6.0 , 6 , 8
4 , 6.06 , 6.0 , 6 , 8
4 , 6.06 , 6.0 , 6 , 8
4 , 6.04 , 6.0 , 6 , 8
4 , 6.04 , 6.0 , 6 , 8
4 , 6.04 , 6.0 , 6 , 8
4 , 6.04 , 6.0 , 6 , 8
4 , 6.04 , 6.0 , 6 , 8
4 , 6.04 , 6.0 , 6 , 8
4 , 6.04 , 6.0 , 6 , 8
4 , 6.02 , 6.0 , 6 , 8
4 , 6.02 , 6.0 , 6 , 8
4 , 6.02 , 6.0 , 6 , 8
4 , 6.02 , 6.0 , 6 , 8
4 , 6.02 , 6.0 , 6 , 8
4 , 5.98 , 6.0 , 6 , 8
4 , 5.98 , 6.0 , 6 , 8
4 , 5.96 , 6.0 , 6 , 8
4 , 5.96 , 6.0 , 6 , 8
4 , 5.96 , 6.0 , 6 , 8
4 , 5.96 , 6.0 , 6 , 8
4 , 5.96 , 6.0 , 6 , 8
4 , 5.92 , 6.0 , 6 , 8
4 , 5.92 , 6.0 , 6 , 8
4 , 5.92 , 6.0 , 6 , 8
4 , 5.92 , 6.0 , 6 , 8
4 , 5.92 , 6.0 , 6 , 8
4 , 5.92 , 6.0 , 6 , 8
4 , 5.9 , 6.0 , 6 , 8
4 , 5.9 , 6.0 , 6 , 8
4 , 5.9 , 6.0 , 6 , 8
4 , 5.84 , 6.0 , 6 , 8
4 , 5.84 , 6.0 , 6 , 8
4 , 5.84 , 6.0 , 6 , 8
4 , 5.84 , 6.0 , 6 , 8
4 , 5.84 , 6.0 , 6 , 8
4 , 5.84 , 6.0 , 6 , 8
4 , 5.84 , 6.0 , 6 , 8
4 , 5.84 , 6.0 , 6 , 8
4 , 5.84 , 6.0 , 6 , 8
4 , 5.84 , 6.0 , 6 , 8
4 , 5.84 , 6.0 , 6 , 8
4 , 5.84 , 6.0 , 6 , 8
4 , 5.82 , 6.0 , 6 , 8
2 , 5.74 , 6.0 , 6 , 8
2 , 5.72 , 6.0 , 6 , 8
2 , 5.7 , 6.0 , 6 , 8
2 , 5.7 , 6.0 , 6 , 8
2 , 5.7 , 6.0 , 6 , 8
2 , 5.68 , 6.0 , 6 , 8
2 , 5.68 , 6.0 , 6 , 8
2 , 5.68 , 6.0 , 6 , 8
2 , 5.68 , 6.0 , 6 , 8
2 , 5.68 , 6.0 , 6 , 8
2 , 5.68 , 6.0 , 6 , 8
2 , 5.62 , 6.0 , 6 , 8
2 , 5.62 , 6.0 , 6 , 8
2 , 5.6 , 6.0 , 6 , 8
2 , 5.6 , 6.0 , 6 , 8
2 , 5.6 , 6.0 , 6 , 8
2 , 5.58 , 6.0 , 6 , 8
2 , 5.56 , 6.0 , 6 , 8
2 , 5.54 , 6.0 , 6 , 8
2 , 5.54 , 6.0 , 6 , 8
2 , 5.52 , 6.0 , 6 , 6
2 , 5.5 , 6.0 , 6 , 6
2 , 5.5 , 6.0 , 6 , 6
2 , 5.5 , 6.0 , 6 , 6
2 , 5.5 , 6.0 , 6 , 6
2 , 5.5 , 6.0 , 6 , 6
2 , 5.5 , 6.0 , 6 , 6
2 , 5.5 , 6.0 , 6 , 6
2 , 5.5 , 6.0 , 6 , 6
2 , 5.5 , 6.0 , 6 , 6
2 , 5.5 , 6.0 , 6 , 6
2 , 5.5 , 6.0 , 6 , 6
2 , 5.48 , 6.0 , 6 , 6
2 , 5.48 , 6.0 , 6 , 6
2 , 5.48 , 6.0 , 6 , 6
2 , 5.48 , 6.0 , 6 , 6
2 , 5.48 , 6.0 , 6 , 6
2 , 5.46 , 6.0 , 6 , 6
2 , 5.46 , 6.0 , 6 , 6
2 , 5.46 , 6.0 , 6 , 6
2 , 5.46 , 6.0 , 6 , 6
2 , 5.44 , 6.0 , 6 , 6
2 , 5.44 , 6.0 , 6 , 6
2 , 5.44 , 6.0 , 6 , 6
2 , 5.44 , 6.0 , 6 , 6
2 , 5.44 , 6.0 , 6 , 6
2 , 5.44 , 6.0 , 6 , 6
2 , 5.44 , 6.0 , 6 , 6
2 , 5.42 , 6.0 , 6 , 6
2 , 5.42 , 6.0 , 6 , 6
2 , 5.42 , 6.0 , 6 , 6
2 , 5.42 , 6.0 , 6 , 6
2 , 5.42 , 6.0 , 6 , 6
2 , 5.42 , 6.0 , 6 , 6
2 , 5.42 , 6.0 , 6 , 6
2 , 5.42 , 6.0 , 6 , 6
2 , 5.42 , 6.0 , 6 , 6
2 , 5.42 , 6.0 , 6 , 6
2 , 5.42 , 6.0 , 6 , 6
2 , 5.42 , 6.0 , 6 , 6
2 , 5.42 , 6.0 , 6 , 6
2 , 5.42 , 6.0 , 6 , 6
2 , 5.42 , 6.0 , 6 , 6
2 , 5.42 , 6.0 , 6 , 6
2 , 5.42 , 6.0 , 6 , 6
2 , 5.42 , 6.0 , 6 , 6
2 , 5.42 , 6.0 , 6 , 6
2 , 5.42 , 6.0 , 6 , 6
2 , 5.42 , 6.0 , 6 , 6
2 , 5.42 , 6.0 , 6 , 6
2 , 5.42 , 6.0 , 6 , 6
2 , 5.42 , 6.0 , 6 , 6
2 , 5.4 , 6.0 , 6 , 6
2 , 5.4 , 6.0 , 6 , 6
2 , 5.4 , 6.0 , 6 , 6
2 , 5.4 , 6.0 , 6 , 6
2 , 5.4 , 6.0 , 6 , 6
2 , 5.4 , 6.0 , 6 , 6
2 , 5.4 , 6.0 , 6 , 6
2 , 5.4 , 6.0 , 6 , 6
2 , 5.4 , 6.0 , 6 , 6
2 , 5.4 , 6.0 , 6 , 6
2 , 5.4 , 6.0 , 6 , 6
2 , 5.4 , 6.0 , 6 , 6
2 , 5.4 , 6.0 , 6 , 6
2 , 5.4 , 6.0 , 6 , 6
2 , 5.4 , 6.0 , 6 , 6
2 , 5.4 , 6.0 , 6 , 6
2 , 5.38 , 6.0 , 6 , 6
2 , 5.38 , 6.0 , 6 , 6
2 , 5.38 , 6.0 , 6 , 6
2 , 5.38 , 6.0 , 6 , 6
2 , 5.38 , 6.0 , 6 , 6
2 , 5.38 , 6.0 , 6 , 6
2 , 5.38 , 6.0 , 6 , 6
2 , 5.38 , 6.0 , 6 , 6
2 , 5.38 , 6.0 , 6 , 6
2 , 5.38 , 6.0 , 6 , 6
2 , 5.38 , 6.0 , 6 , 6
2 , 5.38 , 6.0 , 6 , 6
2 , 5.38 , 6.0 , 6 , 6
2 , 5.38 , 6.0 , 6 , 6
2 , 5.38 , 6.0 , 6 , 6
2 , 5.38 , 6.0 , 6 , 6
2 , 5.38 , 6.0 , 6 , 6
2 , 5.38 , 6.0 , 6 , 6
2 , 5.38 , 6.0 , 6 , 6
2 , 5.38 , 6.0 , 6 , 6
2 , 5.38 , 6.0 , 6 , 6
2 , 5.38 , 6.0 , 6 , 6
2 , 5.38 , 6.0 , 6 , 6
2 , 5.38 , 6.0 , 6 , 6
2 , 5.38 , 6.0 , 6 , 6
2 , 5.38 , 6.0 , 6 , 6
2 , 5.36 , 6.0 , 6 , 6
2 , 5.34 , 6.0 , 6 , 6
2 , 5.34 , 6.0 , 6 , 6
2 , 5.34 , 6.0 , 6 , 6
2 , 5.34 , 6.0 , 6 , 6
2 , 5.34 , 6.0 , 6 , 6
2 , 5.34 , 6.0 , 6 , 6
2 , 5.34 , 6.0 , 6 , 6
2 , 5.34 , 6.0 , 6 , 6
2 , 5.34 , 6.0 , 6 , 6
2 , 5.34 , 6.0 , 6 , 6
2 , 5.34 , 6.0 , 6 , 6
2 , 5.34 , 6.0 , 6 , 6
2 , 5.34 , 6.0 , 6 , 6
2 , 5.34 , 6.0 , 6 , 6
2 , 5.34 , 6.0 , 6 , 6
2 , 5.32 , 6.0 , 6 , 6
2 , 5.32 , 6.0 , 6 , 6
2 , 5.32 , 6.0 , 6 , 6
2 , 5.32 , 6.0 , 6 , 6
2 , 5.32 , 6.0 , 6 , 6
2 , 5.32 , 6.0 , 6 , 6
2 , 5.32 , 6.0 , 6 , 6
2 , 5.32 , 6.0 , 6 , 6
2 , 5.32 , 6.0 , 6 , 6
2 , 5.32 , 6.0 , 6 , 6
2 , 5.32 , 6.0 , 6 , 6
2 , 5.3 , 6.0 , 6 , 6
2 , 5.3 , 6.0 , 6 , 6
2 , 5.3 , 6.0 , 6 , 6
2 , 5.3 , 6.0 , 6 , 6
2 , 5.3 , 6.0 , 6 , 6
2 , 5.28 , 6.0 , 6 , 6
2 , 5.26 , 6.0 , 6 , 6
2 , 5.26 , 6.0 , 6 , 6
2 , 5.24 , 6.0 , 6 , 6
2 , 5.24 , 6.0 , 6 , 6
2 , 5.24 , 6.0 , 6 , 6
2 , 5.24 , 6.0 , 6 , 6
2 , 5.24 , 6.0 , 6 , 6
2 , 5.24 , 6.0 , 6 , 6
2 , 5.24 , 6.0 , 6 , 6
2 , 5.24 , 6.0 , 6 , 6
2 , 5.24 , 6.0 , 6 , 6
2 , 5.24 , 6.0 , 6 , 6
2 , 5.2 , 6.0 , 6 , 6
2 , 5.2 , 6.0 , 6 , 6
2 , 5.2 , 6.0 , 6 , 6
2 , 5.2 , 6.0 , 6 , 6
2 , 5.2 , 6.0 , 6 , 6
2 , 5.2 , 6.0 , 6 , 6
2 , 5.2 , 6.0 , 6 , 6
2 , 5.2 , 6.0 , 6 , 6
2 , 5.2 , 6.0 , 6 , 6
2 , 5.14 , 6.0 , 6 , 6
2 , 5.14 , 6.0 , 6 , 6
2 , 5.12 , 6.0 , 6 , 6
2 , 5.12 , 6.0 , 6 , 6
2 , 5.12 , 6.0 , 6 , 6
2 , 5.12 , 6.0 , 6 , 6
2 , 5.12 , 6.0 , 6 , 6
2 , 5.1 , 6.0 , 6 , 6
2 , 5.06 , 6.0 , 6 , 6
2 , 5.06 , 6.0 , 6 , 6
2 , 5.06 , 6.0 , 6 , 6
2 , 5.06 , 6.0 , 6 , 6
2 , 5.06 , 6.0 , 6 , 6
2 , 5.06 , 6.0 , 6 , 6
2 , 5.06 , 6.0 , 6 , 6
2 , 5.06 , 6.0 , 6 , 6
2 , 5.06 , 6.0 , 6 , 6
2 , 5.06 , 6.0 , 6 , 6
2 , 5.06 , 6.0 , 6 , 6
2 , 5.06 , 6.0 , 6 , 6
2 , 5.06 , 6.0 , 6 , 6
2 , 5.06 , 6.0 , 6 , 6
2 , 5.06 , 6.0 , 6 , 6
2 , 5.04 , 6.0 , 6 , 6
2 , 5.04 , 6.0 , 6 , 6
2 , 5.02 , 6.0 , 6 , 6
2 , 5.02 , 6.0 , 6 , 6
2 , 5.0 , 6.0 , 6 , 6
2 , 5.0 , 6.0 , 6 , 6
2 , 5.0 , 6.0 , 6 , 6
2 , 5.0 , 6.0 , 6 , 6
2 , 5.0 , 6.0 , 6 , 6
2 , 5.0 , 6.0 , 6 , 6
2 , 5.0 , 6.0 , 6 , 6
2 , 4.98 , 6.0 , 6 , 6
2 , 4.98 , 6.0 , 6 , 6
2 , 4.98 , 6.0 , 6 , 6
2 , 4.98 , 6.0 , 6 , 6
2 , 4.98 , 6.0 , 6 , 6
2 , 4.98 , 6.0 , 6 , 6
2 , 4.98 , 6.0 , 6 , 6
2 , 4.98 , 6.0 , 6 , 6
2 , 4.94 , 6.0 , 6 , 6
2 , 4.94 , 6.0 , 6 , 6
2 , 4.94 , 6.0 , 6 , 6
2 , 4.94 , 6.0 , 6 , 6
2 , 4.94 , 6.0 , 6 , 6
2 , 4.94 , 6.0 , 6 , 6
2 , 4.94 , 6.0 , 6 , 6
2 , 4.94 , 6.0 , 6 , 6
2 , 4.94 , 6.0 , 6 , 6
2 , 4.94 , 6.0 , 6 , 6
2 , 4.92 , 5.0 , 6 , 6
2 , 4.92 , 5.0 , 6 , 6
2 , 4.9 , 4.0 , 6 , 6
2 , 4.9 , 4.0 , 6 , 6
2 , 4.9 , 4.0 , 6 , 6
2 , 4.9 , 4.0 , 6 , 6
2 , 4.9 , 4.0 , 6 , 6
2 , 4.88 , 4.0 , 4 , 6
2 , 4.88 , 4.0 , 4 , 6
2 , 4.88 , 4.0 , 4 , 6
2 , 4.88 , 4.0 , 4 , 6
2 , 4.88 , 4.0 , 4 , 6
2 , 4.88 , 4.0 , 4 , 6
2 , 4.86 , 4.0 , 4 , 6
2 , 4.86 , 4.0 , 4 , 6
2 , 4.86 , 4.0 , 4 , 6
2 , 4.86 , 4.0 , 4 , 6
2 , 4.86 , 4.0 , 4 , 6
2 , 4.84 , 4.0 , 4 , 6
2 , 4.84 , 4.0 , 4 , 6
2 , 4.84 , 4.0 , 4 , 6
2 , 4.84 , 4.0 , 4 , 6
2 , 4.84 , 4.0 , 4 , 6
2 , 4.84 , 4.0 , 4 , 6
2 , 4.84 , 4.0 , 4 , 6
2 , 4.84 , 4.0 , 4 , 6
2 , 4.84 , 4.0 , 4 , 6
2 , 4.84 , 4.0 , 4 , 6
2 , 4.84 , 4.0 , 4 , 6
2 , 4.84 , 4.0 , 4 , 6
2 , 4.84 , 4.0 , 4 , 6
2 , 4.84 , 4.0 , 4 , 6
2 , 4.84 , 4.0 , 4 , 6
2 , 4.84 , 4.0 , 4 , 6
2 , 4.84 , 4.0 , 4 , 6
2 , 4.84 , 4.0 , 4 , 6
2 , 4.82 , 4.0 , 4 , 6
2 , 4.82 , 4.0 , 4 , 6
2 , 4.82 , 4.0 , 4 , 6
2 , 4.82 , 4.0 , 4 , 6
2 , 4.82 , 4.0 , 4 , 6
2 , 4.8 , 4.0 , 4 , 6
2 , 4.8 , 4.0 , 4 , 6
2 , 4.8 , 4.0 , 4 , 6
2 , 4.8 , 4.0 , 4 , 6
2 , 4.8 , 4.0 , 4 , 6
2 , 4.78 , 4.0 , 4 , 6
2 , 4.78 , 4.0 , 4 , 6
2 , 4.78 , 4.0 , 4 , 6
2 , 4.78 , 4.0 , 4 , 6
2 , 4.78 , 4.0 , 4 , 6
2 , 4.78 , 4.0 , 4 , 6
2 , 4.78 , 4.0 , 4 , 6
2 , 4.76 , 4.0 , 4 , 6
2 , 4.68 , 4.0 , 4 , 6
2 , 4.68 , 4.0 , 4 , 6
2 , 4.66 , 4.0 , 4 , 6
2 , 4.66 , 4.0 , 4 , 6
2 , 4.62 , 4.0 , 4 , 6
2 , 4.62 , 4.0 , 4 , 6
2 , 4.62 , 4.0 , 4 , 6
2 , 4.58 , 4.0 , 4 , 6
2 , 4.58 , 4.0 , 4 , 6
2 , 4.58 , 4.0 , 4 , 6
2 , 4.54 , 4.0 , 4 , 6
2 , 4.54 , 4.0 , 4 , 6
2 , 4.54 , 4.0 , 4 , 6
2 , 4.54 , 4.0 , 4 , 6
2 , 4.54 , 4.0 , 4 , 6
2 , 4.5 , 4.0 , 4 , 6
2 , 4.5 , 4.0 , 4 , 6
2 , 4.5 , 4.0 , 4 , 6
2 , 4.5 , 4.0 , 4 , 6
2 , 4.5 , 4.0 , 4 , 6
2 , 4.5 , 4.0 , 4 , 6
2 , 4.48 , 4.0 , 4 , 6
2 , 4.48 , 4.0 , 4 , 6
2 , 4.48 , 4.0 , 4 , 6
2 , 4.48 , 4.0 , 4 , 6
2 , 4.48 , 4.0 , 4 , 6
2 , 4.48 , 4.0 , 4 , 6
2 , 4.48 , 4.0 , 4 , 6
2 , 4.46 , 4.0 , 4 , 6
2 , 4.46 , 4.0 , 4 , 6
2 , 4.46 , 4.0 , 4 , 6
2 , 4.44 , 4.0 , 4 , 6
2 , 4.44 , 4.0 , 4 , 6
2 , 4.44 , 4.0 , 4 , 6
2 , 4.44 , 4.0 , 4 , 6
2 , 4.4 , 4.0 , 4 , 6
2 , 4.36 , 4.0 , 4 , 6
2 , 4.36 , 4.0 , 4 , 6
2 , 4.36 , 4.0 , 4 , 6
2 , 4.34 , 4.0 , 4 , 6
2 , 4.34 , 4.0 , 4 , 6
2 , 4.34 , 4.0 , 4 , 6
2 , 4.34 , 4.0 , 4 , 6
2 , 4.32 , 4.0 , 4 , 6
2 , 4.32 , 4.0 , 4 , 6
2 , 4.32 , 4.0 , 4 , 6
2 , 4.32 , 4.0 , 4 , 6
2 , 4.32 , 4.0 , 4 , 6
2 , 4.32 , 4.0 , 4 , 6
2 , 4.32 , 4.0 , 4 , 6
2 , 4.32 , 4.0 , 4 , 6
2 , 4.32 , 4.0 , 4 , 6
2 , 4.32 , 4.0 , 4 , 6
2 , 4.32 , 4.0 , 4 , 6
2 , 4.32 , 4.0 , 4 , 6
2 , 4.32 , 4.0 , 4 , 6
2 , 4.32 , 4.0 , 4 , 6
2 , 4.32 , 4.0 , 4 , 6
2 , 4.32 , 4.0 , 4 , 6
2 , 4.32 , 4.0 , 4 , 6
2 , 4.32 , 4.0 , 4 , 6
2 , 4.3 , 4.0 , 4 , 6
2 , 4.26 , 4.0 , 4 , 6
2 , 4.26 , 4.0 , 4 , 6
2 , 4.24 , 4.0 , 4 , 6
2 , 4.22 , 4.0 , 4 , 6
2 , 4.2 , 4.0 , 4 , 6
2 , 4.2 , 4.0 , 4 , 6
2 , 4.2 , 4.0 , 4 , 6
2 , 4.2 , 4.0 , 4 , 6
2 , 4.2 , 4.0 , 4 , 6
2 , 4.2 , 4.0 , 4 , 6
2 , 4.18 , 4.0 , 4 , 6
2 , 4.18 , 4.0 , 4 , 6
2 , 4.18 , 4.0 , 4 , 6
2 , 4.18 , 4.0 , 4 , 6
2 , 4.18 , 4.0 , 4 , 6
2 , 4.18 , 4.0 , 4 , 6
2 , 4.16 , 4.0 , 4 , 6
2 , 4.16 , 4.0 , 4 , 6
2 , 4.16 , 4.0 , 4 , 6
2 , 4.14 , 4.0 , 4 , 6
2 , 4.1 , 4.0 , 4 , 6
2 , 4.1 , 4.0 , 4 , 6
2 , 4.1 , 4.0 , 4 , 6
2 , 4.1 , 4.0 , 4 , 6
2 , 4.1 , 4.0 , 4 , 6
2 , 4.1 , 4.0 , 4 , 6
2 , 4.1 , 4.0 , 4 , 6
2 , 4.1 , 4.0 , 4 , 6
2 , 4.1 , 4.0 , 4 , 6
2 , 4.1 , 4.0 , 4 , 6
2 , 4.1 , 4.0 , 4 , 6
2 , 4.1 , 4.0 , 4 , 6
2 , 4.1 , 4.0 , 4 , 6
2 , 4.1 , 4.0 , 4 , 6
2 , 4.1 , 4.0 , 4 , 6
2 , 4.1 , 4.0 , 4 , 6
2 , 4.1 , 4.0 , 4 , 6
2 , 4.1 , 4.0 , 4 , 6
2 , 4.1 , 4.0 , 4 , 6
2 , 4.1 , 4.0 , 4 , 6
2 , 4.1 , 4.0 , 4 , 6
2 , 4.1 , 4.0 , 4 , 6
2 , 4.1 , 4.0 , 4 , 6
2 , 4.1 , 4.0 , 4 , 6
0 , 4.02 , 4.0 , 4 , 6
0 , 4.02 , 4.0 , 4 , 6
0 , 4.0 , 4.0 , 4 , 6
0 , 3.98 , 4.0 , 4 , 6
0 , 3.98 , 4.0 , 4 , 6
0 , 3.98 , 4.0 , 4 , 6
0 , 3.98 , 4.0 , 4 , 6
0 , 3.98 , 4.0 , 4 , 6
0 , 3.98 , 4.0 , 4 , 6
0 , 3.98 , 4.0 , 4 , 6
0 , 3.98 , 4.0 , 4 , 6
0 , 3.98 , 4.0 , 4 , 6
0 , 3.98 , 4.0 , 4 , 6
0 , 3.98 , 4.0 , 4 , 6
0 , 3.98 , 4.0 , 4 , 6
0 , 3.98 , 4.0 , 4 , 6
0 , 3.98 , 4.0 , 4 , 6
0 , 3.98 , 4.0 , 4 , 6
0 , 3.98 , 4.0 , 4 , 6
0 , 3.98 , 4.0 , 4 , 6
0 , 3.94 , 4.0 , 4 , 6
0 , 3.94 , 4.0 , 4 , 6
0 , 3.94 , 4.0 , 4 , 6
0 , 3.94 , 4.0 , 4 , 6
0 , 3.94 , 4.0 , 4 , 6
0 , 3.94 , 4.0 , 4 , 6
0 , 3.94 , 4.0 , 4 , 6
0 , 3.94 , 4.0 , 4 , 6
0 , 3.94 , 4.0 , 4 , 6
0 , 3.94 , 4.0 , 4 , 6
0 , 3.94 , 4.0 , 4 , 6
0 , 3.94 , 4.0 , 4 , 6
0 , 3.94 , 4.0 , 4 , 6
0 , 3.92 , 4.0 , 4 , 6
0 , 3.92 , 4.0 , 4 , 6
0 , 3.92 , 4.0 , 4 , 6
0 , 3.9 , 4.0 , 4 , 6
0 , 3.9 , 4.0 , 4 , 6
0 , 3.9 , 4.0 , 4 , 6
0 , 3.9 , 4.0 , 4 , 6
0 , 3.9 , 4.0 , 4 , 6
0 , 3.9 , 4.0 , 4 , 6
0 , 3.88 , 4.0 , 4 , 6
0 , 3.88 , 4.0 , 4 , 6
0 , 3.88 , 4.0 , 4 , 6
0 , 3.88 , 4.0 , 4 , 6
0 , 3.88 , 4.0 , 4 , 6
0 , 3.88 , 4.0 , 4 , 6
0 , 3.84 , 4.0 , 4 , 6
0 , 3.84 , 4.0 , 4 , 6
0 , 3.84 , 4.0 , 4 , 6
0 , 3.82 , 4.0 , 4 , 6
0 , 3.82 , 4.0 , 4 , 6
0 , 3.82 , 4.0 , 4 , 6
0 , 3.82 , 4.0 , 4 , 6
0 , 3.82 , 4.0 , 4 , 6
0 , 3.82 , 4.0 , 4 , 6
0 , 3.82 , 4.0 , 4 , 6
0 , 3.82 , 4.0 , 4 , 6
0 , 3.8 , 4.0 , 4 , 6
0 , 3.76 , 4.0 , 4 , 6
0 , 3.76 , 4.0 , 4 , 6
0 , 3.74 , 4.0 , 4 , 6
0 , 3.74 , 4.0 , 4 , 6
0 , 3.7 , 4.0 , 4 , 6
0 , 3.7 , 4.0 , 4 , 6
0 , 3.7 , 4.0 , 4 , 6
0 , 3.68 , 4.0 , 4 , 6
0 , 3.68 , 4.0 , 4 , 6
0 , 3.68 , 4.0 , 4 , 6
0 , 3.68 , 4.0 , 4 , 6
0 , 3.68 , 4.0 , 4 , 6
0 , 3.68 , 4.0 , 4 , 6
0 , 3.68 , 4.0 , 4 , 6
0 , 3.68 , 4.0 , 4 , 6
0 , 3.68 , 4.0 , 4 , 6
0 , 3.68 , 4.0 , 4 , 6
0 , 3.66 , 4.0 , 4 , 6
0 , 3.66 , 4.0 , 4 , 6
0 , 3.66 , 4.0 , 4 , 6
0 , 3.66 , 4.0 , 4 , 6
0 , 3.64 , 4.0 , 4 , 6
0 , 3.64 , 4.0 , 4 , 6
0 , 3.64 , 4.0 , 4 , 6
0 , 3.62 , 4.0 , 4 , 4
0 , 3.62 , 4.0 , 4 , 4
0 , 3.62 , 4.0 , 4 , 4
0 , 3.62 , 4.0 , 4 , 4
0 , 3.62 , 4.0 , 4 , 4
0 , 3.62 , 4.0 , 4 , 4
0 , 3.62 , 4.0 , 4 , 4
0 , 3.6 , 4.0 , 4 , 4
0 , 3.6 , 4.0 , 4 , 4
0 , 3.6 , 4.0 , 4 , 4
0 , 3.6 , 4.0 , 4 , 4
0 , 3.6 , 4.0 , 4 , 4
0 , 3.6 , 4.0 , 4 , 4
0 , 3.6 , 4.0 , 4 , 4
0 , 3.58 , 4.0 , 4 , 4
0 , 3.58 , 4.0 , 4 , 4
0 , 3.58 , 4.0 , 4 , 4
0 , 3.58 , 4.0 , 4 , 4
0 , 3.58 , 4.0 , 4 , 4
0 , 3.58 , 4.0 , 4 , 4
0 , 3.58 , 4.0 , 4 , 4
0 , 3.58 , 4.0 , 4 , 4
0 , 3.58 , 4.0 , 4 , 4
0 , 3.58 , 4.0 , 4 , 4
0 , 3.58 , 4.0 , 4 , 4
0 , 3.58 , 4.0 , 4 , 4
0 , 3.58 , 4.0 , 4 , 4
0 , 3.58 , 4.0 , 4 , 4
0 , 3.58 , 4.0 , 4 , 4
0 , 3.58 , 4.0 , 4 , 4
0 , 3.58 , 4.0 , 4 , 4
0 , 3.58 , 4.0 , 4 , 4
0 , 3.58 , 4.0 , 4 , 4
0 , 3.58 , 4.0 , 4 , 4
0 , 3.58 , 4.0 , 4 , 4
0 , 3.58 , 4.0 , 4 , 4
0 , 3.58 , 4.0 , 4 , 4
0 , 3.58 , 4.0 , 4 , 4
0 , 3.58 , 4.0 , 4 , 4
0 , 3.56 , 4.0 , 4 , 4
0 , 3.56 , 4.0 , 4 , 4
0 , 3.56 , 4.0 , 4 , 4
0 , 3.56 , 4.0 , 4 , 4
0 , 3.56 , 4.0 , 4 , 4
0 , 3.56 , 4.0 , 4 , 4
0 , 3.56 , 4.0 , 4 , 4
0 , 3.56 , 4.0 , 4 , 4
0 , 3.56 , 4.0 , 4 , 4
0 , 3.56 , 4.0 , 4 , 4
0 , 3.56 , 4.0 , 4 , 4
0 , 3.56 , 4.0 , 4 , 4
0 , 3.56 , 4.0 , 4 , 4
0 , 3.56 , 4.0 , 4 , 4
0 , 3.56 , 4.0 , 4 , 4
0 , 3.56 , 4.0 , 4 , 4
0 , 3.56 , 4.0 , 4 , 4
0 , 3.56 , 4.0 , 4 , 4
0 , 3.56 , 4.0 , 4 , 4
0 , 3.56 , 4.0 , 4 , 4
0 , 3.56 , 4.0 , 4 , 4
0 , 3.56 , 4.0 , 4 , 4
0 , 3.56 , 4.0 , 4 , 4
0 , 3.56 , 4.0 , 4 , 4
0 , 3.56 , 4.0 , 4 , 4
0 , 3.56 , 4.0 , 4 , 4
0 , 3.54 , 4.0 , 4 , 4
0 , 3.54 , 4.0 , 4 , 4
0 , 3.54 , 4.0 , 4 , 4
0 , 3.54 , 4.0 , 4 , 4
0 , 3.54 , 4.0 , 4 , 4
0 , 3.54 , 4.0 , 4 , 4
0 , 3.54 , 4.0 , 4 , 4
0 , 3.54 , 4.0 , 4 , 4
0 , 3.52 , 4.0 , 4 , 4
0 , 3.52 , 4.0 , 4 , 4
0 , 3.52 , 4.0 , 4 , 4
0 , 3.52 , 4.0 , 4 , 4
0 , 3.52 , 4.0 , 4 , 4
0 , 3.52 , 4.0 , 4 , 4
0 , 3.52 , 4.0 , 4 , 4
0 , 3.52 , 4.0 , 4 , 4
0 , 3.52 , 4.0 , 4 , 4
0 , 3.5 , 4.0 , 4 , 4
0 , 3.5 , 4.0 , 4 , 4
0 , 3.5 , 4.0 , 4 , 4
0 , 3.5 , 4.0 , 4 , 4
0 , 3.5 , 4.0 , 4 , 4
0 , 3.5 , 4.0 , 4 , 4
0 , 3.5 , 4.0 , 4 , 4
0 , 3.5 , 4.0 , 4 , 4
0 , 3.48 , 4.0 , 4 , 4
0 , 3.46 , 4.0 , 4 , 4
0 , 3.46 , 4.0 , 4 , 4
1  Perfect solutions
perfect solution individuals [[5, 2, 0, 7, 4, 1, 3, 6]]
