4 , 15.86 , 16.0 , 16 , 26
4 , 15.64 , 16.0 , 16 , 24
4 , 15.52 , 16.0 , 16 , 24
4 , 15.4 , 16.0 , 16 , 24
4 , 15.18 , 16.0 , 16 , 22
4 , 15.04 , 16.0 , 16 , 22
4 , 14.74 , 15.0 , 16 , 22
4 , 14.52 , 14.0 , 16 , 22
4 , 14.34 , 14.0 , 16 , 22
4 , 14.16 , 14.0 , 16 , 20
4 , 14.08 , 14.0 , 16 , 20
4 , 14.06 , 14.0 , 16 , 20
4 , 13.98 , 14.0 , 16 , 20
4 , 13.92 , 14.0 , 16 , 20
4 , 13.8 , 14.0 , 16 , 20
4 , 13.66 , 14.0 , 16 , 20
4 , 13.46 , 14.0 , 16 , 18
4 , 13.34 , 14.0 , 16 , 18
4 , 13.3 , 14.0 , 16 , 18
4 , 13.3 , 14.0 , 16 , 18
4 , 13.22 , 14.0 , 16 , 18
4 , 13.16 , 14.0 , 16 , 18
4 , 13.12 , 14.0 , 16 , 18
4 , 13.06 , 14.0 , 12 , 18
4 , 13.0 , 14.0 , 12 , 18
4 , 12.92 , 14.0 , 12 , 18
4 , 12.84 , 14.0 , 14 , 18
4 , 12.78 , 14.0 , 14 , 18
4 , 12.72 , 14.0 , 14 , 18
4 , 12.56 , 12.0 , 14 , 16
4 , 12.52 , 12.0 , 14 , 16
4 , 12.48 , 12.0 , 14 , 16
4 , 12.42 , 12.0 , 14 , 16
4 , 12.4 , 12.0 , 14 , 16
4 , 12.34 , 12.0 , 14 , 16
4 , 12.34 , 12.0 , 14 , 16
4 , 12.26 , 12.0 , 14 , 16
4 , 12.26 , 12.0 , 14 , 16
4 , 12.22 , 12.0 , 14 , 16
4 , 12.12 , 12.0 , 14 , 16
4 , 12.08 , 12.0 , 14 , 16
4 , 12.02 , 12.0 , 14 , 16
4 , 11.98 , 12.0 , 14 , 16
4 , 11.88 , 12.0 , 14 , 16
4 , 11.78 , 12.0 , 14 , 16
4 , 11.72 , 12.0 , 14 , 16
4 , 11.62 , 12.0 , 14 , 14
4 , 11.62 , 12.0 , 14 , 14
4 , 11.62 , 12.0 , 14 , 14
4 , 11.58 , 12.0 , 12 , 14
4 , 11.58 , 12.0 , 12 , 14
4 , 11.58 , 12.0 , 12 , 14
4 , 11.5 , 12.0 , 12 , 14
4 , 11.42 , 12.0 , 12 , 14
4 , 11.34 , 12.0 , 12 , 14
4 , 11.34 , 12.0 , 12 , 14
4 , 11.34 , 12.0 , 12 , 14
4 , 11.24 , 12.0 , 12 , 14
4 , 11.14 , 12.0 , 12 , 14
4 , 11.14 , 12.0 , 12 , 14
4 , 11.08 , 12.0 , 12 , 14
4 , 10.98 , 12.0 , 12 , 14
4 , 10.96 , 12.0 , 12 , 14
4 , 10.94 , 12.0 , 12 , 14
4 , 10.94 , 12.0 , 12 , 14
4 , 10.94 , 12.0 , 12 , 14
4 , 10.94 , 12.0 , 12 , 14
4 , 10.88 , 12.0 , 12 , 14
4 , 10.86 , 12.0 , 12 , 14
4 , 10.78 , 12.0 , 12 , 14
4 , 10.76 , 12.0 , 12 , 14
4 , 10.74 , 12.0 , 12 , 14
4 , 10.72 , 12.0 , 12 , 14
4 , 10.66 , 12.0 , 12 , 14
4 , 10.56 , 12.0 , 12 , 14
4 , 10.54 , 12.0 , 12 , 14
4 , 10.48 , 12.0 , 12 , 14
4 , 10.38 , 11.0 , 12 , 14
4 , 10.32 , 10.0 , 12 , 14
4 , 10.3 , 10.0 , 12 , 14
4 , 10.3 , 10.0 , 12 , 14
4 , 10.3 , 10.0 , 12 , 14
4 , 10.24 , 10.0 , 12 , 14
4 , 10.24 , 10.0 , 12 , 14
4 , 10.2 , 10.0 , 12 , 14
4 , 10.2 , 10.0 , 12 , 14
4 , 10.2 , 10.0 , 12 , 14
4 , 10.14 , 10.0 , 12 , 14
4 , 10.14 , 10.0 , 12 , 14
4 , 10.12 , 10.0 , 12 , 14
4 , 10.12 , 10.0 , 12 , 14
4 , 10.12 , 10.0 , 12 , 14
4 , 10.04 , 10.0 , 12 , 12
4 , 10.04 , 10.0 , 12 , 12
4 , 10.0 , 10.0 , 12 , 12
4 , 9.94 , 10.0 , 12 , 12
4 , 9.9 , 10.0 , 12 , 12
4 , 9.9 , 10.0 , 12 , 12
4 , 9.86 , 10.0 , 12 , 12
4 , 9.84 , 10.0 , 12 , 12
4 , 9.84 , 10.0 , 12 , 12
4 , 9.84 , 10.0 , 12 , 12
4 , 9.82 , 10.0 , 12 , 12
4 , 9.82 , 10.0 , 12 , 12
4 , 9.82 , 10.0 , 12 , 12
4 , 9.76 , 10.0 , 12 , 12
4 , 9.74 , 10.0 , 12 , 12
4 , 9.72 , 10.0 , 12 , 12
4 , 9.7 , 10.0 , 10 , 12
4 , 9.7 , 10.0 , 10 , 12
4 , 9.64 , 10.0 , 10 , 12
4 , 9.64 , 10.0 , 10 , 12
4 , 9.6 , 10.0 , 10 , 12
4 , 9.6 , 10.0 , 10 , 12
4 , 9.6 , 10.0 , 10 , 12
4 , 9.46 , 10.0 , 10 , 12
4 , 9.46 , 10.0 , 10 , 12
4 , 9.46 , 10.0 , 10 , 12
4 , 9.34 , 10.0 , 10 , 12
4 , 9.34 , 10.0 , 10 , 12
4 , 9.3 , 10.0 , 10 , 12
4 , 9.28 , 10.0 , 10 , 12
4 , 9.16 , 10.0 , 10 , 12
4 , 9.14 , 10.0 , 10 , 12
4 , 9.14 , 10.0 , 10 , 12
4 , 9.12 , 10.0 , 10 , 12
4 , 9.1 , 10.0 , 10 , 12
4 , 9.06 , 10.0 , 10 , 12
4 , 8.98 , 10.0 , 10 , 12
4 , 8.98 , 10.0 , 10 , 12
4 , 8.92 , 10.0 , 10 , 12
4 , 8.88 , 10.0 , 10 , 12
4 , 8.88 , 10.0 , 10 , 12
4 , 8.86 , 10.0 , 10 , 12
4 , 8.8 , 10.0 , 10 , 12
4 , 8.8 , 10.0 , 10 , 12
4 , 8.74 , 10.0 , 10 , 12
4 , 8.7 , 9.0 , 10 , 12
4 , 8.66 , 8.0 , 10 , 12
4 , 8.66 , 8.0 , 10 , 12
4 , 8.6 , 8.0 , 10 , 12
4 , 8.6 , 8.0 , 10 , 12
4 , 8.58 , 8.0 , 10 , 12
4 , 8.54 , 8.0 , 10 , 12
4 , 8.48 , 8.0 , 10 , 12
4 , 8.48 , 8.0 , 10 , 12
4 , 8.46 , 8.0 , 10 , 12
4 , 8.46 , 8.0 , 10 , 12
4 , 8.44 , 8.0 , 10 , 12
4 , 8.44 , 8.0 , 10 , 12
2 , 8.3 , 8.0 , 10 , 12
2 , 8.3 , 8.0 , 10 , 12
2 , 8.3 , 8.0 , 10 , 12
2 , 8.28 , 8.0 , 10 , 10
2 , 8.28 , 8.0 , 10 , 10
2 , 8.28 , 8.0 , 10 , 10
2 , 8.28 , 8.0 , 10 , 10
2 , 8.28 , 8.0 , 10 , 10
2 , 8.24 , 8.0 , 10 , 10
2 , 8.22 , 8.0 , 10 , 10
2 , 8.22 , 8.0 , 10 , 10
2 , 8.22 , 8.0 , 10 , 10
2 , 8.22 , 8.0 , 10 , 10
2 , 8.22 , 8.0 , 10 , 10
2 , 8.18 , 8.0 , 10 , 10
2 , 8.16 , 8.0 , 10 , 10
2 , 8.16 , 8.0 , 10 , 10
2 , 8.14 , 8.0 , 10 , 10
2 , 8.14 , 8.0 , 10 , 10
2 , 8.08 , 8.0 , 10 , 10
2 , 8.06 , 8.0 , 10 , 10
2 , 8.0 , 8.0 , 8 , 10
2 , 7.96 , 8.0 , 8 , 10
2 , 7.96 , 8.0 , 8 , 10
2 , 7.94 , 8.0 , 8 , 10
2 , 7.92 , 8.0 , 8 , 10
2 , 7.92 , 8.0 , 8 , 10
2 , 7.92 , 8.0 , 8 , 10
2 , 7.9 , 8.0 , 8 , 10
2 , 7.9 , 8.0 , 8 , 10
2 , 7.9 , 8.0 , 8 , 10
2 , 7.9 , 8.0 , 8 , 10
2 , 7.9 , 8.0 , 8 , 10
2 , 7.9 , 8.0 , 8 , 10
2 , 7.9 , 8.0 , 8 , 10
2 , 7.9 , 8.0 , 8 , 10
2 , 7.88 , 8.0 , 8 , 10
2 , 7.84 , 8.0 , 8 , 10
2 , 7.8 , 8.0 , 8 , 10
2 , 7.76 , 8.0 , 8 , 10
2 , 7.76 , 8.0 , 8 , 10
2 , 7.76 , 8.0 , 8 , 10
2 , 7.76 , 8.0 , 8 , 10
2 , 7.74 , 8.0 , 8 , 10
2 , 7.74 , 8.0 , 8 , 10
2 , 7.74 , 8.0 , 8 , 10
2 , 7.74 , 8.0 , 8 , 10
2 , 7.74 , 8.0 , 8 , 10
2 , 7.74 , 8.0 , 8 , 10
2 , 7.74 , 8.0 , 8 , 10
2 , 7.74 , 8.0 , 8 , 10
2 , 7.74 , 8.0 , 8 , 10
2 , 7.7 , 8.0 , 8 , 10
2 , 7.7 , 8.0 , 8 , 10
2 , 7.68 , 8.0 , 8 , 10
2 , 7.66 , 8.0 , 8 , 10
2 , 7.66 , 8.0 , 8 , 10
2 , 7.64 , 8.0 , 8 , 10
2 , 7.64 , 8.0 , 8 , 10
2 , 7.62 , 8.0 , 8 , 10
2 , 7.62 , 8.0 , 8 , 10
2 , 7.62 , 8.0 , 8 , 10
2 , 7.6 , 8.0 , 8 , 10
2 , 7.58 , 8.0 , 8 , 10
2 , 7.58 , 8.0 , 8 , 10
2 , 7.56 , 8.0 , 8 , 10
2 , 7.56 , 8.0 , 8 , 10
2 , 7.56 , 8.0 , 8 , 10
2 , 7.56 , 8.0 , 8 , 10
2 , 7.54 , 8.0 , 8 , 10
2 , 7.5 , 8.0 , 8 , 10
2 , 7.48 , 8.0 , 8 , 10
2 , 7.48 , 8.0 , 8 , 10
2 , 7.48 , 8.0 , 8 , 10
2 , 7.46 , 8.0 , 8 , 10
2 , 7.46 , 8.0 , 8 , 10
2 , 7.46 , 8.0 , 8 , 10
2 , 7.46 , 8.0 , 8 , 10
2 , 7.46 , 8.0 , 8 , 10
2 , 7.4 , 8.0 , 8 , 10
2 , 7.4 , 8.0 , 8 , 10
2 , 7.4 , 8.0 , 8 , 10
2 , 7.4 , 8.0 , 8 , 10
2 , 7.38 , 8.0 , 8 , 10
2 , 7.38 , 8.0 , 8 , 10
2 , 7.34 , 8.0 , 8 , 10
2 , 7.34 , 8.0 , 8 , 10
2 , 7.26 , 8.0 , 8 , 10
2 , 7.26 , 8.0 , 8 , 10
2 , 7.24 , 8.0 , 8 , 10
2 , 7.24 , 8.0 , 8 , 10
2 , 7.24 , 8.0 , 8 , 10
2 , 7.24 , 8.0 , 8 , 10
2 , 7.24 , 8.0 , 8 , 10
2 , 7.2 , 8.0 , 8 , 10
2 , 7.2 , 8.0 , 8 , 10
2 , 7.2 , 8.0 , 8 , 10
2 , 7.18 , 8.0 , 8 , 10
2 , 7.18 , 8.0 , 8 , 10
2 , 7.16 , 8.0 , 8 , 10
2 , 7.14 , 8.0 , 8 , 10
2 , 7.14 , 8.0 , 8 , 10
2 , 7.14 , 8.0 , 8 , 10
2 , 7.1 , 8.0 , 8 , 10
2 , 7.1 , 8.0 , 8 , 10
2 , 7.08 , 8.0 , 8 , 10
2 , 7.04 , 8.0 , 8 , 8
2 , 7.04 , 8.0 , 8 , 8
2 , 7.04 , 8.0 , 8 , 8
2 , 7.04 , 8.0 , 8 , 8
2 , 7.04 , 8.0 , 8 , 8
2 , 7.04 , 8.0 , 8 , 8
2 , 7.04 , 8.0 , 8 , 8
2 , 7.02 , 8.0 , 8 , 8
2 , 7.02 , 8.0 , 8 , 8
2 , 7.02 , 8.0 , 8 , 8
2 , 7.02 , 8.0 , 8 , 8
2 , 7.02 , 8.0 , 8 , 8
2 , 7.02 , 8.0 , 8 , 8
2 , 7.02 , 8.0 , 8 , 8
2 , 7.02 , 8.0 , 8 , 8
2 , 7.02 , 8.0 , 8 , 8
2 , 7.02 , 8.0 , 8 , 8
2 , 7.02 , 8.0 , 8 , 8
2 , 7.0 , 8.0 , 8 , 8
2 , 7.0 , 8.0 , 8 , 8
2 , 7.0 , 8.0 , 8 , 8
2 , 7.0 , 8.0 , 8 , 8
2 , 6.98 , 8.0 , 8 , 8
2 , 6.98 , 8.0 , 8 , 8
2 , 6.98 , 8.0 , 8 , 8
2 , 6.98 , 8.0 , 8 , 8
2 , 6.98 , 8.0 , 8 , 8
2 , 6.94 , 8.0 , 8 , 8
2 , 6.94 , 8.0 , 8 , 8
2 , 6.94 , 8.0 , 8 , 8
2 , 6.94 , 8.0 , 8 , 8
2 , 6.92 , 8.0 , 8 , 8
2 , 6.9 , 8.0 , 8 , 8
2 , 6.9 , 8.0 , 8 , 8
2 , 6.9 , 8.0 , 8 , 8
2 , 6.9 , 8.0 , 8 , 8
2 , 6.9 , 8.0 , 8 , 8
2 , 6.9 , 8.0 , 8 , 8
2 , 6.9 , 8.0 , 8 , 8
2 , 6.9 , 8.0 , 8 , 8
2 , 6.9 , 8.0 , 8 , 8
2 , 6.88 , 8.0 , 8 , 8
2 , 6.88 , 8.0 , 8 , 8
2 , 6.88 , 8.0 , 8 , 8
2 , 6.88 , 8.0 , 8 , 8
2 , 6.88 , 8.0 , 8 , 8
2 , 6.84 , 8.0 , 8 , 8
2 , 6.84 , 8.0 , 8 , 8
2 , 6.84 , 8.0 , 8 , 8
2 , 6.84 , 8.0 , 8 , 8
2 , 6.82 , 7.0 , 8 , 8
2 , 6.82 , 7.0 , 8 , 8
2 , 6.82 , 7.0 , 8 , 8
2 , 6.82 , 7.0 , 8 , 8
2 , 6.82 , 7.0 , 8 , 8
2 , 6.82 , 7.0 , 8 , 8
2 , 6.82 , 7.0 , 8 , 8
2 , 6.82 , 7.0 , 8 , 8
2 , 6.82 , 7.0 , 8 , 8
2 , 6.82 , 7.0 , 8 , 8
2 , 6.82 , 7.0 , 8 , 8
2 , 6.82 , 7.0 , 8 , 8
2 , 6.82 , 7.0 , 8 , 8
2 , 6.82 , 7.0 , 8 , 8
2 , 6.82 , 7.0 , 8 , 8
2 , 6.82 , 7.0 , 8 , 8
2 , 6.82 , 7.0 , 8 , 8
2 , 6.82 , 7.0 , 8 , 8
2 , 6.82 , 7.0 , 8 , 8
2 , 6.8 , 6.0 , 8 , 8
2 , 6.74 , 6.0 , 8 , 8
2 , 6.74 , 6.0 , 8 , 8
2 , 6.74 , 6.0 , 8 , 8
2 , 6.74 , 6.0 , 8 , 8
2 , 6.74 , 6.0 , 8 , 8
2 , 6.72 , 6.0 , 8 , 8
2 , 6.7 , 6.0 , 6 , 8
2 , 6.7 , 6.0 , 6 , 8
2 , 6.7 , 6.0 , 6 , 8
2 , 6.7 , 6.0 , 6 , 8
2 , 6.68 , 6.0 , 6 , 8
2 , 6.68 , 6.0 , 6 , 8
2 , 6.68 , 6.0 , 6 , 8
2 , 6.68 , 6.0 , 6 , 8
2 , 6.66 , 6.0 , 6 , 8
2 , 6.66 , 6.0 , 6 , 8
2 , 6.64 , 6.0 , 6 , 8
2 , 6.58 , 6.0 , 6 , 8
2 , 6.58 , 6.0 , 6 , 8
2 , 6.58 , 6.0 , 6 , 8
2 , 6.56 , 6.0 , 6 , 8
2 , 6.56 , 6.0 , 6 , 8
2 , 6.56 , 6.0 , 6 , 8
2 , 6.56 , 6.0 , 6 , 8
2 , 6.56 , 6.0 , 6 , 8
2 , 6.54 , 6.0 , 6 , 8
2 , 6.54 , 6.0 , 6 , 8
2 , 6.52 , 6.0 , 6 , 8
2 , 6.52 , 6.0 , 6 , 8
2 , 6.52 , 6.0 , 6 , 8
2 , 6.52 , 6.0 , 6 , 8
2 , 6.5 , 6.0 , 6 , 8
2 , 6.5 , 6.0 , 6 , 8
2 , 6.5 , 6.0 , 6 , 8
2 , 6.44 , 6.0 , 6 , 8
2 , 6.44 , 6.0 , 6 , 8
2 , 6.44 , 6.0 , 6 , 8
2 , 6.44 , 6.0 , 6 , 8
2 , 6.44 , 6.0 , 6 , 8
2 , 6.44 , 6.0 , 6 , 8
2 , 6.44 , 6.0 , 6 , 8
2 , 6.44 , 6.0 , 6 , 8
2 , 6.4 , 6.0 , 6 , 8
2 , 6.4 , 6.0 , 6 , 8
2 , 6.4 , 6.0 , 6 , 8
2 , 6.4 , 6.0 , 6 , 8
2 , 6.4 , 6.0 , 6 , 8
2 , 6.38 , 6.0 , 6 , 8
2 , 6.34 , 6.0 , 6 , 8
2 , 6.32 , 6.0 , 6 , 8
2 , 6.3 , 6.0 , 6 , 8
2 , 6.3 , 6.0 , 6 , 8
2 , 6.3 , 6.0 , 6 , 8
2 , 6.3 , 6.0 , 6 , 8
2 , 6.3 , 6.0 , 6 , 8
2 , 6.24 , 6.0 , 6 , 8
2 , 6.24 , 6.0 , 6 , 8
2 , 6.24 , 6.0 , 6 , 8
2 , 6.22 , 6.0 , 6 , 8
2 , 6.2 , 6.0 , 6 , 8
2 , 6.2 , 6.0 , 6 , 8
2 , 6.2 , 6.0 , 6 , 8
2 , 6.2 , 6.0 , 6 , 8
2 , 6.2 , 6.0 , 6 , 8
2 , 6.2 , 6.0 , 6 , 8
2 , 6.16 , 6.0 , 6 , 8
2 , 6.16 , 6.0 , 6 , 8
2 , 6.16 , 6.0 , 6 , 8
2 , 6.16 , 6.0 , 6 , 8
2 , 6.16 , 6.0 , 6 , 8
2 , 6.16 , 6.0 , 6 , 8
2 , 6.16 , 6.0 , 6 , 8
2 , 6.16 , 6.0 , 6 , 8
2 , 6.16 , 6.0 , 6 , 8
2 , 6.16 , 6.0 , 6 , 8
2 , 6.16 , 6.0 , 6 , 8
2 , 6.16 , 6.0 , 6 , 8
2 , 6.16 , 6.0 , 6 , 8
2 , 6.16 , 6.0 , 6 , 8
2 , 6.12 , 6.0 , 6 , 8
2 , 6.1 , 6.0 , 6 , 8
2 , 6.1 , 6.0 , 6 , 8
2 , 6.08 , 6.0 , 6 , 8
2 , 6.08 , 6.0 , 6 , 8
2 , 6.08 , 6.0 , 6 , 8
2 , 6.08 , 6.0 , 6 , 8
2 , 6.08 , 6.0 , 6 , 8
2 , 6.04 , 6.0 , 6 , 8
2 , 6.04 , 6.0 , 6 , 8
2 , 6.02 , 6.0 , 6 , 8
2 , 6.02 , 6.0 , 6 , 8
2 , 6.02 , 6.0 , 6 , 8
2 , 6.0 , 6.0 , 6 , 8
2 , 6.0 , 6.0 , 6 , 8
2 , 6.0 , 6.0 , 6 , 8
2 , 6.0 , 6.0 , 6 , 8
2 , 5.96 , 6.0 , 6 , 8
2 , 5.96 , 6.0 , 6 , 8
2 , 5.96 , 6.0 , 6 , 8
2 , 5.94 , 6.0 , 6 , 8
2 , 5.9 , 6.0 , 6 , 8
2 , 5.9 , 6.0 , 6 , 8
2 , 5.88 , 6.0 , 6 , 8
2 , 5.88 , 6.0 , 6 , 8
2 , 5.88 , 6.0 , 6 , 8
2 , 5.86 , 6.0 , 6 , 8
2 , 5.86 , 6.0 , 6 , 8
2 , 5.86 , 6.0 , 6 , 8
2 , 5.86 , 6.0 , 6 , 8
2 , 5.86 , 6.0 , 6 , 8
2 , 5.84 , 6.0 , 6 , 8
2 , 5.82 , 6.0 , 6 , 8
2 , 5.8 , 6.0 , 6 , 8
2 , 5.8 , 6.0 , 6 , 8
2 , 5.8 , 6.0 , 6 , 8
2 , 5.8 , 6.0 , 6 , 8
2 , 5.8 , 6.0 , 6 , 8
2 , 5.74 , 6.0 , 6 , 8
2 , 5.74 , 6.0 , 6 , 8
2 , 5.74 , 6.0 , 6 , 8
2 , 5.7 , 6.0 , 6 , 8
2 , 5.68 , 6.0 , 6 , 8
2 , 5.66 , 6.0 , 6 , 8
2 , 5.66 , 6.0 , 6 , 8
2 , 5.66 , 6.0 , 6 , 8
2 , 5.66 , 6.0 , 6 , 8
2 , 5.66 , 6.0 , 6 , 8
2 , 5.66 , 6.0 , 6 , 8
2 , 5.66 , 6.0 , 6 , 8
2 , 5.66 , 6.0 , 6 , 8
2 , 5.66 , 6.0 , 6 , 8
2 , 5.66 , 6.0 , 6 , 8
2 , 5.66 , 6.0 , 6 , 8
2 , 5.66 , 6.0 , 6 , 8
2 , 5.66 , 6.0 , 6 , 8
2 , 5.66 , 6.0 , 6 , 8
2 , 5.66 , 6.0 , 6 , 8
2 , 5.66 , 6.0 , 6 , 8
2 , 5.66 , 6.0 , 6 , 8
2 , 5.66 , 6.0 , 6 , 8
2 , 5.66 , 6.0 , 6 , 8
2 , 5.66 , 6.0 , 6 , 8
2 , 5.66 , 6.0 , 6 , 8
2 , 5.66 , 6.0 , 6 , 8
2 , 5.64 , 6.0 , 6 , 8
2 , 5.64 , 6.0 , 6 , 8
2 , 5.64 , 6.0 , 6 , 8
2 , 5.64 , 6.0 , 6 , 8
2 , 5.6 , 6.0 , 6 , 8
2 , 5.6 , 6.0 , 6 , 8
2 , 5.6 , 6.0 , 6 , 8
2 , 5.6 , 6.0 , 6 , 8
2 , 5.6 , 6.0 , 6 , 8
2 , 5.6 , 6.0 , 6 , 8
2 , 5.58 , 6.0 , 6 , 8
2 , 5.58 , 6.0 , 6 , 8
2 , 5.58 , 6.0 , 6 , 8
2 , 5.58 , 6.0 , 6 , 8
2 , 5.58 , 6.0 , 6 , 8
2 , 5.58 , 6.0 , 6 , 8
2 , 5.58 , 6.0 , 6 , 8
2 , 5.56 , 6.0 , 6 , 8
2 , 5.56 , 6.0 , 6 , 8
2 , 5.56 , 6.0 , 6 , 8
2 , 5.56 , 6.0 , 6 , 8
2 , 5.54 , 6.0 , 6 , 8
2 , 5.54 , 6.0 , 6 , 8
2 , 5.54 , 6.0 , 6 , 8
2 , 5.54 , 6.0 , 6 , 8
2 , 5.54 , 6.0 , 6 , 8
2 , 5.5 , 6.0 , 6 , 8
2 , 5.5 , 6.0 , 6 , 8
2 , 5.44 , 6.0 , 6 , 6
2 , 5.44 , 6.0 , 6 , 6
2 , 5.44 , 6.0 , 6 , 6
2 , 5.44 , 6.0 , 6 , 6
2 , 5.44 , 6.0 , 6 , 6
2 , 5.44 , 6.0 , 6 , 6
2 , 5.44 , 6.0 , 6 , 6
2 , 5.44 , 6.0 , 6 , 6
2 , 5.44 , 6.0 , 6 , 6
2 , 5.44 , 6.0 , 6 , 6
2 , 5.44 , 6.0 , 6 , 6
2 , 5.42 , 6.0 , 6 , 6
2 , 5.42 , 6.0 , 6 , 6
2 , 5.42 , 6.0 , 6 , 6
2 , 5.42 , 6.0 , 6 , 6
2 , 5.42 , 6.0 , 6 , 6
2 , 5.42 , 6.0 , 6 , 6
2 , 5.42 , 6.0 , 6 , 6
2 , 5.42 , 6.0 , 6 , 6
2 , 5.42 , 6.0 , 6 , 6
2 , 5.42 , 6.0 , 6 , 6
2 , 5.42 , 6.0 , 6 , 6
2 , 5.42 , 6.0 , 6 , 6
2 , 5.42 , 6.0 , 6 , 6
2 , 5.42 , 6.0 , 6 , 6
2 , 5.42 , 6.0 , 6 , 6
2 , 5.4 , 6.0 , 6 , 6
2 , 5.4 , 6.0 , 6 , 6
2 , 5.4 , 6.0 , 6 , 6
2 , 5.4 , 6.0 , 6 , 6
2 , 5.4 , 6.0 , 6 , 6
2 , 5.4 , 6.0 , 6 , 6
2 , 5.4 , 6.0 , 6 , 6
2 , 5.4 , 6.0 , 6 , 6
2 , 5.4 , 6.0 , 6 , 6
2 , 5.4 , 6.0 , 6 , 6
2 , 5.4 , 6.0 , 6 , 6
2 , 5.4 , 6.0 , 6 , 6
2 , 5.4 , 6.0 , 6 , 6
2 , 5.4 , 6.0 , 6 , 6
2 , 5.4 , 6.0 , 6 , 6
2 , 5.4 , 6.0 , 6 , 6
2 , 5.4 , 6.0 , 6 , 6
2 , 5.4 , 6.0 , 6 , 6
2 , 5.4 , 6.0 , 6 , 6
2 , 5.4 , 6.0 , 6 , 6
2 , 5.4 , 6.0 , 6 , 6
2 , 5.4 , 6.0 , 6 , 6
2 , 5.4 , 6.0 , 6 , 6
2 , 5.4 , 6.0 , 6 , 6
2 , 5.4 , 6.0 , 6 , 6
2 , 5.4 , 6.0 , 6 , 6
2 , 5.4 , 6.0 , 6 , 6
2 , 5.38 , 6.0 , 6 , 6
2 , 5.38 , 6.0 , 6 , 6
2 , 5.38 , 6.0 , 6 , 6
2 , 5.38 , 6.0 , 6 , 6
2 , 5.38 , 6.0 , 6 , 6
2 , 5.38 , 6.0 , 6 , 6
2 , 5.38 , 6.0 , 6 , 6
2 , 5.38 , 6.0 , 6 , 6
2 , 5.38 , 6.0 , 6 , 6
2 , 5.38 , 6.0 , 6 , 6
2 , 5.38 , 6.0 , 6 , 6
2 , 5.38 , 6.0 , 6 , 6
2 , 5.38 , 6.0 , 6 , 6
2 , 5.38 , 6.0 , 6 , 6
2 , 5.38 , 6.0 , 6 , 6
2 , 5.38 , 6.0 , 6 , 6
2 , 5.38 , 6.0 , 6 , 6
2 , 5.38 , 6.0 , 6 , 6
2 , 5.38 , 6.0 , 6 , 6
2 , 5.38 , 6.0 , 6 , 6
2 , 5.38 , 6.0 , 6 , 6
2 , 5.38 , 6.0 , 6 , 6
2 , 5.38 , 6.0 , 6 , 6
2 , 5.38 , 6.0 , 6 , 6
2 , 5.38 , 6.0 , 6 , 6
2 , 5.38 , 6.0 , 6 , 6
2 , 5.38 , 6.0 , 6 , 6
2 , 5.38 , 6.0 , 6 , 6
2 , 5.38 , 6.0 , 6 , 6
2 , 5.38 , 6.0 , 6 , 6
2 , 5.38 , 6.0 , 6 , 6
2 , 5.36 , 6.0 , 6 , 6
2 , 5.36 , 6.0 , 6 , 6
2 , 5.36 , 6.0 , 6 , 6
2 , 5.36 , 6.0 , 6 , 6
2 , 5.36 , 6.0 , 6 , 6
2 , 5.34 , 6.0 , 6 , 6
2 , 5.34 , 6.0 , 6 , 6
2 , 5.34 , 6.0 , 6 , 6
2 , 5.34 , 6.0 , 6 , 6
2 , 5.34 , 6.0 , 6 , 6
2 , 5.34 , 6.0 , 6 , 6
2 , 5.34 , 6.0 , 6 , 6
2 , 5.34 , 6.0 , 6 , 6
2 , 5.34 , 6.0 , 6 , 6
2 , 5.34 , 6.0 , 6 , 6
2 , 5.34 , 6.0 , 6 , 6
2 , 5.34 , 6.0 , 6 , 6
2 , 5.34 , 6.0 , 6 , 6
2 , 5.34 , 6.0 , 6 , 6
2 , 5.34 , 6.0 , 6 , 6
2 , 5.34 , 6.0 , 6 , 6
2 , 5.34 , 6.0 , 6 , 6
2 , 5.34 , 6.0 , 6 , 6
2 , 5.34 , 6.0 , 6 , 6
2 , 5.34 , 6.0 , 6 , 6
2 , 5.34 , 6.0 , 6 , 6
2 , 5.34 , 6.0 , 6 , 6
2 , 5.34 , 6.0 , 6 , 6
2 , 5.34 , 6.0 , 6 , 6
2 , 5.34 , 6.0 , 6 , 6
2 , 5.34 , 6.0 , 6 , 6
2 , 5.34 , 6.0 , 6 , 6
2 , 5.34 , 6.0 , 6 , 6
2 , 5.34 , 6.0 , 6 , 6
2 , 5.34 , 6.0 , 6 , 6
2 , 5.34 , 6.0 , 6 , 6
2 , 5.34 , 6.0 , 6 , 6
2 , 5.34 , 6.0 , 6 , 6
2 , 5.34 , 6.0 , 6 , 6
2 , 5.34 , 6.0 , 6 , 6
2 , 5.34 , 6.0 , 6 , 6
2 , 5.34 , 6.0 , 6 , 6
2 , 5.34 , 6.0 , 6 , 6
2 , 5.34 , 6.0 , 6 , 6
2 , 5.34 , 6.0 , 6 , 6
2 , 5.34 , 6.0 , 6 , 6
2 , 5.34 , 6.0 , 6 , 6
2 , 5.34 , 6.0 , 6 , 6
2 , 5.34 , 6.0 , 6 , 6
2 , 5.32 , 6.0 , 6 , 6
2 , 5.32 , 6.0 , 6 , 6
2 , 5.32 , 6.0 , 6 , 6
2 , 5.32 , 6.0 , 6 , 6
2 , 5.32 , 6.0 , 6 , 6
2 , 5.32 , 6.0 , 6 , 6
2 , 5.32 , 6.0 , 6 , 6
2 , 5.32 , 6.0 , 6 , 6
2 , 5.32 , 6.0 , 6 , 6
2 , 5.32 , 6.0 , 6 , 6
2 , 5.32 , 6.0 , 6 , 6
2 , 5.32 , 6.0 , 6 , 6
2 , 5.28 , 6.0 , 6 , 6
2 , 5.26 , 6.0 , 6 , 6
2 , 5.26 , 6.0 , 6 , 6
2 , 5.26 , 6.0 , 6 , 6
2 , 5.26 , 6.0 , 6 , 6
2 , 5.26 , 6.0 , 6 , 6
2 , 5.26 , 6.0 , 6 , 6
2 , 5.26 , 6.0 , 6 , 6
2 , 5.26 , 6.0 , 6 , 6
2 , 5.26 , 6.0 , 6 , 6
2 , 5.26 , 6.0 , 6 , 6
2 , 5.26 , 6.0 , 6 , 6
2 , 5.26 , 6.0 , 6 , 6
2 , 5.26 , 6.0 , 6 , 6
2 , 5.26 , 6.0 , 6 , 6
2 , 5.26 , 6.0 , 6 , 6
2 , 5.26 , 6.0 , 6 , 6
2 , 5.26 , 6.0 , 6 , 6
2 , 5.26 , 6.0 , 6 , 6
2 , 5.24 , 6.0 , 6 , 6
2 , 5.24 , 6.0 , 6 , 6
2 , 5.24 , 6.0 , 6 , 6
2 , 5.22 , 6.0 , 6 , 6
2 , 5.22 , 6.0 , 6 , 6
2 , 5.2 , 6.0 , 6 , 6
2 , 5.2 , 6.0 , 6 , 6
2 , 5.2 , 6.0 , 6 , 6
2 , 5.2 , 6.0 , 6 , 6
2 , 5.2 , 6.0 , 6 , 6
2 , 5.2 , 6.0 , 6 , 6
2 , 5.2 , 6.0 , 6 , 6
2 , 5.2 , 6.0 , 6 , 6
2 , 5.2 , 6.0 , 6 , 6
2 , 5.2 , 6.0 , 6 , 6
2 , 5.2 , 6.0 , 6 , 6
2 , 5.2 , 6.0 , 6 , 6
2 , 5.2 , 6.0 , 6 , 6
2 , 5.2 , 6.0 , 6 , 6
2 , 5.2 , 6.0 , 6 , 6
2 , 5.18 , 6.0 , 6 , 6
2 , 5.18 , 6.0 , 6 , 6
2 , 5.18 , 6.0 , 6 , 6
2 , 5.18 , 6.0 , 6 , 6
2 , 5.18 , 6.0 , 6 , 6
2 , 5.18 , 6.0 , 6 , 6
2 , 5.14 , 6.0 , 6 , 6
2 , 5.14 , 6.0 , 6 , 6
2 , 5.14 , 6.0 , 6 , 6
2 , 5.14 , 6.0 , 6 , 6
2 , 5.14 , 6.0 , 6 , 6
2 , 5.14 , 6.0 , 6 , 6
2 , 5.14 , 6.0 , 6 , 6
2 , 5.14 , 6.0 , 6 , 6
2 , 5.14 , 6.0 , 6 , 6
2 , 5.14 , 6.0 , 6 , 6
2 , 5.14 , 6.0 , 6 , 6
2 , 5.14 , 6.0 , 6 , 6
2 , 5.14 , 6.0 , 6 , 6
2 , 5.14 , 6.0 , 6 , 6
2 , 5.14 , 6.0 , 6 , 6
2 , 5.14 , 6.0 , 6 , 6
2 , 5.14 , 6.0 , 6 , 6
2 , 5.14 , 6.0 , 6 , 6
2 , 5.14 , 6.0 , 6 , 6
2 , 5.14 , 6.0 , 6 , 6
2 , 5.14 , 6.0 , 6 , 6
2 , 5.14 , 6.0 , 6 , 6
2 , 5.14 , 6.0 , 6 , 6
2 , 5.14 , 6.0 , 6 , 6
2 , 5.14 , 6.0 , 6 , 6
2 , 5.14 , 6.0 , 6 , 6
2 , 5.14 , 6.0 , 6 , 6
2 , 5.14 , 6.0 , 6 , 6
2 , 5.14 , 6.0 , 6 , 6
2 , 5.14 , 6.0 , 6 , 6
2 , 5.12 , 6.0 , 6 , 6
2 , 5.12 , 6.0 , 6 , 6
2 , 5.12 , 6.0 , 6 , 6
2 , 5.12 , 6.0 , 6 , 6
2 , 5.12 , 6.0 , 6 , 6
2 , 5.12 , 6.0 , 6 , 6
2 , 5.12 , 6.0 , 6 , 6
2 , 5.12 , 6.0 , 6 , 6
2 , 5.12 , 6.0 , 6 , 6
2 , 5.12 , 6.0 , 6 , 6
2 , 5.12 , 6.0 , 6 , 6
2 , 5.12 , 6.0 , 6 , 6
2 , 5.12 , 6.0 , 6 , 6
2 , 5.12 , 6.0 , 6 , 6
2 , 5.12 , 6.0 , 6 , 6
2 , 5.12 , 6.0 , 6 , 6
2 , 5.12 , 6.0 , 6 , 6
2 , 5.08 , 6.0 , 6 , 6
2 , 5.08 , 6.0 , 6 , 6
2 , 5.08 , 6.0 , 6 , 6
2 , 5.08 , 6.0 , 6 , 6
2 , 5.06 , 6.0 , 6 , 6
2 , 5.06 , 6.0 , 6 , 6
2 , 5.06 , 6.0 , 6 , 6
2 , 5.06 , 6.0 , 6 , 6
2 , 5.06 , 6.0 , 6 , 6
2 , 5.04 , 6.0 , 6 , 6
2 , 5.04 , 6.0 , 6 , 6
2 , 5.04 , 6.0 , 6 , 6
2 , 5.0 , 6.0 , 6 , 6
2 , 5.0 , 6.0 , 6 , 6
2 , 5.0 , 6.0 , 6 , 6
2 , 5.0 , 6.0 , 6 , 6
2 , 5.0 , 6.0 , 6 , 6
2 , 4.98 , 6.0 , 6 , 6
2 , 4.98 , 6.0 , 6 , 6
2 , 4.98 , 6.0 , 6 , 6
2 , 4.98 , 6.0 , 6 , 6
2 , 4.98 , 6.0 , 6 , 6
2 , 4.98 , 6.0 , 6 , 6
2 , 4.96 , 6.0 , 6 , 6
2 , 4.96 , 6.0 , 6 , 6
2 , 4.96 , 6.0 , 6 , 6
2 , 4.96 , 6.0 , 6 , 6
2 , 4.96 , 6.0 , 6 , 6
2 , 4.96 , 6.0 , 6 , 6
2 , 4.96 , 6.0 , 6 , 6
2 , 4.96 , 6.0 , 6 , 6
2 , 4.96 , 6.0 , 6 , 6
2 , 4.96 , 6.0 , 6 , 6
2 , 4.96 , 6.0 , 6 , 6
2 , 4.94 , 6.0 , 6 , 6
2 , 4.94 , 6.0 , 6 , 6
2 , 4.94 , 6.0 , 6 , 6
2 , 4.94 , 6.0 , 6 , 6
2 , 4.9 , 6.0 , 6 , 6
2 , 4.9 , 6.0 , 6 , 6
2 , 4.9 , 6.0 , 6 , 6
2 , 4.9 , 6.0 , 6 , 6
2 , 4.9 , 6.0 , 6 , 6
2 , 4.9 , 6.0 , 6 , 6
2 , 4.9 , 6.0 , 6 , 6
2 , 4.9 , 6.0 , 6 , 6
2 , 4.86 , 5.0 , 6 , 6
2 , 4.84 , 4.0 , 6 , 6
2 , 4.84 , 4.0 , 6 , 6
2 , 4.84 , 4.0 , 6 , 6
2 , 4.84 , 4.0 , 6 , 6
2 , 4.84 , 4.0 , 6 , 6
2 , 4.84 , 4.0 , 6 , 6
2 , 4.8 , 4.0 , 6 , 6
2 , 4.8 , 4.0 , 6 , 6
2 , 4.8 , 4.0 , 6 , 6
2 , 4.8 , 4.0 , 6 , 6
2 , 4.8 , 4.0 , 6 , 6
2 , 4.8 , 4.0 , 6 , 6
2 , 4.78 , 4.0 , 6 , 6
2 , 4.78 , 4.0 , 6 , 6
2 , 4.78 , 4.0 , 6 , 6
2 , 4.78 , 4.0 , 6 , 6
2 , 4.78 , 4.0 , 6 , 6
2 , 4.76 , 4.0 , 4 , 6
2 , 4.74 , 4.0 , 4 , 6
2 , 4.74 , 4.0 , 4 , 6
2 , 4.7 , 4.0 , 4 , 6
2 , 4.7 , 4.0 , 4 , 6
2 , 4.7 , 4.0 , 4 , 6
2 , 4.7 , 4.0 , 4 , 6
2 , 4.7 , 4.0 , 4 , 6
2 , 4.7 , 4.0 , 4 , 6
2 , 4.7 , 4.0 , 4 , 6
2 , 4.7 , 4.0 , 4 , 6
2 , 4.68 , 4.0 , 4 , 6
2 , 4.66 , 4.0 , 4 , 6
2 , 4.66 , 4.0 , 4 , 6
2 , 4.64 , 4.0 , 4 , 6
2 , 4.64 , 4.0 , 4 , 6
2 , 4.64 , 4.0 , 4 , 6
2 , 4.64 , 4.0 , 4 , 6
2 , 4.64 , 4.0 , 4 , 6
2 , 4.6 , 4.0 , 4 , 6
2 , 4.6 , 4.0 , 4 , 6
2 , 4.6 , 4.0 , 4 , 6
2 , 4.6 , 4.0 , 4 , 6
2 , 4.6 , 4.0 , 4 , 6
2 , 4.6 , 4.0 , 4 , 6
2 , 4.58 , 4.0 , 4 , 6
2 , 4.58 , 4.0 , 4 , 6
2 , 4.56 , 4.0 , 4 , 6
2 , 4.54 , 4.0 , 4 , 6
2 , 4.54 , 4.0 , 4 , 6
2 , 4.54 , 4.0 , 4 , 6
2 , 4.54 , 4.0 , 4 , 6
2 , 4.54 , 4.0 , 4 , 6
2 , 4.54 , 4.0 , 4 , 6
2 , 4.54 , 4.0 , 4 , 6
2 , 4.54 , 4.0 , 4 , 6
2 , 4.54 , 4.0 , 4 , 6
2 , 4.54 , 4.0 , 4 , 6
2 , 4.54 , 4.0 , 4 , 6
2 , 4.54 , 4.0 , 4 , 6
2 , 4.54 , 4.0 , 4 , 6
2 , 4.54 , 4.0 , 4 , 6
2 , 4.54 , 4.0 , 4 , 6
2 , 4.54 , 4.0 , 4 , 6
2 , 4.54 , 4.0 , 4 , 6
2 , 4.54 , 4.0 , 4 , 6
2 , 4.54 , 4.0 , 4 , 6
2 , 4.54 , 4.0 , 4 , 6
2 , 4.54 , 4.0 , 4 , 6
2 , 4.54 , 4.0 , 4 , 6
2 , 4.54 , 4.0 , 4 , 6
2 , 4.54 , 4.0 , 4 , 6
2 , 4.52 , 4.0 , 4 , 6
2 , 4.52 , 4.0 , 4 , 6
2 , 4.52 , 4.0 , 4 , 6
2 , 4.52 , 4.0 , 4 , 6
2 , 4.52 , 4.0 , 4 , 6
2 , 4.52 , 4.0 , 4 , 6
2 , 4.48 , 4.0 , 4 , 6
2 , 4.48 , 4.0 , 4 , 6
2 , 4.48 , 4.0 , 4 , 6
2 , 4.48 , 4.0 , 4 , 6
2 , 4.48 , 4.0 , 4 , 6
2 , 4.48 , 4.0 , 4 , 6
2 , 4.48 , 4.0 , 4 , 6
2 , 4.48 , 4.0 , 4 , 6
2 , 4.48 , 4.0 , 4 , 6
2 , 4.48 , 4.0 , 4 , 6
2 , 4.48 , 4.0 , 4 , 6
2 , 4.46 , 4.0 , 4 , 6
2 , 4.46 , 4.0 , 4 , 6
2 , 4.46 , 4.0 , 4 , 6
2 , 4.46 , 4.0 , 4 , 6
2 , 4.46 , 4.0 , 4 , 6
2 , 4.46 , 4.0 , 4 , 6
2 , 4.46 , 4.0 , 4 , 6
2 , 4.46 , 4.0 , 4 , 6
2 , 4.46 , 4.0 , 4 , 6
2 , 4.44 , 4.0 , 4 , 6
2 , 4.44 , 4.0 , 4 , 6
2 , 4.44 , 4.0 , 4 , 6
2 , 4.44 , 4.0 , 4 , 6
2 , 4.4 , 4.0 , 4 , 6
2 , 4.36 , 4.0 , 4 , 6
2 , 4.34 , 4.0 , 4 , 6
2 , 4.34 , 4.0 , 4 , 6
2 , 4.3 , 4.0 , 4 , 6
2 , 4.3 , 4.0 , 4 , 6
2 , 4.3 , 4.0 , 4 , 6
2 , 4.3 , 4.0 , 4 , 6
2 , 4.3 , 4.0 , 4 , 6
2 , 4.3 , 4.0 , 4 , 6
2 , 4.3 , 4.0 , 4 , 6
2 , 4.3 , 4.0 , 4 , 6
2 , 4.3 , 4.0 , 4 , 6
2 , 4.28 , 4.0 , 4 , 6
2 , 4.28 , 4.0 , 4 , 6
2 , 4.28 , 4.0 , 4 , 6
2 , 4.28 , 4.0 , 4 , 6
2 , 4.28 , 4.0 , 4 , 6
2 , 4.28 , 4.0 , 4 , 6
2 , 4.28 , 4.0 , 4 , 6
2 , 4.26 , 4.0 , 4 , 6
2 , 4.2 , 4.0 , 4 , 6
2 , 4.2 , 4.0 , 4 , 6
2 , 4.2 , 4.0 , 4 , 6
2 , 4.2 , 4.0 , 4 , 6
2 , 4.18 , 4.0 , 4 , 6
2 , 4.18 , 4.0 , 4 , 6
2 , 4.18 , 4.0 , 4 , 6
2 , 4.12 , 4.0 , 4 , 6
2 , 4.12 , 4.0 , 4 , 6
2 , 4.1 , 4.0 , 4 , 6
2 , 4.08 , 4.0 , 4 , 6
2 , 4.08 , 4.0 , 4 , 6
2 , 4.08 , 4.0 , 4 , 6
2 , 4.08 , 4.0 , 4 , 6
2 , 4.08 , 4.0 , 4 , 6
2 , 4.06 , 4.0 , 4 , 6
2 , 4.06 , 4.0 , 4 , 6
2 , 4.06 , 4.0 , 4 , 6
2 , 4.06 , 4.0 , 4 , 6
2 , 4.06 , 4.0 , 4 , 6
2 , 4.06 , 4.0 , 4 , 6
2 , 4.06 , 4.0 , 4 , 6
2 , 4.06 , 4.0 , 4 , 6
2 , 4.06 , 4.0 , 4 , 6
2 , 4.06 , 4.0 , 4 , 6
2 , 4.06 , 4.0 , 4 , 6
2 , 4.02 , 4.0 , 4 , 6
2 , 4.02 , 4.0 , 4 , 6
2 , 4.02 , 4.0 , 4 , 6
2 , 4.02 , 4.0 , 4 , 6
2 , 4.02 , 4.0 , 4 , 6
2 , 4.02 , 4.0 , 4 , 6
2 , 4.02 , 4.0 , 4 , 6
2 , 4.02 , 4.0 , 4 , 6
2 , 4.0 , 4.0 , 4 , 6
2 , 4.0 , 4.0 , 4 , 6
2 , 3.98 , 4.0 , 4 , 6
2 , 3.98 , 4.0 , 4 , 6
2 , 3.96 , 4.0 , 4 , 6
2 , 3.96 , 4.0 , 4 , 6
2 , 3.94 , 4.0 , 4 , 6
2 , 3.94 , 4.0 , 4 , 6
2 , 3.94 , 4.0 , 4 , 6
2 , 3.94 , 4.0 , 4 , 6
2 , 3.94 , 4.0 , 4 , 6
2 , 3.92 , 4.0 , 4 , 6
2 , 3.92 , 4.0 , 4 , 6
2 , 3.92 , 4.0 , 4 , 6
2 , 3.9 , 4.0 , 4 , 6
2 , 3.84 , 4.0 , 4 , 6
2 , 3.84 , 4.0 , 4 , 6
2 , 3.8 , 4.0 , 4 , 6
2 , 3.78 , 4.0 , 4 , 6
2 , 3.72 , 4.0 , 4 , 6
2 , 3.68 , 4.0 , 4 , 6
2 , 3.66 , 4.0 , 4 , 6
2 , 3.66 , 4.0 , 4 , 6
2 , 3.66 , 4.0 , 4 , 6
2 , 3.66 , 4.0 , 4 , 6
2 , 3.66 , 4.0 , 4 , 6
2 , 3.66 , 4.0 , 4 , 6
2 , 3.66 , 4.0 , 4 , 6
2 , 3.66 , 4.0 , 4 , 6
2 , 3.66 , 4.0 , 4 , 6
2 , 3.66 , 4.0 , 4 , 6
2 , 3.66 , 4.0 , 4 , 6
2 , 3.66 , 4.0 , 4 , 6
2 , 3.62 , 4.0 , 4 , 6
2 , 3.62 , 4.0 , 4 , 6
2 , 3.6 , 4.0 , 4 , 6
2 , 3.6 , 4.0 , 4 , 6
2 , 3.6 , 4.0 , 4 , 6
2 , 3.6 , 4.0 , 4 , 6
2 , 3.6 , 4.0 , 4 , 6
2 , 3.6 , 4.0 , 4 , 6
2 , 3.58 , 4.0 , 4 , 6
2 , 3.58 , 4.0 , 4 , 6
2 , 3.58 , 4.0 , 4 , 6
2 , 3.58 , 4.0 , 4 , 6
2 , 3.58 , 4.0 , 4 , 6
2 , 3.58 , 4.0 , 4 , 6
2 , 3.56 , 4.0 , 4 , 4
2 , 3.56 , 4.0 , 4 , 4
2 , 3.56 , 4.0 , 4 , 4
2 , 3.56 , 4.0 , 4 , 4
2 , 3.54 , 4.0 , 4 , 4
2 , 3.54 , 4.0 , 4 , 4
2 , 3.54 , 4.0 , 4 , 4
2 , 3.54 , 4.0 , 4 , 4
2 , 3.54 , 4.0 , 4 , 4
2 , 3.54 , 4.0 , 4 , 4
2 , 3.54 , 4.0 , 4 , 4
2 , 3.54 , 4.0 , 4 , 4
2 , 3.54 , 4.0 , 4 , 4
2 , 3.54 , 4.0 , 4 , 4
2 , 3.54 , 4.0 , 4 , 4
2 , 3.54 , 4.0 , 4 , 4
2 , 3.54 , 4.0 , 4 , 4
0  Perfect solutions
perfect solution individuals []
