4 , 15.04 , 14.0 , 14 , 24
4 , 14.82 , 14.0 , 14 , 22
4 , 14.58 , 14.0 , 14 , 22
4 , 14.46 , 14.0 , 14 , 22
4 , 14.26 , 14.0 , 14 , 22
4 , 14.08 , 14.0 , 14 , 22
4 , 14.02 , 14.0 , 14 , 20
4 , 13.98 , 14.0 , 14 , 20
4 , 13.88 , 14.0 , 14 , 20
4 , 13.82 , 14.0 , 14 , 20
4 , 13.72 , 14.0 , 14 , 20
4 , 13.62 , 14.0 , 14 , 20
4 , 13.4 , 14.0 , 14 , 18
4 , 13.36 , 14.0 , 14 , 18
4 , 13.28 , 14.0 , 14 , 18
4 , 13.22 , 14.0 , 14 , 18
4 , 13.14 , 14.0 , 14 , 18
4 , 13.04 , 14.0 , 14 , 18
4 , 12.98 , 14.0 , 14 , 16
4 , 12.88 , 14.0 , 14 , 16
4 , 12.82 , 14.0 , 14 , 16
4 , 12.8 , 14.0 , 14 , 16
4 , 12.76 , 14.0 , 14 , 16
4 , 12.68 , 14.0 , 14 , 16
4 , 12.62 , 14.0 , 14 , 16
4 , 12.52 , 14.0 , 14 , 16
4 , 12.52 , 14.0 , 14 , 16
4 , 12.46 , 13.0 , 14 , 16
4 , 12.46 , 13.0 , 14 , 16
4 , 12.4 , 12.0 , 14 , 16
4 , 12.2 , 12.0 , 14 , 16
4 , 12.1 , 12.0 , 14 , 16
4 , 12.06 , 12.0 , 14 , 16
4 , 11.94 , 12.0 , 14 , 16
4 , 11.88 , 12.0 , 14 , 16
4 , 11.84 , 12.0 , 14 , 14
4 , 11.8 , 12.0 , 14 , 14
4 , 11.72 , 12.0 , 14 , 14
4 , 11.64 , 12.0 , 14 , 14
4 , 11.64 , 12.0 , 14 , 14
4 , 11.56 , 12.0 , 14 , 14
4 , 11.56 , 12.0 , 14 , 14
4 , 11.48 , 12.0 , 14 , 14
4 , 11.44 , 12.0 , 14 , 14
4 , 11.44 , 12.0 , 14 , 14
4 , 11.4 , 12.0 , 14 , 14
4 , 11.38 , 12.0 , 12 , 14
4 , 11.36 , 12.0 , 12 , 14
4 , 11.34 , 12.0 , 12 , 14
4 , 11.22 , 12.0 , 12 , 14
4 , 11.12 , 12.0 , 12 , 14
4 , 11.1 , 12.0 , 12 , 14
4 , 11.06 , 12.0 , 12 , 14
4 , 11.04 , 12.0 , 12 , 14
4 , 11.0 , 12.0 , 12 , 14
4 , 10.94 , 12.0 , 12 , 14
4 , 10.92 , 12.0 , 12 , 14
4 , 10.9 , 12.0 , 12 , 14
4 , 10.9 , 12.0 , 12 , 14
4 , 10.84 , 12.0 , 12 , 14
4 , 10.8 , 12.0 , 12 , 14
4 , 10.8 , 12.0 , 12 , 14
4 , 10.76 , 11.0 , 12 , 14
4 , 10.74 , 11.0 , 12 , 14
4 , 10.74 , 11.0 , 12 , 14
4 , 10.64 , 10.0 , 12 , 14
4 , 10.64 , 10.0 , 12 , 14
4 , 10.56 , 10.0 , 12 , 14
4 , 10.54 , 10.0 , 12 , 14
4 , 10.48 , 10.0 , 12 , 14
4 , 10.42 , 10.0 , 12 , 14
4 , 10.32 , 10.0 , 12 , 14
4 , 10.22 , 10.0 , 12 , 14
4 , 10.22 , 10.0 , 12 , 14
4 , 10.12 , 10.0 , 12 , 12
4 , 10.12 , 10.0 , 12 , 12
4 , 10.08 , 10.0 , 12 , 12
4 , 10.06 , 10.0 , 10 , 12
4 , 10.0 , 10.0 , 10 , 12
4 , 9.98 , 10.0 , 10 , 12
4 , 9.96 , 10.0 , 10 , 12
4 , 9.96 , 10.0 , 10 , 12
4 , 9.94 , 10.0 , 10 , 12
4 , 9.88 , 10.0 , 10 , 12
4 , 9.84 , 10.0 , 10 , 12
4 , 9.82 , 10.0 , 10 , 12
4 , 9.82 , 10.0 , 10 , 12
4 , 9.78 , 10.0 , 10 , 12
4 , 9.76 , 10.0 , 10 , 12
4 , 9.72 , 10.0 , 10 , 12
4 , 9.66 , 10.0 , 10 , 12
4 , 9.66 , 10.0 , 10 , 12
4 , 9.66 , 10.0 , 10 , 12
4 , 9.66 , 10.0 , 10 , 12
4 , 9.64 , 10.0 , 10 , 12
4 , 9.58 , 10.0 , 10 , 12
4 , 9.58 , 10.0 , 10 , 12
4 , 9.58 , 10.0 , 10 , 12
4 , 9.54 , 10.0 , 10 , 12
4 , 9.54 , 10.0 , 10 , 12
4 , 9.54 , 10.0 , 10 , 12
4 , 9.52 , 10.0 , 10 , 12
4 , 9.46 , 10.0 , 10 , 12
4 , 9.4 , 10.0 , 10 , 12
4 , 9.36 , 10.0 , 10 , 12
4 , 9.36 , 10.0 , 10 , 12
4 , 9.36 , 10.0 , 10 , 12
4 , 9.32 , 10.0 , 10 , 12
4 , 9.26 , 10.0 , 10 , 12
4 , 9.2 , 10.0 , 10 , 12
4 , 9.16 , 10.0 , 10 , 12
4 , 9.08 , 10.0 , 10 , 12
4 , 9.06 , 10.0 , 10 , 12
4 , 9.06 , 10.0 , 10 , 12
4 , 9.0 , 10.0 , 10 , 12
4 , 9.0 , 10.0 , 10 , 12
4 , 9.0 , 10.0 , 10 , 12
4 , 8.92 , 10.0 , 10 , 12
4 , 8.9 , 10.0 , 10 , 12
4 , 8.86 , 10.0 , 10 , 12
4 , 8.84 , 10.0 , 10 , 12
4 , 8.8 , 10.0 , 10 , 12
4 , 8.78 , 10.0 , 10 , 12
4 , 8.7 , 10.0 , 10 , 12
4 , 8.68 , 10.0 , 10 , 10
4 , 8.68 , 10.0 , 10 , 10
4 , 8.68 , 10.0 , 10 , 10
4 , 8.68 , 10.0 , 10 , 10
4 , 8.68 , 10.0 , 10 , 10
4 , 8.68 , 10.0 , 10 , 10
4 , 8.68 , 10.0 , 10 , 10
4 , 8.68 , 10.0 , 10 , 10
4 , 8.68 , 10.0 , 10 , 10
4 , 8.68 , 10.0 , 10 , 10
4 , 8.68 , 10.0 , 10 , 10
4 , 8.68 , 10.0 , 10 , 10
4 , 8.66 , 10.0 , 10 , 10
4 , 8.66 , 10.0 , 10 , 10
4 , 8.64 , 10.0 , 10 , 10
4 , 8.64 , 10.0 , 10 , 10
4 , 8.64 , 10.0 , 10 , 10
4 , 8.64 , 10.0 , 10 , 10
4 , 8.64 , 10.0 , 10 , 10
4 , 8.64 , 10.0 , 10 , 10
4 , 8.64 , 10.0 , 10 , 10
4 , 8.6 , 10.0 , 10 , 10
4 , 8.6 , 10.0 , 10 , 10
4 , 8.6 , 10.0 , 10 , 10
4 , 8.6 , 10.0 , 10 , 10
4 , 8.6 , 10.0 , 10 , 10
4 , 8.6 , 10.0 , 10 , 10
4 , 8.6 , 10.0 , 10 , 10
4 , 8.58 , 10.0 , 10 , 10
4 , 8.56 , 9.0 , 10 , 10
4 , 8.56 , 9.0 , 10 , 10
4 , 8.56 , 9.0 , 10 , 10
4 , 8.56 , 9.0 , 10 , 10
4 , 8.54 , 8.0 , 10 , 10
4 , 8.5 , 8.0 , 10 , 10
4 , 8.44 , 8.0 , 10 , 10
4 , 8.44 , 8.0 , 10 , 10
4 , 8.44 , 8.0 , 10 , 10
4 , 8.44 , 8.0 , 10 , 10
4 , 8.4 , 8.0 , 10 , 10
4 , 8.38 , 8.0 , 10 , 10
4 , 8.36 , 8.0 , 10 , 10
4 , 8.36 , 8.0 , 10 , 10
4 , 8.36 , 8.0 , 10 , 10
4 , 8.32 , 8.0 , 10 , 10
4 , 8.32 , 8.0 , 10 , 10
4 , 8.32 , 8.0 , 10 , 10
4 , 8.32 , 8.0 , 10 , 10
4 , 8.32 , 8.0 , 10 , 10
4 , 8.32 , 8.0 , 10 , 10
4 , 8.32 , 8.0 , 10 , 10
4 , 8.32 , 8.0 , 10 , 10
4 , 8.32 , 8.0 , 10 , 10
4 , 8.28 , 8.0 , 10 , 10
4 , 8.24 , 8.0 , 10 , 10
4 , 8.24 , 8.0 , 10 , 10
4 , 8.24 , 8.0 , 10 , 10
4 , 8.24 , 8.0 , 10 , 10
4 , 8.24 , 8.0 , 10 , 10
4 , 8.24 , 8.0 , 10 , 10
4 , 8.24 , 8.0 , 10 , 10
4 , 8.24 , 8.0 , 10 , 10
4 , 8.22 , 8.0 , 10 , 10
4 , 8.2 , 8.0 , 8 , 10
4 , 8.2 , 8.0 , 8 , 10
4 , 8.18 , 8.0 , 8 , 10
4 , 8.18 , 8.0 , 8 , 10
4 , 8.1 , 8.0 , 8 , 10
4 , 8.1 , 8.0 , 8 , 10
4 , 8.1 , 8.0 , 8 , 10
4 , 8.1 , 8.0 , 8 , 10
4 , 8.1 , 8.0 , 8 , 10
4 , 8.1 , 8.0 , 8 , 10
4 , 8.06 , 8.0 , 8 , 10
4 , 8.06 , 8.0 , 8 , 10
4 , 8.0 , 8.0 , 8 , 10
4 , 8.0 , 8.0 , 8 , 10
4 , 8.0 , 8.0 , 8 , 10
4 , 7.96 , 8.0 , 8 , 10
4 , 7.96 , 8.0 , 8 , 10
4 , 7.96 , 8.0 , 8 , 10
4 , 7.96 , 8.0 , 8 , 10
4 , 7.9 , 8.0 , 8 , 10
4 , 7.88 , 8.0 , 8 , 10
4 , 7.88 , 8.0 , 8 , 10
4 , 7.86 , 8.0 , 8 , 10
4 , 7.86 , 8.0 , 8 , 10
4 , 7.84 , 8.0 , 8 , 10
4 , 7.82 , 8.0 , 8 , 10
4 , 7.82 , 8.0 , 8 , 10
4 , 7.8 , 8.0 , 8 , 10
4 , 7.78 , 8.0 , 8 , 10
4 , 7.78 , 8.0 , 8 , 10
4 , 7.78 , 8.0 , 8 , 10
4 , 7.78 , 8.0 , 8 , 10
4 , 7.72 , 8.0 , 8 , 10
4 , 7.72 , 8.0 , 8 , 10
4 , 7.72 , 8.0 , 8 , 10
4 , 7.7 , 8.0 , 8 , 10
4 , 7.7 , 8.0 , 8 , 10
4 , 7.68 , 8.0 , 8 , 10
4 , 7.68 , 8.0 , 8 , 10
4 , 7.68 , 8.0 , 8 , 10
4 , 7.64 , 8.0 , 8 , 10
4 , 7.64 , 8.0 , 8 , 10
4 , 7.64 , 8.0 , 8 , 10
4 , 7.64 , 8.0 , 8 , 10
2 , 7.56 , 8.0 , 8 , 10
2 , 7.52 , 8.0 , 8 , 10
2 , 7.52 , 8.0 , 8 , 10
2 , 7.52 , 8.0 , 8 , 10
2 , 7.48 , 8.0 , 8 , 10
2 , 7.48 , 8.0 , 8 , 10
2 , 7.42 , 8.0 , 8 , 10
2 , 7.4 , 8.0 , 8 , 10
2 , 7.36 , 8.0 , 8 , 10
2 , 7.36 , 8.0 , 8 , 10
2 , 7.32 , 8.0 , 8 , 10
2 , 7.32 , 8.0 , 8 , 10
2 , 7.32 , 8.0 , 8 , 10
2 , 7.3 , 8.0 , 8 , 10
2 , 7.3 , 8.0 , 8 , 10
2 , 7.3 , 8.0 , 8 , 10
2 , 7.26 , 8.0 , 8 , 10
2 , 7.26 , 8.0 , 8 , 10
2 , 7.22 , 8.0 , 8 , 10
2 , 7.2 , 8.0 , 8 , 10
2 , 7.1 , 8.0 , 8 , 10
2 , 7.1 , 8.0 , 8 , 10
2 , 7.08 , 8.0 , 8 , 10
2 , 7.06 , 8.0 , 8 , 10
2 , 7.06 , 8.0 , 8 , 10
2 , 7.04 , 8.0 , 8 , 8
2 , 7.04 , 8.0 , 8 , 8
2 , 7.04 , 8.0 , 8 , 8
2 , 7.04 , 8.0 , 8 , 8
2 , 7.04 , 8.0 , 8 , 8
2 , 7.02 , 8.0 , 8 , 8
2 , 7.02 , 8.0 , 8 , 8
2 , 7.02 , 8.0 , 8 , 8
2 , 7.02 , 8.0 , 8 , 8
2 , 7.02 , 8.0 , 8 , 8
2 , 7.02 , 8.0 , 8 , 8
2 , 7.0 , 8.0 , 8 , 8
2 , 7.0 , 8.0 , 8 , 8
2 , 7.0 , 8.0 , 8 , 8
2 , 7.0 , 8.0 , 8 , 8
2 , 7.0 , 8.0 , 8 , 8
2 , 7.0 , 8.0 , 8 , 8
2 , 6.98 , 8.0 , 8 , 8
2 , 6.96 , 8.0 , 8 , 8
2 , 6.96 , 8.0 , 8 , 8
2 , 6.96 , 8.0 , 8 , 8
2 , 6.96 , 8.0 , 8 , 8
2 , 6.96 , 8.0 , 8 , 8
2 , 6.96 , 8.0 , 8 , 8
2 , 6.96 , 8.0 , 8 , 8
2 , 6.96 , 8.0 , 8 , 8
2 , 6.96 , 8.0 , 8 , 8
2 , 6.96 , 8.0 , 8 , 8
2 , 6.94 , 8.0 , 8 , 8
2 , 6.94 , 8.0 , 8 , 8
2 , 6.94 , 8.0 , 8 , 8
2 , 6.9 , 8.0 , 8 , 8
2 , 6.9 , 8.0 , 8 , 8
2 , 6.9 , 8.0 , 8 , 8
2 , 6.9 , 8.0 , 8 , 8
2 , 6.9 , 8.0 , 8 , 8
2 , 6.9 , 8.0 , 8 , 8
2 , 6.9 , 8.0 , 8 , 8
2 , 6.9 , 8.0 , 8 , 8
2 , 6.9 , 8.0 , 8 , 8
2 , 6.9 , 8.0 , 8 , 8
2 , 6.9 , 8.0 , 8 , 8
2 , 6.9 , 8.0 , 8 , 8
2 , 6.9 , 8.0 , 8 , 8
2 , 6.9 , 8.0 , 8 , 8
2 , 6.9 , 8.0 , 8 , 8
2 , 6.9 , 8.0 , 8 , 8
2 , 6.9 , 8.0 , 8 , 8
2 , 6.9 , 8.0 , 8 , 8
2 , 6.9 , 8.0 , 8 , 8
2 , 6.9 , 8.0 , 8 , 8
2 , 6.9 , 8.0 , 8 , 8
2 , 6.9 , 8.0 , 8 , 8
2 , 6.9 , 8.0 , 8 , 8
2 , 6.9 , 8.0 , 8 , 8
2 , 6.88 , 8.0 , 8 , 8
2 , 6.88 , 8.0 , 8 , 8
2 , 6.88 , 8.0 , 8 , 8
2 , 6.88 , 8.0 , 8 , 8
2 , 6.88 , 8.0 , 8 , 8
2 , 6.88 , 8.0 , 8 , 8
2 , 6.88 , 8.0 , 8 , 8
2 , 6.86 , 8.0 , 8 , 8
2 , 6.86 , 8.0 , 8 , 8
2 , 6.86 , 8.0 , 8 , 8
2 , 6.86 , 8.0 , 8 , 8
2 , 6.86 , 8.0 , 8 , 8
2 , 6.86 , 8.0 , 8 , 8
2 , 6.86 , 8.0 , 8 , 8
2 , 6.86 , 8.0 , 8 , 8
2 , 6.86 , 8.0 , 8 , 8
2 , 6.86 , 8.0 , 8 , 8
2 , 6.86 , 8.0 , 8 , 8
2 , 6.86 , 8.0 , 8 , 8
2 , 6.84 , 8.0 , 8 , 8
2 , 6.84 , 8.0 , 8 , 8
2 , 6.82 , 8.0 , 8 , 8
2 , 6.82 , 8.0 , 8 , 8
2 , 6.82 , 8.0 , 8 , 8
2 , 6.82 , 8.0 , 8 , 8
2 , 6.82 , 8.0 , 8 , 8
2 , 6.8 , 7.0 , 8 , 8
2 , 6.78 , 6.0 , 8 , 8
2 , 6.76 , 6.0 , 8 , 8
2 , 6.76 , 6.0 , 8 , 8
2 , 6.76 , 6.0 , 8 , 8
2 , 6.76 , 6.0 , 8 , 8
2 , 6.74 , 6.0 , 8 , 8
2 , 6.74 , 6.0 , 8 , 8
2 , 6.72 , 6.0 , 8 , 8
2 , 6.72 , 6.0 , 8 , 8
2 , 6.72 , 6.0 , 8 , 8
2 , 6.64 , 6.0 , 6 , 8
2 , 6.64 , 6.0 , 6 , 8
2 , 6.64 , 6.0 , 6 , 8
2 , 6.64 , 6.0 , 6 , 8
2 , 6.64 , 6.0 , 6 , 8
2 , 6.62 , 6.0 , 6 , 8
2 , 6.62 , 6.0 , 6 , 8
2 , 6.62 , 6.0 , 6 , 8
2 , 6.62 , 6.0 , 6 , 8
2 , 6.62 , 6.0 , 6 , 8
2 , 6.6 , 6.0 , 6 , 8
2 , 6.6 , 6.0 , 6 , 8
2 , 6.6 , 6.0 , 6 , 8
2 , 6.6 , 6.0 , 6 , 8
2 , 6.6 , 6.0 , 6 , 8
2 , 6.6 , 6.0 , 6 , 8
2 , 6.58 , 6.0 , 6 , 8
2 , 6.58 , 6.0 , 6 , 8
2 , 6.58 , 6.0 , 6 , 8
2 , 6.52 , 6.0 , 6 , 8
2 , 6.5 , 6.0 , 6 , 8
2 , 6.5 , 6.0 , 6 , 8
2 , 6.5 , 6.0 , 6 , 8
2 , 6.46 , 6.0 , 6 , 8
2 , 6.46 , 6.0 , 6 , 8
2 , 6.46 , 6.0 , 6 , 8
2 , 6.46 , 6.0 , 6 , 8
2 , 6.46 , 6.0 , 6 , 8
2 , 6.46 , 6.0 , 6 , 8
2 , 6.46 , 6.0 , 6 , 8
2 , 6.46 , 6.0 , 6 , 8
2 , 6.44 , 6.0 , 6 , 8
2 , 6.44 , 6.0 , 6 , 8
2 , 6.44 , 6.0 , 6 , 8
2 , 6.42 , 6.0 , 6 , 8
2 , 6.42 , 6.0 , 6 , 8
2 , 6.4 , 6.0 , 6 , 8
2 , 6.38 , 6.0 , 6 , 8
2 , 6.36 , 6.0 , 6 , 8
2 , 6.36 , 6.0 , 6 , 8
2 , 6.36 , 6.0 , 6 , 8
2 , 6.32 , 6.0 , 6 , 8
2 , 6.32 , 6.0 , 6 , 8
2 , 6.3 , 6.0 , 6 , 8
2 , 6.3 , 6.0 , 6 , 8
2 , 6.3 , 6.0 , 6 , 8
2 , 6.24 , 6.0 , 6 , 8
2 , 6.22 , 6.0 , 6 , 8
2 , 6.22 , 6.0 , 6 , 8
2 , 6.22 , 6.0 , 6 , 8
2 , 6.18 , 6.0 , 6 , 8
2 , 6.18 , 6.0 , 6 , 8
2 , 6.18 , 6.0 , 6 , 8
2 , 6.18 , 6.0 , 6 , 8
2 , 6.18 , 6.0 , 6 , 8
2 , 6.18 , 6.0 , 6 , 8
2 , 6.16 , 6.0 , 6 , 8
2 , 6.16 , 6.0 , 6 , 8
2 , 6.16 , 6.0 , 6 , 8
2 , 6.12 , 6.0 , 6 , 8
2 , 6.12 , 6.0 , 6 , 8
2 , 6.12 , 6.0 , 6 , 8
2 , 6.12 , 6.0 , 6 , 8
2 , 6.12 , 6.0 , 6 , 8
2 , 6.12 , 6.0 , 6 , 8
2 , 6.12 , 6.0 , 6 , 8
2 , 6.1 , 6.0 , 6 , 8
2 , 6.1 , 6.0 , 6 , 8
2 , 6.06 , 6.0 , 6 , 8
2 , 6.06 , 6.0 , 6 , 8
2 , 6.04 , 6.0 , 6 , 8
2 , 6.02 , 6.0 , 6 , 8
2 , 6.02 , 6.0 , 6 , 8
2 , 6.0 , 6.0 , 6 , 8
2 , 6.0 , 6.0 , 6 , 8
2 , 6.0 , 6.0 , 6 , 8
2 , 6.0 , 6.0 , 6 , 8
2 , 5.98 , 6.0 , 6 , 8
2 , 5.98 , 6.0 , 6 , 8
2 , 5.98 , 6.0 , 6 , 8
2 , 5.98 , 6.0 , 6 , 8
2 , 5.98 , 6.0 , 6 , 8
2 , 5.98 , 6.0 , 6 , 8
2 , 5.98 , 6.0 , 6 , 8
2 , 5.98 , 6.0 , 6 , 8
2 , 5.98 , 6.0 , 6 , 8
2 , 5.98 , 6.0 , 6 , 8
2 , 5.98 , 6.0 , 6 , 8
2 , 5.96 , 6.0 , 6 , 8
2 , 5.96 , 6.0 , 6 , 8
2 , 5.92 , 6.0 , 6 , 8
2 , 5.92 , 6.0 , 6 , 8
2 , 5.92 , 6.0 , 6 , 8
2 , 5.92 , 6.0 , 6 , 8
2 , 5.92 , 6.0 , 6 , 8
2 , 5.92 , 6.0 , 6 , 8
2 , 5.92 , 6.0 , 6 , 8
2 , 5.92 , 6.0 , 6 , 8
2 , 5.92 , 6.0 , 6 , 8
2 , 5.9 , 6.0 , 6 , 8
2 , 5.9 , 6.0 , 6 , 8
2 , 5.9 , 6.0 , 6 , 8
2 , 5.88 , 6.0 , 6 , 8
2 , 5.86 , 6.0 , 6 , 8
2 , 5.86 , 6.0 , 6 , 8
2 , 5.82 , 6.0 , 6 , 8
2 , 5.8 , 6.0 , 6 , 8
2 , 5.8 , 6.0 , 6 , 8
2 , 5.78 , 6.0 , 6 , 8
2 , 5.76 , 6.0 , 6 , 8
2 , 5.76 , 6.0 , 6 , 8
2 , 5.76 , 6.0 , 6 , 8
2 , 5.72 , 6.0 , 6 , 8
2 , 5.7 , 6.0 , 6 , 8
2 , 5.7 , 6.0 , 6 , 8
2 , 5.7 , 6.0 , 6 , 8
2 , 5.66 , 6.0 , 6 , 8
2 , 5.66 , 6.0 , 6 , 8
2 , 5.66 , 6.0 , 6 , 8
2 , 5.66 , 6.0 , 6 , 8
2 , 5.66 , 6.0 , 6 , 8
2 , 5.66 , 6.0 , 6 , 8
2 , 5.66 , 6.0 , 6 , 8
2 , 5.66 , 6.0 , 6 , 8
2 , 5.64 , 6.0 , 6 , 8
2 , 5.64 , 6.0 , 6 , 8
2 , 5.64 , 6.0 , 6 , 8
2 , 5.64 , 6.0 , 6 , 8
2 , 5.62 , 6.0 , 6 , 8
2 , 5.58 , 6.0 , 6 , 8
2 , 5.56 , 6.0 , 6 , 6
2 , 5.56 , 6.0 , 6 , 6
2 , 5.56 , 6.0 , 6 , 6
2 , 5.56 , 6.0 , 6 , 6
2 , 5.56 , 6.0 , 6 , 6
2 , 5.56 , 6.0 , 6 , 6
2 , 5.56 , 6.0 , 6 , 6
2 , 5.56 , 6.0 , 6 , 6
2 , 5.56 , 6.0 , 6 , 6
2 , 5.56 , 6.0 , 6 , 6
2 , 5.56 , 6.0 , 6 , 6
2 , 5.56 , 6.0 , 6 , 6
2 , 5.54 , 6.0 , 6 , 6
2 , 5.54 , 6.0 , 6 , 6
2 , 5.52 , 6.0 , 6 , 6
2 , 5.52 , 6.0 , 6 , 6
2 , 5.52 , 6.0 , 6 , 6
2 , 5.52 , 6.0 , 6 , 6
2 , 5.5 , 6.0 , 6 , 6
2 , 5.5 , 6.0 , 6 , 6
2 , 5.48 , 6.0 , 6 , 6
2 , 5.48 , 6.0 , 6 , 6
2 , 5.48 , 6.0 , 6 , 6
2 , 5.48 , 6.0 , 6 , 6
2 , 5.48 , 6.0 , 6 , 6
0 , 5.42 , 6.0 , 6 , 6
0 , 5.42 , 6.0 , 6 , 6
0 , 5.42 , 6.0 , 6 , 6
0 , 5.42 , 6.0 , 6 , 6
0 , 5.42 , 6.0 , 6 , 6
0 , 5.42 , 6.0 , 6 , 6
0 , 5.42 , 6.0 , 6 , 6
0 , 5.42 , 6.0 , 6 , 6
0 , 5.4 , 6.0 , 6 , 6
0 , 5.38 , 6.0 , 6 , 6
0 , 5.38 , 6.0 , 6 , 6
0 , 5.38 , 6.0 , 6 , 6
0 , 5.38 , 6.0 , 6 , 6
0 , 5.38 , 6.0 , 6 , 6
0 , 5.38 , 6.0 , 6 , 6
0 , 5.36 , 6.0 , 6 , 6
0 , 5.32 , 6.0 , 6 , 6
0 , 5.32 , 6.0 , 6 , 6
0 , 5.32 , 6.0 , 6 , 6
0 , 5.32 , 6.0 , 6 , 6
0 , 5.32 , 6.0 , 6 , 6
0 , 5.32 , 6.0 , 6 , 6
0 , 5.32 , 6.0 , 6 , 6
0 , 5.32 , 6.0 , 6 , 6
0 , 5.32 , 6.0 , 6 , 6
0 , 5.32 , 6.0 , 6 , 6
0 , 5.3 , 6.0 , 6 , 6
0 , 5.3 , 6.0 , 6 , 6
0 , 5.3 , 6.0 , 6 , 6
0 , 5.3 , 6.0 , 6 , 6
0 , 5.3 , 6.0 , 6 , 6
0 , 5.3 , 6.0 , 6 , 6
0 , 5.28 , 6.0 , 6 , 6
0 , 5.28 , 6.0 , 6 , 6
0 , 5.28 , 6.0 , 6 , 6
0 , 5.28 , 6.0 , 6 , 6
0 , 5.28 , 6.0 , 6 , 6
0 , 5.28 , 6.0 , 6 , 6
0 , 5.28 , 6.0 , 6 , 6
0 , 5.28 , 6.0 , 6 , 6
0 , 5.28 , 6.0 , 6 , 6
0 , 5.28 , 6.0 , 6 , 6
0 , 5.28 , 6.0 , 6 , 6
0 , 5.28 , 6.0 , 6 , 6
0 , 5.28 , 6.0 , 6 , 6
0 , 5.28 , 6.0 , 6 , 6
0 , 5.28 , 6.0 , 6 , 6
0 , 5.28 , 6.0 , 6 , 6
0 , 5.28 , 6.0 , 6 , 6
0 , 5.28 , 6.0 , 6 , 6
0 , 5.28 , 6.0 , 6 , 6
0 , 5.28 , 6.0 , 6 , 6
0 , 5.28 , 6.0 , 6 , 6
0 , 5.28 , 6.0 , 6 , 6
0 , 5.28 , 6.0 , 6 , 6
0 , 5.28 , 6.0 , 6 , 6
0 , 5.28 , 6.0 , 6 , 6
0 , 5.28 , 6.0 , 6 , 6
0 , 5.28 , 6.0 , 6 , 6
0 , 5.28 , 6.0 , 6 , 6
0 , 5.28 , 6.0 , 6 , 6
0 , 5.28 , 6.0 , 6 , 6
0 , 5.28 , 6.0 , 6 , 6
0 , 5.28 , 6.0 , 6 , 6
0 , 5.28 , 6.0 , 6 , 6
0 , 5.28 , 6.0 , 6 , 6
0 , 5.28 , 6.0 , 6 , 6
0 , 5.28 , 6.0 , 6 , 6
0 , 5.28 , 6.0 , 6 , 6
0 , 5.26 , 6.0 , 6 , 6
0 , 5.24 , 6.0 , 6 , 6
0 , 5.24 , 6.0 , 6 , 6
0 , 5.24 , 6.0 , 6 , 6
0 , 5.24 , 6.0 , 6 , 6
0 , 5.24 , 6.0 , 6 , 6
0 , 5.24 , 6.0 , 6 , 6
0 , 5.24 , 6.0 , 6 , 6
0 , 5.22 , 6.0 , 6 , 6
0 , 5.22 , 6.0 , 6 , 6
0 , 5.22 , 6.0 , 6 , 6
0 , 5.22 , 6.0 , 6 , 6
0 , 5.22 , 6.0 , 6 , 6
0 , 5.2 , 6.0 , 6 , 6
0 , 5.2 , 6.0 , 6 , 6
0 , 5.2 , 6.0 , 6 , 6
0 , 5.2 , 6.0 , 6 , 6
0 , 5.2 , 6.0 , 6 , 6
0 , 5.2 , 6.0 , 6 , 6
0 , 5.2 , 6.0 , 6 , 6
0 , 5.2 , 6.0 , 6 , 6
0 , 5.2 , 6.0 , 6 , 6
0 , 5.2 , 6.0 , 6 , 6
0 , 5.2 , 6.0 , 6 , 6
0 , 5.2 , 6.0 , 6 , 6
0 , 5.2 , 6.0 , 6 , 6
0 , 5.2 , 6.0 , 6 , 6
0 , 5.2 , 6.0 , 6 , 6
0 , 5.18 , 6.0 , 6 , 6
0 , 5.16 , 6.0 , 6 , 6
0 , 5.16 , 6.0 , 6 , 6
0 , 5.16 , 6.0 , 6 , 6
0 , 5.16 , 6.0 , 6 , 6
0 , 5.16 , 6.0 , 6 , 6
0 , 5.16 , 6.0 , 6 , 6
0 , 5.14 , 6.0 , 6 , 6
0 , 5.14 , 6.0 , 6 , 6
0 , 5.14 , 6.0 , 6 , 6
0 , 5.14 , 6.0 , 6 , 6
0 , 5.12 , 6.0 , 6 , 6
0 , 5.1 , 6.0 , 6 , 6
0 , 5.1 , 6.0 , 6 , 6
0 , 5.1 , 6.0 , 6 , 6
0 , 5.1 , 6.0 , 6 , 6
0 , 5.1 , 6.0 , 6 , 6
0 , 5.1 , 6.0 , 6 , 6
0 , 5.1 , 6.0 , 6 , 6
0 , 5.1 , 6.0 , 6 , 6
0 , 5.1 , 6.0 , 6 , 6
0 , 5.1 , 6.0 , 6 , 6
0 , 5.1 , 6.0 , 6 , 6
0 , 5.06 , 6.0 , 6 , 6
0 , 5.06 , 6.0 , 6 , 6
0 , 5.06 , 6.0 , 6 , 6
0 , 5.06 , 6.0 , 6 , 6
0 , 5.06 , 6.0 , 6 , 6
0 , 5.06 , 6.0 , 6 , 6
0 , 5.06 , 6.0 , 6 , 6
0 , 5.06 , 6.0 , 6 , 6
0 , 5.06 , 6.0 , 6 , 6
0 , 5.06 , 6.0 , 6 , 6
0 , 5.06 , 6.0 , 6 , 6
0 , 5.06 , 6.0 , 6 , 6
0 , 5.06 , 6.0 , 6 , 6
0 , 5.06 , 6.0 , 6 , 6
0 , 5.06 , 6.0 , 6 , 6
0 , 5.06 , 6.0 , 6 , 6
0 , 5.06 , 6.0 , 6 , 6
0 , 5.06 , 6.0 , 6 , 6
0 , 5.06 , 6.0 , 6 , 6
0 , 5.04 , 6.0 , 6 , 6
0 , 5.04 , 6.0 , 6 , 6
0 , 5.04 , 6.0 , 6 , 6
0 , 5.0 , 6.0 , 6 , 6
0 , 4.98 , 6.0 , 6 , 6
0 , 4.98 , 6.0 , 6 , 6
0 , 4.98 , 6.0 , 6 , 6
0 , 4.98 , 6.0 , 6 , 6
0 , 4.98 , 6.0 , 6 , 6
0 , 4.98 , 6.0 , 6 , 6
0 , 4.98 , 6.0 , 6 , 6
0 , 4.98 , 6.0 , 6 , 6
0 , 4.98 , 6.0 , 6 , 6
0 , 4.98 , 6.0 , 6 , 6
0 , 4.98 , 6.0 , 6 , 6
0 , 4.98 , 6.0 , 6 , 6
0 , 4.98 , 6.0 , 6 , 6
0 , 4.98 , 6.0 , 6 , 6
0 , 4.94 , 6.0 , 6 , 6
0 , 4.94 , 6.0 , 6 , 6
0 , 4.94 , 6.0 , 6 , 6
0 , 4.94 , 6.0 , 6 , 6
0 , 4.92 , 6.0 , 6 , 6
0 , 4.92 , 6.0 , 6 , 6
0 , 4.92 , 6.0 , 6 , 6
0 , 4.92 , 6.0 , 6 , 6
0 , 4.92 , 6.0 , 6 , 6
0 , 4.92 , 6.0 , 6 , 6
0 , 4.92 , 6.0 , 6 , 6
0 , 4.92 , 6.0 , 6 , 6
0 , 4.9 , 6.0 , 6 , 6
0 , 4.9 , 6.0 , 6 , 6
0 , 4.9 , 6.0 , 6 , 6
0 , 4.9 , 6.0 , 6 , 6
0 , 4.9 , 6.0 , 6 , 6
0 , 4.9 , 6.0 , 6 , 6
0 , 4.9 , 6.0 , 6 , 6
0 , 4.9 , 6.0 , 6 , 6
0 , 4.9 , 6.0 , 6 , 6
0 , 4.9 , 6.0 , 6 , 6
0 , 4.9 , 6.0 , 6 , 6
0 , 4.9 , 6.0 , 6 , 6
0 , 4.9 , 6.0 , 6 , 6
0 , 4.9 , 6.0 , 6 , 6
0 , 4.9 , 6.0 , 6 , 6
0 , 4.9 , 6.0 , 6 , 6
0 , 4.9 , 6.0 , 6 , 6
0 , 4.9 , 6.0 , 6 , 6
0 , 4.9 , 6.0 , 6 , 6
0 , 4.9 , 6.0 , 6 , 6
0 , 4.9 , 6.0 , 6 , 6
0 , 4.9 , 6.0 , 6 , 6
0 , 4.9 , 6.0 , 6 , 6
0 , 4.9 , 6.0 , 6 , 6
0 , 4.88 , 5.0 , 6 , 6
0 , 4.86 , 4.0 , 6 , 6
0 , 4.86 , 4.0 , 6 , 6
0 , 4.86 , 4.0 , 6 , 6
0 , 4.86 , 4.0 , 6 , 6
0 , 4.86 , 4.0 , 6 , 6
0 , 4.86 , 4.0 , 6 , 6
0 , 4.86 , 4.0 , 6 , 6
0 , 4.86 , 4.0 , 6 , 6
0 , 4.86 , 4.0 , 6 , 6
0 , 4.86 , 4.0 , 6 , 6
0 , 4.86 , 4.0 , 6 , 6
0 , 4.86 , 4.0 , 6 , 6
0 , 4.86 , 4.0 , 6 , 6
0 , 4.86 , 4.0 , 6 , 6
0 , 4.86 , 4.0 , 6 , 6
0 , 4.86 , 4.0 , 6 , 6
0 , 4.86 , 4.0 , 6 , 6
0 , 4.84 , 4.0 , 6 , 6
0 , 4.8 , 4.0 , 4 , 6
0 , 4.8 , 4.0 , 4 , 6
0 , 4.8 , 4.0 , 4 , 6
0 , 4.8 , 4.0 , 4 , 6
0 , 4.8 , 4.0 , 4 , 6
0 , 4.78 , 4.0 , 4 , 6
0 , 4.78 , 4.0 , 4 , 6
0 , 4.78 , 4.0 , 4 , 6
0 , 4.78 , 4.0 , 4 , 6
0 , 4.74 , 4.0 , 4 , 6
0 , 4.74 , 4.0 , 4 , 6
0 , 4.74 , 4.0 , 4 , 6
0 , 4.74 , 4.0 , 4 , 6
0 , 4.74 , 4.0 , 4 , 6
0 , 4.74 , 4.0 , 4 , 6
0 , 4.74 , 4.0 , 4 , 6
0 , 4.72 , 4.0 , 4 , 6
0 , 4.72 , 4.0 , 4 , 6
0 , 4.72 , 4.0 , 4 , 6
0 , 4.72 , 4.0 , 4 , 6
0 , 4.72 , 4.0 , 4 , 6
0 , 4.72 , 4.0 , 4 , 6
0 , 4.72 , 4.0 , 4 , 6
0 , 4.72 , 4.0 , 4 , 6
0 , 4.72 , 4.0 , 4 , 6
0 , 4.72 , 4.0 , 4 , 6
0 , 4.72 , 4.0 , 4 , 6
0 , 4.72 , 4.0 , 4 , 6
0 , 4.72 , 4.0 , 4 , 6
0 , 4.72 , 4.0 , 4 , 6
0 , 4.72 , 4.0 , 4 , 6
0 , 4.72 , 4.0 , 4 , 6
0 , 4.72 , 4.0 , 4 , 6
0 , 4.72 , 4.0 , 4 , 6
0 , 4.7 , 4.0 , 4 , 6
0 , 4.7 , 4.0 , 4 , 6
0 , 4.7 , 4.0 , 4 , 6
0 , 4.7 , 4.0 , 4 , 6
0 , 4.7 , 4.0 , 4 , 6
0 , 4.7 , 4.0 , 4 , 6
0 , 4.7 , 4.0 , 4 , 6
0 , 4.7 , 4.0 , 4 , 6
0 , 4.7 , 4.0 , 4 , 6
0 , 4.7 , 4.0 , 4 , 6
0 , 4.7 , 4.0 , 4 , 6
0 , 4.7 , 4.0 , 4 , 6
0 , 4.7 , 4.0 , 4 , 6
0 , 4.7 , 4.0 , 4 , 6
0 , 4.7 , 4.0 , 4 , 6
0 , 4.7 , 4.0 , 4 , 6
0 , 4.7 , 4.0 , 4 , 6
0 , 4.7 , 4.0 , 4 , 6
0 , 4.7 , 4.0 , 4 , 6
0 , 4.7 , 4.0 , 4 , 6
0 , 4.68 , 4.0 , 4 , 6
0 , 4.68 , 4.0 , 4 , 6
0 , 4.68 , 4.0 , 4 , 6
0 , 4.68 , 4.0 , 4 , 6
0 , 4.68 , 4.0 , 4 , 6
0 , 4.68 , 4.0 , 4 , 6
0 , 4.68 , 4.0 , 4 , 6
0 , 4.66 , 4.0 , 4 , 6
0 , 4.66 , 4.0 , 4 , 6
0 , 4.66 , 4.0 , 4 , 6
0 , 4.66 , 4.0 , 4 , 6
0 , 4.66 , 4.0 , 4 , 6
0 , 4.64 , 4.0 , 4 , 6
0 , 4.64 , 4.0 , 4 , 6
0 , 4.64 , 4.0 , 4 , 6
0 , 4.62 , 4.0 , 4 , 6
0 , 4.62 , 4.0 , 4 , 6
0 , 4.62 , 4.0 , 4 , 6
0 , 4.6 , 4.0 , 4 , 6
0 , 4.6 , 4.0 , 4 , 6
0 , 4.6 , 4.0 , 4 , 6
0 , 4.6 , 4.0 , 4 , 6
0 , 4.6 , 4.0 , 4 , 6
0 , 4.6 , 4.0 , 4 , 6
0 , 4.6 , 4.0 , 4 , 6
0 , 4.6 , 4.0 , 4 , 6
0 , 4.6 , 4.0 , 4 , 6
0 , 4.6 , 4.0 , 4 , 6
0 , 4.6 , 4.0 , 4 , 6
0 , 4.6 , 4.0 , 4 , 6
0 , 4.6 , 4.0 , 4 , 6
0 , 4.6 , 4.0 , 4 , 6
0 , 4.6 , 4.0 , 4 , 6
0 , 4.6 , 4.0 , 4 , 6
0 , 4.6 , 4.0 , 4 , 6
0 , 4.6 , 4.0 , 4 , 6
0 , 4.6 , 4.0 , 4 , 6
0 , 4.6 , 4.0 , 4 , 6
0 , 4.6 , 4.0 , 4 , 6
0 , 4.6 , 4.0 , 4 , 6
0 , 4.56 , 4.0 , 4 , 6
0 , 4.56 , 4.0 , 4 , 6
0 , 4.54 , 4.0 , 4 , 6
0 , 4.54 , 4.0 , 4 , 6
0 , 4.54 , 4.0 , 4 , 6
0 , 4.54 , 4.0 , 4 , 6
0 , 4.54 , 4.0 , 4 , 6
0 , 4.54 , 4.0 , 4 , 6
0 , 4.54 , 4.0 , 4 , 6
0 , 4.54 , 4.0 , 4 , 6
0 , 4.54 , 4.0 , 4 , 6
0 , 4.54 , 4.0 , 4 , 6
0 , 4.54 , 4.0 , 4 , 6
0 , 4.54 , 4.0 , 4 , 6
0 , 4.54 , 4.0 , 4 , 6
0 , 4.54 , 4.0 , 4 , 6
0 , 4.54 , 4.0 , 4 , 6
0 , 4.54 , 4.0 , 4 , 6
0 , 4.54 , 4.0 , 4 , 6
0 , 4.52 , 4.0 , 4 , 6
0 , 4.52 , 4.0 , 4 , 6
0 , 4.52 , 4.0 , 4 , 6
0 , 4.52 , 4.0 , 4 , 6
0 , 4.52 , 4.0 , 4 , 6
0 , 4.52 , 4.0 , 4 , 6
0 , 4.52 , 4.0 , 4 , 6
0 , 4.52 , 4.0 , 4 , 6
0 , 4.52 , 4.0 , 4 , 6
0 , 4.52 , 4.0 , 4 , 6
0 , 4.5 , 4.0 , 4 , 6
0 , 4.5 , 4.0 , 4 , 6
0 , 4.5 , 4.0 , 4 , 6
0 , 4.5 , 4.0 , 4 , 6
0 , 4.5 , 4.0 , 4 , 6
0 , 4.5 , 4.0 , 4 , 6
0 , 4.5 , 4.0 , 4 , 6
0 , 4.5 , 4.0 , 4 , 6
0 , 4.5 , 4.0 , 4 , 6
0 , 4.5 , 4.0 , 4 , 6
0 , 4.5 , 4.0 , 4 , 6
0 , 4.5 , 4.0 , 4 , 6
0 , 4.5 , 4.0 , 4 , 6
0 , 4.5 , 4.0 , 4 , 6
0 , 4.48 , 4.0 , 4 , 6
0 , 4.48 , 4.0 , 4 , 6
0 , 4.48 , 4.0 , 4 , 6
0 , 4.48 , 4.0 , 4 , 6
0 , 4.48 , 4.0 , 4 , 6
0 , 4.48 , 4.0 , 4 , 6
0 , 4.48 , 4.0 , 4 , 6
0 , 4.48 , 4.0 , 4 , 6
0 , 4.46 , 4.0 , 4 , 6
0 , 4.46 , 4.0 , 4 , 6
0 , 4.46 , 4.0 , 4 , 6
0 , 4.46 , 4.0 , 4 , 6
0 , 4.46 , 4.0 , 4 , 6
0 , 4.46 , 4.0 , 4 , 6
0 , 4.46 , 4.0 , 4 , 6
0 , 4.46 , 4.0 , 4 , 6
0 , 4.46 , 4.0 , 4 , 6
0 , 4.46 , 4.0 , 4 , 6
0 , 4.46 , 4.0 , 4 , 6
0 , 4.46 , 4.0 , 4 , 6
0 , 4.46 , 4.0 , 4 , 6
0 , 4.46 , 4.0 , 4 , 6
0 , 4.46 , 4.0 , 4 , 6
0 , 4.46 , 4.0 , 4 , 6
0 , 4.46 , 4.0 , 4 , 6
0 , 4.46 , 4.0 , 4 , 6
0 , 4.44 , 4.0 , 4 , 6
0 , 4.44 , 4.0 , 4 , 6
0 , 4.42 , 4.0 , 4 , 6
0 , 4.42 , 4.0 , 4 , 6
0 , 4.42 , 4.0 , 4 , 6
0 , 4.42 , 4.0 , 4 , 6
0 , 4.4 , 4.0 , 4 , 6
0 , 4.4 , 4.0 , 4 , 6
0 , 4.4 , 4.0 , 4 , 6
0 , 4.4 , 4.0 , 4 , 6
0 , 4.4 , 4.0 , 4 , 6
0 , 4.4 , 4.0 , 4 , 6
0 , 4.4 , 4.0 , 4 , 6
0 , 4.4 , 4.0 , 4 , 6
0 , 4.4 , 4.0 , 4 , 6
0 , 4.36 , 4.0 , 4 , 6
0 , 4.36 , 4.0 , 4 , 6
0 , 4.36 , 4.0 , 4 , 6
0 , 4.36 , 4.0 , 4 , 6
0 , 4.36 , 4.0 , 4 , 6
0 , 4.36 , 4.0 , 4 , 6
0 , 4.36 , 4.0 , 4 , 6
0 , 4.36 , 4.0 , 4 , 6
0 , 4.36 , 4.0 , 4 , 6
0 , 4.36 , 4.0 , 4 , 6
0 , 4.34 , 4.0 , 4 , 6
0 , 4.34 , 4.0 , 4 , 6
0 , 4.34 , 4.0 , 4 , 6
0 , 4.34 , 4.0 , 4 , 6
0 , 4.34 , 4.0 , 4 , 6
0 , 4.34 , 4.0 , 4 , 6
0 , 4.34 , 4.0 , 4 , 6
0 , 4.34 , 4.0 , 4 , 6
0 , 4.34 , 4.0 , 4 , 6
0 , 4.34 , 4.0 , 4 , 6
0 , 4.34 , 4.0 , 4 , 6
0 , 4.34 , 4.0 , 4 , 6
0 , 4.3 , 4.0 , 4 , 6
0 , 4.3 , 4.0 , 4 , 6
0 , 4.28 , 4.0 , 4 , 6
0 , 4.28 , 4.0 , 4 , 6
0 , 4.28 , 4.0 , 4 , 6
0 , 4.26 , 4.0 , 4 , 6
0 , 4.26 , 4.0 , 4 , 6
0 , 4.26 , 4.0 , 4 , 6
0 , 4.26 , 4.0 , 4 , 6
0 , 4.26 , 4.0 , 4 , 6
0 , 4.26 , 4.0 , 4 , 6
0 , 4.26 , 4.0 , 4 , 6
0 , 4.26 , 4.0 , 4 , 6
0 , 4.26 , 4.0 , 4 , 6
0 , 4.26 , 4.0 , 4 , 6
0 , 4.24 , 4.0 , 4 , 6
0 , 4.24 , 4.0 , 4 , 6
0 , 4.24 , 4.0 , 4 , 6
0 , 4.24 , 4.0 , 4 , 6
0 , 4.24 , 4.0 , 4 , 6
0 , 4.24 , 4.0 , 4 , 6
0 , 4.22 , 4.0 , 4 , 6
0 , 4.22 , 4.0 , 4 , 6
0 , 4.22 , 4.0 , 4 , 6
0 , 4.22 , 4.0 , 4 , 6
0 , 4.22 , 4.0 , 4 , 6
0 , 4.22 , 4.0 , 4 , 6
0 , 4.22 , 4.0 , 4 , 6
0 , 4.22 , 4.0 , 4 , 6
0 , 4.22 , 4.0 , 4 , 6
0 , 4.22 , 4.0 , 4 , 6
0 , 4.22 , 4.0 , 4 , 6
0 , 4.18 , 4.0 , 4 , 6
0 , 4.18 , 4.0 , 4 , 6
0 , 4.18 , 4.0 , 4 , 6
0 , 4.18 , 4.0 , 4 , 6
0 , 4.18 , 4.0 , 4 , 6
0 , 4.18 , 4.0 , 4 , 6
0 , 4.18 , 4.0 , 4 , 6
0 , 4.18 , 4.0 , 4 , 6
0 , 4.18 , 4.0 , 4 , 6
0 , 4.16 , 4.0 , 4 , 6
0 , 4.16 , 4.0 , 4 , 6
0 , 4.16 , 4.0 , 4 , 6
0 , 4.16 , 4.0 , 4 , 6
0 , 4.14 , 4.0 , 4 , 6
0 , 4.14 , 4.0 , 4 , 6
0 , 4.14 , 4.0 , 4 , 6
0 , 4.14 , 4.0 , 4 , 6
0 , 4.14 , 4.0 , 4 , 6
0 , 4.12 , 4.0 , 4 , 6
0 , 4.12 , 4.0 , 4 , 6
0 , 4.12 , 4.0 , 4 , 6
0 , 4.12 , 4.0 , 4 , 6
0 , 4.12 , 4.0 , 4 , 6
0 , 4.12 , 4.0 , 4 , 6
0 , 4.12 , 4.0 , 4 , 6
0 , 4.12 , 4.0 , 4 , 6
0 , 4.12 , 4.0 , 4 , 6
0 , 4.12 , 4.0 , 4 , 6
0 , 4.12 , 4.0 , 4 , 6
0 , 4.12 , 4.0 , 4 , 6
0 , 4.12 , 4.0 , 4 , 6
0 , 4.1 , 4.0 , 4 , 6
0 , 4.1 , 4.0 , 4 , 6
0 , 4.1 , 4.0 , 4 , 6
0 , 4.1 , 4.0 , 4 , 6
0 , 4.1 , 4.0 , 4 , 6
0 , 4.1 , 4.0 , 4 , 6
0 , 4.08 , 4.0 , 4 , 6
0 , 4.08 , 4.0 , 4 , 6
0 , 4.08 , 4.0 , 4 , 6
0 , 4.08 , 4.0 , 4 , 6
0 , 4.08 , 4.0 , 4 , 6
0 , 4.08 , 4.0 , 4 , 6
0 , 4.08 , 4.0 , 4 , 6
0 , 4.08 , 4.0 , 4 , 6
0 , 4.08 , 4.0 , 4 , 6
0 , 4.08 , 4.0 , 4 , 6
0 , 4.08 , 4.0 , 4 , 6
0 , 4.06 , 4.0 , 4 , 6
0 , 4.06 , 4.0 , 4 , 6
0 , 4.04 , 4.0 , 4 , 6
0 , 4.04 , 4.0 , 4 , 6
0 , 4.04 , 4.0 , 4 , 6
1  Perfect solutions
perfect solution individuals [[4, 7, 3, 0, 6, 1, 5, 2]]
