6 , 15.08 , 14.0 , 12 , 24
6 , 15.0 , 14.0 , 12 , 24
6 , 14.78 , 14.0 , 12 , 22
6 , 14.66 , 14.0 , 12 , 22
6 , 14.46 , 14.0 , 12 , 20
6 , 14.34 , 14.0 , 12 , 20
6 , 14.1 , 14.0 , 12 , 20
6 , 14.0 , 14.0 , 12 , 20
6 , 13.88 , 14.0 , 12 , 20
6 , 13.76 , 14.0 , 14 , 20
6 , 13.62 , 14.0 , 14 , 20
6 , 13.48 , 14.0 , 14 , 18
6 , 13.44 , 14.0 , 14 , 18
6 , 13.42 , 14.0 , 14 , 18
6 , 13.34 , 14.0 , 14 , 18
6 , 13.2 , 14.0 , 14 , 18
6 , 13.12 , 14.0 , 14 , 18
6 , 13.04 , 14.0 , 14 , 18
6 , 12.98 , 14.0 , 14 , 18
6 , 12.84 , 14.0 , 14 , 18
6 , 12.8 , 14.0 , 14 , 18
6 , 12.7 , 13.0 , 14 , 16
6 , 12.58 , 12.0 , 14 , 16
6 , 12.48 , 12.0 , 14 , 16
6 , 12.46 , 12.0 , 14 , 16
4 , 12.34 , 12.0 , 14 , 16
4 , 12.26 , 12.0 , 14 , 16
4 , 12.2 , 12.0 , 14 , 16
4 , 12.12 , 12.0 , 14 , 16
4 , 12.1 , 12.0 , 14 , 16
4 , 12.1 , 12.0 , 14 , 16
4 , 12.04 , 12.0 , 14 , 16
4 , 11.96 , 12.0 , 14 , 16
4 , 11.9 , 12.0 , 14 , 16
4 , 11.8 , 12.0 , 14 , 16
4 , 11.76 , 12.0 , 14 , 16
4 , 11.76 , 12.0 , 14 , 16
4 , 11.74 , 12.0 , 14 , 14
4 , 11.7 , 12.0 , 14 , 14
4 , 11.7 , 12.0 , 14 , 14
4 , 11.68 , 12.0 , 14 , 14
4 , 11.68 , 12.0 , 14 , 14
4 , 11.6 , 12.0 , 14 , 14
4 , 11.6 , 12.0 , 14 , 14
4 , 11.6 , 12.0 , 14 , 14
4 , 11.56 , 12.0 , 12 , 14
4 , 11.56 , 12.0 , 12 , 14
4 , 11.54 , 12.0 , 12 , 14
4 , 11.48 , 12.0 , 12 , 14
4 , 11.42 , 12.0 , 12 , 14
4 , 11.42 , 12.0 , 12 , 14
4 , 11.4 , 12.0 , 12 , 14
4 , 11.4 , 12.0 , 12 , 14
4 , 11.4 , 12.0 , 12 , 14
4 , 11.36 , 12.0 , 12 , 14
4 , 11.32 , 12.0 , 12 , 14
4 , 11.32 , 12.0 , 12 , 14
4 , 11.32 , 12.0 , 12 , 14
4 , 11.32 , 12.0 , 12 , 14
4 , 11.3 , 12.0 , 12 , 14
4 , 11.24 , 12.0 , 12 , 14
4 , 11.24 , 12.0 , 12 , 14
4 , 11.12 , 12.0 , 12 , 14
4 , 11.04 , 12.0 , 12 , 14
4 , 11.0 , 12.0 , 12 , 14
4 , 11.0 , 12.0 , 12 , 14
4 , 10.98 , 12.0 , 12 , 14
4 , 10.94 , 12.0 , 12 , 14
4 , 10.92 , 12.0 , 12 , 14
4 , 10.92 , 12.0 , 12 , 14
4 , 10.92 , 12.0 , 12 , 14
4 , 10.86 , 12.0 , 12 , 14
4 , 10.8 , 11.0 , 12 , 14
4 , 10.7 , 10.0 , 12 , 14
4 , 10.66 , 10.0 , 12 , 14
4 , 10.66 , 10.0 , 12 , 14
4 , 10.62 , 10.0 , 12 , 14
4 , 10.58 , 10.0 , 12 , 14
4 , 10.58 , 10.0 , 12 , 14
4 , 10.54 , 10.0 , 10 , 14
4 , 10.46 , 10.0 , 12 , 14
4 , 10.4 , 10.0 , 10 , 12
4 , 10.38 , 10.0 , 10 , 12
4 , 10.3 , 10.0 , 10 , 12
4 , 10.3 , 10.0 , 10 , 12
4 , 10.28 , 10.0 , 10 , 12
4 , 10.24 , 10.0 , 10 , 12
4 , 10.24 , 10.0 , 10 , 12
4 , 10.24 , 10.0 , 10 , 12
4 , 10.22 , 10.0 , 10 , 12
4 , 10.2 , 10.0 , 10 , 12
4 , 10.12 , 10.0 , 10 , 12
4 , 10.08 , 10.0 , 10 , 12
4 , 10.06 , 10.0 , 10 , 12
4 , 10.06 , 10.0 , 10 , 12
4 , 10.06 , 10.0 , 10 , 12
4 , 10.02 , 10.0 , 10 , 12
4 , 10.0 , 10.0 , 10 , 12
4 , 10.0 , 10.0 , 10 , 12
4 , 10.0 , 10.0 , 10 , 12
4 , 10.0 , 10.0 , 10 , 12
4 , 10.0 , 10.0 , 10 , 12
4 , 9.98 , 10.0 , 10 , 12
4 , 9.96 , 10.0 , 10 , 12
4 , 9.94 , 10.0 , 10 , 12
4 , 9.88 , 10.0 , 10 , 12
4 , 9.82 , 10.0 , 10 , 12
4 , 9.82 , 10.0 , 10 , 12
4 , 9.78 , 10.0 , 10 , 12
4 , 9.78 , 10.0 , 10 , 12
4 , 9.78 , 10.0 , 10 , 12
4 , 9.72 , 10.0 , 10 , 12
4 , 9.68 , 10.0 , 10 , 12
4 , 9.66 , 10.0 , 10 , 12
4 , 9.64 , 10.0 , 10 , 12
4 , 9.64 , 10.0 , 10 , 12
4 , 9.64 , 10.0 , 10 , 12
4 , 9.64 , 10.0 , 10 , 12
4 , 9.62 , 10.0 , 10 , 12
4 , 9.62 , 10.0 , 10 , 12
4 , 9.62 , 10.0 , 10 , 12
4 , 9.54 , 10.0 , 10 , 12
4 , 9.5 , 10.0 , 10 , 12
4 , 9.5 , 10.0 , 10 , 12
4 , 9.44 , 10.0 , 10 , 12
4 , 9.42 , 10.0 , 10 , 12
4 , 9.32 , 10.0 , 10 , 12
4 , 9.32 , 10.0 , 10 , 12
4 , 9.28 , 10.0 , 10 , 12
4 , 9.26 , 10.0 , 10 , 12
4 , 9.26 , 10.0 , 10 , 12
4 , 9.22 , 10.0 , 10 , 12
4 , 9.22 , 10.0 , 10 , 12
4 , 9.18 , 10.0 , 10 , 12
4 , 9.18 , 10.0 , 10 , 12
4 , 9.18 , 10.0 , 10 , 12
4 , 9.12 , 10.0 , 10 , 12
4 , 9.12 , 10.0 , 10 , 12
4 , 9.08 , 10.0 , 10 , 10
4 , 9.08 , 10.0 , 10 , 10
4 , 9.08 , 10.0 , 10 , 10
4 , 9.08 , 10.0 , 10 , 10
4 , 9.06 , 10.0 , 10 , 10
4 , 9.06 , 10.0 , 10 , 10
4 , 9.06 , 10.0 , 10 , 10
4 , 9.04 , 10.0 , 10 , 10
4 , 9.04 , 10.0 , 10 , 10
4 , 9.04 , 10.0 , 10 , 10
4 , 9.04 , 10.0 , 10 , 10
4 , 9.0 , 10.0 , 10 , 10
4 , 9.0 , 10.0 , 10 , 10
4 , 8.94 , 10.0 , 10 , 10
4 , 8.94 , 10.0 , 10 , 10
4 , 8.9 , 10.0 , 10 , 10
4 , 8.9 , 10.0 , 10 , 10
4 , 8.9 , 10.0 , 10 , 10
4 , 8.88 , 10.0 , 10 , 10
4 , 8.86 , 10.0 , 10 , 10
4 , 8.78 , 10.0 , 10 , 10
4 , 8.74 , 10.0 , 10 , 10
4 , 8.74 , 10.0 , 10 , 10
4 , 8.74 , 10.0 , 10 , 10
4 , 8.72 , 10.0 , 10 , 10
4 , 8.7 , 10.0 , 10 , 10
4 , 8.7 , 10.0 , 10 , 10
4 , 8.7 , 10.0 , 10 , 10
4 , 8.7 , 10.0 , 10 , 10
4 , 8.7 , 10.0 , 10 , 10
4 , 8.7 , 10.0 , 10 , 10
4 , 8.7 , 10.0 , 10 , 10
4 , 8.7 , 10.0 , 10 , 10
4 , 8.66 , 10.0 , 10 , 10
4 , 8.66 , 10.0 , 10 , 10
4 , 8.64 , 10.0 , 10 , 10
4 , 8.64 , 10.0 , 10 , 10
4 , 8.62 , 10.0 , 10 , 10
4 , 8.6 , 10.0 , 10 , 10
4 , 8.6 , 10.0 , 10 , 10
4 , 8.58 , 10.0 , 10 , 10
4 , 8.58 , 10.0 , 10 , 10
4 , 8.58 , 10.0 , 10 , 10
4 , 8.52 , 10.0 , 10 , 10
4 , 8.52 , 10.0 , 10 , 10
4 , 8.52 , 10.0 , 10 , 10
4 , 8.52 , 10.0 , 10 , 10
4 , 8.5 , 10.0 , 10 , 10
4 , 8.46 , 9.0 , 10 , 10
4 , 8.44 , 8.0 , 10 , 10
4 , 8.4 , 8.0 , 10 , 10
4 , 8.36 , 8.0 , 10 , 10
4 , 8.34 , 8.0 , 10 , 10
4 , 8.32 , 8.0 , 10 , 10
4 , 8.28 , 8.0 , 10 , 10
4 , 8.26 , 8.0 , 10 , 10
4 , 8.18 , 8.0 , 10 , 10
4 , 8.08 , 8.0 , 10 , 10
4 , 8.08 , 8.0 , 10 , 10
4 , 8.08 , 8.0 , 10 , 10
4 , 8.08 , 8.0 , 10 , 10
4 , 8.08 , 8.0 , 10 , 10
4 , 8.08 , 8.0 , 10 , 10
4 , 8.08 , 8.0 , 10 , 10
4 , 8.06 , 8.0 , 10 , 10
4 , 8.04 , 8.0 , 10 , 10
4 , 8.0 , 8.0 , 10 , 10
4 , 8.0 , 8.0 , 10 , 10
4 , 7.94 , 8.0 , 8 , 10
4 , 7.88 , 8.0 , 8 , 10
4 , 7.82 , 8.0 , 8 , 10
4 , 7.76 , 8.0 , 8 , 10
4 , 7.76 , 8.0 , 8 , 10
4 , 7.76 , 8.0 , 8 , 10
4 , 7.76 , 8.0 , 8 , 10
4 , 7.76 , 8.0 , 8 , 10
4 , 7.76 , 8.0 , 8 , 10
4 , 7.76 , 8.0 , 8 , 10
4 , 7.76 , 8.0 , 8 , 10
4 , 7.76 , 8.0 , 8 , 10
4 , 7.74 , 8.0 , 8 , 10
4 , 7.74 , 8.0 , 8 , 10
4 , 7.74 , 8.0 , 8 , 10
4 , 7.74 , 8.0 , 8 , 10
4 , 7.68 , 8.0 , 8 , 10
4 , 7.64 , 8.0 , 8 , 10
4 , 7.58 , 8.0 , 8 , 10
4 , 7.58 , 8.0 , 8 , 10
4 , 7.58 , 8.0 , 8 , 10
4 , 7.58 , 8.0 , 8 , 10
4 , 7.54 , 8.0 , 8 , 10
4 , 7.52 , 8.0 , 8 , 10
4 , 7.52 , 8.0 , 8 , 10
4 , 7.5 , 8.0 , 8 , 10
4 , 7.5 , 8.0 , 8 , 10
4 , 7.46 , 8.0 , 8 , 10
4 , 7.46 , 8.0 , 8 , 10
4 , 7.46 , 8.0 , 8 , 10
4 , 7.44 , 8.0 , 8 , 10
4 , 7.44 , 8.0 , 8 , 10
4 , 7.4 , 8.0 , 8 , 10
4 , 7.38 , 8.0 , 8 , 10
4 , 7.38 , 8.0 , 8 , 10
4 , 7.38 , 8.0 , 8 , 10
4 , 7.34 , 8.0 , 8 , 10
4 , 7.34 , 8.0 , 8 , 10
4 , 7.3 , 8.0 , 8 , 10
4 , 7.26 , 8.0 , 8 , 10
4 , 7.24 , 8.0 , 8 , 10
4 , 7.22 , 8.0 , 8 , 10
4 , 7.2 , 8.0 , 8 , 10
4 , 7.2 , 8.0 , 8 , 10
4 , 7.16 , 8.0 , 8 , 10
4 , 7.1 , 8.0 , 8 , 10
4 , 7.06 , 8.0 , 8 , 10
4 , 7.06 , 8.0 , 8 , 10
4 , 7.06 , 8.0 , 8 , 10
4 , 7.06 , 8.0 , 8 , 10
4 , 7.04 , 8.0 , 8 , 10
4 , 7.04 , 8.0 , 8 , 10
4 , 7.04 , 8.0 , 8 , 10
4 , 7.04 , 8.0 , 8 , 10
4 , 7.02 , 8.0 , 8 , 10
4 , 7.0 , 8.0 , 8 , 10
4 , 7.0 , 8.0 , 8 , 10
4 , 7.0 , 8.0 , 8 , 10
4 , 7.0 , 8.0 , 8 , 10
4 , 7.0 , 8.0 , 8 , 10
4 , 6.96 , 8.0 , 8 , 10
4 , 6.94 , 8.0 , 8 , 10
4 , 6.94 , 8.0 , 8 , 10
4 , 6.94 , 8.0 , 8 , 10
4 , 6.94 , 8.0 , 8 , 10
4 , 6.92 , 8.0 , 8 , 8
4 , 6.9 , 8.0 , 8 , 8
4 , 6.88 , 8.0 , 8 , 8
4 , 6.88 , 8.0 , 8 , 8
4 , 6.86 , 8.0 , 8 , 8
2 , 6.8 , 8.0 , 8 , 8
2 , 6.8 , 8.0 , 8 , 8
2 , 6.8 , 8.0 , 8 , 8
2 , 6.8 , 8.0 , 8 , 8
2 , 6.8 , 8.0 , 8 , 8
2 , 6.8 , 8.0 , 8 , 8
2 , 6.78 , 8.0 , 8 , 8
2 , 6.78 , 8.0 , 8 , 8
2 , 6.78 , 8.0 , 8 , 8
2 , 6.76 , 8.0 , 8 , 8
2 , 6.76 , 8.0 , 8 , 8
2 , 6.76 , 8.0 , 8 , 8
2 , 6.74 , 7.0 , 8 , 8
2 , 6.74 , 7.0 , 8 , 8
2 , 6.7 , 6.0 , 8 , 8
2 , 6.7 , 6.0 , 8 , 8
2 , 6.68 , 6.0 , 8 , 8
2 , 6.68 , 6.0 , 8 , 8
2 , 6.68 , 6.0 , 8 , 8
2 , 6.68 , 6.0 , 8 , 8
2 , 6.68 , 6.0 , 8 , 8
2 , 6.68 , 6.0 , 8 , 8
2 , 6.68 , 6.0 , 8 , 8
2 , 6.66 , 6.0 , 8 , 8
2 , 6.64 , 6.0 , 8 , 8
2 , 6.64 , 6.0 , 8 , 8
2 , 6.64 , 6.0 , 8 , 8
2 , 6.64 , 6.0 , 8 , 8
2 , 6.64 , 6.0 , 8 , 8
2 , 6.64 , 6.0 , 8 , 8
2 , 6.62 , 6.0 , 8 , 8
2 , 6.6 , 6.0 , 8 , 8
2 , 6.6 , 6.0 , 8 , 8
2 , 6.6 , 6.0 , 8 , 8
2 , 6.6 , 6.0 , 8 , 8
2 , 6.6 , 6.0 , 8 , 8
2 , 6.56 , 6.0 , 6 , 8
2 , 6.56 , 6.0 , 6 , 8
2 , 6.56 , 6.0 , 6 , 8
2 , 6.54 , 6.0 , 6 , 8
2 , 6.54 , 6.0 , 6 , 8
2 , 6.54 , 6.0 , 6 , 8
2 , 6.54 , 6.0 , 6 , 8
2 , 6.54 , 6.0 , 6 , 8
2 , 6.54 , 6.0 , 6 , 8
2 , 6.52 , 6.0 , 6 , 8
2 , 6.5 , 6.0 , 6 , 8
2 , 6.5 , 6.0 , 6 , 8
2 , 6.5 , 6.0 , 6 , 8
2 , 6.5 , 6.0 , 6 , 8
2 , 6.5 , 6.0 , 6 , 8
2 , 6.5 , 6.0 , 6 , 8
2 , 6.5 , 6.0 , 6 , 8
2 , 6.5 , 6.0 , 6 , 8
2 , 6.48 , 6.0 , 6 , 8
2 , 6.48 , 6.0 , 6 , 8
2 , 6.48 , 6.0 , 6 , 8
2 , 6.46 , 6.0 , 6 , 8
2 , 6.46 , 6.0 , 6 , 8
2 , 6.46 , 6.0 , 6 , 8
2 , 6.46 , 6.0 , 6 , 8
2 , 6.42 , 6.0 , 6 , 8
2 , 6.36 , 6.0 , 6 , 8
2 , 6.36 , 6.0 , 6 , 8
2 , 6.36 , 6.0 , 6 , 8
2 , 6.36 , 6.0 , 6 , 8
2 , 6.3 , 6.0 , 6 , 8
2 , 6.3 , 6.0 , 6 , 8
2 , 6.26 , 6.0 , 6 , 8
2 , 6.26 , 6.0 , 6 , 8
2 , 6.26 , 6.0 , 6 , 8
2 , 6.24 , 6.0 , 6 , 8
2 , 6.22 , 6.0 , 6 , 8
2 , 6.22 , 6.0 , 6 , 8
2 , 6.22 , 6.0 , 6 , 8
2 , 6.18 , 6.0 , 6 , 8
2 , 6.16 , 6.0 , 6 , 8
2 , 6.12 , 6.0 , 6 , 8
2 , 6.08 , 6.0 , 6 , 8
2 , 6.08 , 6.0 , 6 , 8
2 , 6.08 , 6.0 , 6 , 8
2 , 6.08 , 6.0 , 6 , 8
2 , 6.08 , 6.0 , 6 , 8
2 , 6.08 , 6.0 , 6 , 8
2 , 6.08 , 6.0 , 6 , 8
2 , 6.08 , 6.0 , 6 , 8
2 , 6.06 , 6.0 , 6 , 8
2 , 6.06 , 6.0 , 6 , 8
2 , 6.06 , 6.0 , 6 , 8
2 , 6.06 , 6.0 , 6 , 8
2 , 6.04 , 6.0 , 6 , 8
2 , 6.04 , 6.0 , 6 , 8
2 , 6.02 , 6.0 , 6 , 8
2 , 6.02 , 6.0 , 6 , 8
2 , 5.96 , 6.0 , 6 , 8
2 , 5.92 , 6.0 , 6 , 8
2 , 5.9 , 6.0 , 6 , 8
2 , 5.9 , 6.0 , 6 , 8
2 , 5.9 , 6.0 , 6 , 8
2 , 5.86 , 6.0 , 6 , 8
2 , 5.86 , 6.0 , 6 , 8
2 , 5.86 , 6.0 , 6 , 8
2 , 5.84 , 6.0 , 6 , 8
2 , 5.84 , 6.0 , 6 , 8
2 , 5.84 , 6.0 , 6 , 8
2 , 5.82 , 6.0 , 6 , 8
2 , 5.8 , 6.0 , 6 , 8
2 , 5.8 , 6.0 , 6 , 8
2 , 5.78 , 6.0 , 6 , 8
2 , 5.78 , 6.0 , 6 , 8
2 , 5.78 , 6.0 , 6 , 8
2 , 5.78 , 6.0 , 6 , 8
2 , 5.74 , 6.0 , 6 , 8
2 , 5.74 , 6.0 , 6 , 8
2 , 5.74 , 6.0 , 6 , 8
2 , 5.72 , 6.0 , 6 , 8
2 , 5.72 , 6.0 , 6 , 8
2 , 5.72 , 6.0 , 6 , 8
2 , 5.66 , 6.0 , 6 , 8
2 , 5.66 , 6.0 , 6 , 8
2 , 5.66 , 6.0 , 6 , 8
2 , 5.64 , 6.0 , 6 , 8
2 , 5.64 , 6.0 , 6 , 8
2 , 5.6 , 6.0 , 6 , 8
2 , 5.6 , 6.0 , 6 , 8
2 , 5.6 , 6.0 , 6 , 8
2 , 5.6 , 6.0 , 6 , 8
2 , 5.6 , 6.0 , 6 , 8
2 , 5.6 , 6.0 , 6 , 8
2 , 5.6 , 6.0 , 6 , 8
2 , 5.6 , 6.0 , 6 , 8
2 , 5.58 , 6.0 , 6 , 8
2 , 5.58 , 6.0 , 6 , 8
2 , 5.58 , 6.0 , 6 , 8
2 , 5.54 , 6.0 , 6 , 8
2 , 5.54 , 6.0 , 6 , 8
2 , 5.54 , 6.0 , 6 , 8
2 , 5.52 , 6.0 , 6 , 8
2 , 5.52 , 6.0 , 6 , 8
2 , 5.52 , 6.0 , 6 , 8
2 , 5.52 , 6.0 , 6 , 8
2 , 5.5 , 6.0 , 6 , 8
2 , 5.5 , 6.0 , 6 , 8
2 , 5.5 , 6.0 , 6 , 8
2 , 5.5 , 6.0 , 6 , 8
2 , 5.5 , 6.0 , 6 , 8
2 , 5.5 , 6.0 , 6 , 8
2 , 5.5 , 6.0 , 6 , 8
2 , 5.48 , 6.0 , 6 , 8
2 , 5.48 , 6.0 , 6 , 8
2 , 5.46 , 6.0 , 6 , 8
2 , 5.44 , 6.0 , 6 , 6
2 , 5.44 , 6.0 , 6 , 6
2 , 5.44 , 6.0 , 6 , 6
2 , 5.44 , 6.0 , 6 , 6
2 , 5.44 , 6.0 , 6 , 6
2 , 5.44 , 6.0 , 6 , 6
2 , 5.44 , 6.0 , 6 , 6
2 , 5.44 , 6.0 , 6 , 6
2 , 5.44 , 6.0 , 6 , 6
2 , 5.44 , 6.0 , 6 , 6
2 , 5.44 , 6.0 , 6 , 6
2 , 5.44 , 6.0 , 6 , 6
2 , 5.44 , 6.0 , 6 , 6
2 , 5.44 , 6.0 , 6 , 6
2 , 5.44 , 6.0 , 6 , 6
2 , 5.44 , 6.0 , 6 , 6
2 , 5.44 , 6.0 , 6 , 6
2 , 5.44 , 6.0 , 6 , 6
2 , 5.44 , 6.0 , 6 , 6
2 , 5.44 , 6.0 , 6 , 6
2 , 5.44 , 6.0 , 6 , 6
2 , 5.44 , 6.0 , 6 , 6
2 , 5.44 , 6.0 , 6 , 6
2 , 5.44 , 6.0 , 6 , 6
2 , 5.44 , 6.0 , 6 , 6
2 , 5.44 , 6.0 , 6 , 6
2 , 5.44 , 6.0 , 6 , 6
2 , 5.44 , 6.0 , 6 , 6
2 , 5.44 , 6.0 , 6 , 6
2 , 5.44 , 6.0 , 6 , 6
2 , 5.44 , 6.0 , 6 , 6
2 , 5.44 , 6.0 , 6 , 6
2 , 5.44 , 6.0 , 6 , 6
2 , 5.44 , 6.0 , 6 , 6
2 , 5.42 , 6.0 , 6 , 6
2 , 5.42 , 6.0 , 6 , 6
2 , 5.42 , 6.0 , 6 , 6
2 , 5.42 , 6.0 , 6 , 6
2 , 5.42 , 6.0 , 6 , 6
2 , 5.42 , 6.0 , 6 , 6
2 , 5.42 , 6.0 , 6 , 6
2 , 5.42 , 6.0 , 6 , 6
2 , 5.42 , 6.0 , 6 , 6
2 , 5.42 , 6.0 , 6 , 6
2 , 5.42 , 6.0 , 6 , 6
2 , 5.42 , 6.0 , 6 , 6
2 , 5.42 , 6.0 , 6 , 6
2 , 5.42 , 6.0 , 6 , 6
2 , 5.42 , 6.0 , 6 , 6
2 , 5.42 , 6.0 , 6 , 6
2 , 5.42 , 6.0 , 6 , 6
2 , 5.42 , 6.0 , 6 , 6
2 , 5.42 , 6.0 , 6 , 6
2 , 5.42 , 6.0 , 6 , 6
2 , 5.42 , 6.0 , 6 , 6
2 , 5.4 , 6.0 , 6 , 6
2 , 5.4 , 6.0 , 6 , 6
2 , 5.4 , 6.0 , 6 , 6
2 , 5.4 , 6.0 , 6 , 6
2 , 5.4 , 6.0 , 6 , 6
2 , 5.4 , 6.0 , 6 , 6
2 , 5.4 , 6.0 , 6 , 6
2 , 5.4 , 6.0 , 6 , 6
2 , 5.4 , 6.0 , 6 , 6
2 , 5.4 , 6.0 , 6 , 6
2 , 5.4 , 6.0 , 6 , 6
2 , 5.4 , 6.0 , 6 , 6
2 , 5.4 , 6.0 , 6 , 6
2 , 5.4 , 6.0 , 6 , 6
2 , 5.4 , 6.0 , 6 , 6
2 , 5.4 , 6.0 , 6 , 6
2 , 5.4 , 6.0 , 6 , 6
2 , 5.36 , 6.0 , 6 , 6
2 , 5.36 , 6.0 , 6 , 6
2 , 5.36 , 6.0 , 6 , 6
2 , 5.36 , 6.0 , 6 , 6
2 , 5.36 , 6.0 , 6 , 6
2 , 5.36 , 6.0 , 6 , 6
2 , 5.36 , 6.0 , 6 , 6
2 , 5.36 , 6.0 , 6 , 6
2 , 5.36 , 6.0 , 6 , 6
2 , 5.36 , 6.0 , 6 , 6
2 , 5.36 , 6.0 , 6 , 6
2 , 5.36 , 6.0 , 6 , 6
2 , 5.36 , 6.0 , 6 , 6
2 , 5.36 , 6.0 , 6 , 6
2 , 5.36 , 6.0 , 6 , 6
2 , 5.36 , 6.0 , 6 , 6
2 , 5.36 , 6.0 , 6 , 6
2 , 5.36 , 6.0 , 6 , 6
2 , 5.36 , 6.0 , 6 , 6
2 , 5.36 , 6.0 , 6 , 6
2 , 5.36 , 6.0 , 6 , 6
2 , 5.36 , 6.0 , 6 , 6
2 , 5.36 , 6.0 , 6 , 6
2 , 5.36 , 6.0 , 6 , 6
2 , 5.36 , 6.0 , 6 , 6
2 , 5.36 , 6.0 , 6 , 6
2 , 5.36 , 6.0 , 6 , 6
2 , 5.36 , 6.0 , 6 , 6
2 , 5.36 , 6.0 , 6 , 6
2 , 5.36 , 6.0 , 6 , 6
2 , 5.34 , 6.0 , 6 , 6
2 , 5.34 , 6.0 , 6 , 6
2 , 5.34 , 6.0 , 6 , 6
2 , 5.34 , 6.0 , 6 , 6
2 , 5.34 , 6.0 , 6 , 6
2 , 5.34 , 6.0 , 6 , 6
2 , 5.34 , 6.0 , 6 , 6
2 , 5.34 , 6.0 , 6 , 6
2 , 5.34 , 6.0 , 6 , 6
2 , 5.34 , 6.0 , 6 , 6
2 , 5.34 , 6.0 , 6 , 6
2 , 5.34 , 6.0 , 6 , 6
2 , 5.34 , 6.0 , 6 , 6
2 , 5.34 , 6.0 , 6 , 6
2 , 5.34 , 6.0 , 6 , 6
2 , 5.34 , 6.0 , 6 , 6
2 , 5.34 , 6.0 , 6 , 6
2 , 5.34 , 6.0 , 6 , 6
2 , 5.34 , 6.0 , 6 , 6
2 , 5.34 , 6.0 , 6 , 6
2 , 5.34 , 6.0 , 6 , 6
2 , 5.34 , 6.0 , 6 , 6
2 , 5.34 , 6.0 , 6 , 6
2 , 5.34 , 6.0 , 6 , 6
2 , 5.34 , 6.0 , 6 , 6
2 , 5.34 , 6.0 , 6 , 6
2 , 5.34 , 6.0 , 6 , 6
2 , 5.34 , 6.0 , 6 , 6
2 , 5.34 , 6.0 , 6 , 6
2 , 5.34 , 6.0 , 6 , 6
2 , 5.34 , 6.0 , 6 , 6
2 , 5.34 , 6.0 , 6 , 6
2 , 5.34 , 6.0 , 6 , 6
2 , 5.34 , 6.0 , 6 , 6
2 , 5.34 , 6.0 , 6 , 6
2 , 5.34 , 6.0 , 6 , 6
2 , 5.34 , 6.0 , 6 , 6
2 , 5.34 , 6.0 , 6 , 6
2 , 5.34 , 6.0 , 6 , 6
2 , 5.34 , 6.0 , 6 , 6
2 , 5.34 , 6.0 , 6 , 6
2 , 5.34 , 6.0 , 6 , 6
2 , 5.34 , 6.0 , 6 , 6
2 , 5.34 , 6.0 , 6 , 6
2 , 5.34 , 6.0 , 6 , 6
2 , 5.34 , 6.0 , 6 , 6
2 , 5.34 , 6.0 , 6 , 6
2 , 5.34 , 6.0 , 6 , 6
2 , 5.32 , 6.0 , 6 , 6
2 , 5.32 , 6.0 , 6 , 6
2 , 5.32 , 6.0 , 6 , 6
2 , 5.32 , 6.0 , 6 , 6
2 , 5.32 , 6.0 , 6 , 6
2 , 5.32 , 6.0 , 6 , 6
2 , 5.32 , 6.0 , 6 , 6
2 , 5.32 , 6.0 , 6 , 6
2 , 5.32 , 6.0 , 6 , 6
2 , 5.32 , 6.0 , 6 , 6
2 , 5.32 , 6.0 , 6 , 6
2 , 5.32 , 6.0 , 6 , 6
2 , 5.32 , 6.0 , 6 , 6
2 , 5.32 , 6.0 , 6 , 6
2 , 5.32 , 6.0 , 6 , 6
2 , 5.32 , 6.0 , 6 , 6
2 , 5.32 , 6.0 , 6 , 6
2 , 5.32 , 6.0 , 6 , 6
2 , 5.32 , 6.0 , 6 , 6
2 , 5.32 , 6.0 , 6 , 6
2 , 5.32 , 6.0 , 6 , 6
2 , 5.3 , 6.0 , 6 , 6
2 , 5.28 , 6.0 , 6 , 6
2 , 5.28 , 6.0 , 6 , 6
2 , 5.28 , 6.0 , 6 , 6
2 , 5.28 , 6.0 , 6 , 6
2 , 5.28 , 6.0 , 6 , 6
2 , 5.28 , 6.0 , 6 , 6
2 , 5.28 , 6.0 , 6 , 6
2 , 5.28 , 6.0 , 6 , 6
2 , 5.28 , 6.0 , 6 , 6
2 , 5.28 , 6.0 , 6 , 6
2 , 5.28 , 6.0 , 6 , 6
2 , 5.28 , 6.0 , 6 , 6
2 , 5.28 , 6.0 , 6 , 6
2 , 5.28 , 6.0 , 6 , 6
2 , 5.28 , 6.0 , 6 , 6
2 , 5.28 , 6.0 , 6 , 6
2 , 5.28 , 6.0 , 6 , 6
2 , 5.28 , 6.0 , 6 , 6
2 , 5.28 , 6.0 , 6 , 6
2 , 5.28 , 6.0 , 6 , 6
2 , 5.28 , 6.0 , 6 , 6
2 , 5.28 , 6.0 , 6 , 6
2 , 5.28 , 6.0 , 6 , 6
2 , 5.28 , 6.0 , 6 , 6
2 , 5.28 , 6.0 , 6 , 6
2 , 5.28 , 6.0 , 6 , 6
2 , 5.28 , 6.0 , 6 , 6
2 , 5.28 , 6.0 , 6 , 6
2 , 5.28 , 6.0 , 6 , 6
2 , 5.28 , 6.0 , 6 , 6
2 , 5.28 , 6.0 , 6 , 6
2 , 5.28 , 6.0 , 6 , 6
2 , 5.28 , 6.0 , 6 , 6
2 , 5.28 , 6.0 , 6 , 6
2 , 5.28 , 6.0 , 6 , 6
2 , 5.28 , 6.0 , 6 , 6
2 , 5.28 , 6.0 , 6 , 6
2 , 5.26 , 6.0 , 6 , 6
2 , 5.26 , 6.0 , 6 , 6
2 , 5.26 , 6.0 , 6 , 6
2 , 5.26 , 6.0 , 6 , 6
2 , 5.26 , 6.0 , 6 , 6
2 , 5.26 , 6.0 , 6 , 6
2 , 5.26 , 6.0 , 6 , 6
2 , 5.26 , 6.0 , 6 , 6
2 , 5.26 , 6.0 , 6 , 6
2 , 5.26 , 6.0 , 6 , 6
2 , 5.26 , 6.0 , 6 , 6
2 , 5.26 , 6.0 , 6 , 6
2 , 5.26 , 6.0 , 6 , 6
2 , 5.26 , 6.0 , 6 , 6
2 , 5.26 , 6.0 , 6 , 6
2 , 5.26 , 6.0 , 6 , 6
2 , 5.26 , 6.0 , 6 , 6
2 , 5.26 , 6.0 , 6 , 6
2 , 5.26 , 6.0 , 6 , 6
2 , 5.26 , 6.0 , 6 , 6
2 , 5.26 , 6.0 , 6 , 6
2 , 5.24 , 6.0 , 6 , 6
2 , 5.24 , 6.0 , 6 , 6
2 , 5.24 , 6.0 , 6 , 6
2 , 5.24 , 6.0 , 6 , 6
2 , 5.24 , 6.0 , 6 , 6
2 , 5.24 , 6.0 , 6 , 6
2 , 5.24 , 6.0 , 6 , 6
2 , 5.24 , 6.0 , 6 , 6
2 , 5.24 , 6.0 , 6 , 6
2 , 5.24 , 6.0 , 6 , 6
2 , 5.24 , 6.0 , 6 , 6
0 , 5.18 , 6.0 , 6 , 6
0 , 5.18 , 6.0 , 6 , 6
0 , 5.18 , 6.0 , 6 , 6
0 , 5.18 , 6.0 , 6 , 6
0 , 5.18 , 6.0 , 6 , 6
0 , 5.18 , 6.0 , 6 , 6
0 , 5.18 , 6.0 , 6 , 6
0 , 5.18 , 6.0 , 6 , 6
0 , 5.18 , 6.0 , 6 , 6
0 , 5.18 , 6.0 , 6 , 6
0 , 5.16 , 6.0 , 6 , 6
0 , 5.16 , 6.0 , 6 , 6
0 , 5.16 , 6.0 , 6 , 6
0 , 5.16 , 6.0 , 6 , 6
0 , 5.16 , 6.0 , 6 , 6
0 , 5.16 , 6.0 , 6 , 6
0 , 5.16 , 6.0 , 6 , 6
0 , 5.14 , 6.0 , 6 , 6
0 , 5.14 , 6.0 , 6 , 6
0 , 5.12 , 6.0 , 6 , 6
0 , 5.12 , 6.0 , 6 , 6
0 , 5.12 , 6.0 , 6 , 6
0 , 5.12 , 6.0 , 6 , 6
0 , 5.08 , 6.0 , 6 , 6
0 , 5.08 , 6.0 , 6 , 6
0 , 5.08 , 6.0 , 6 , 6
0 , 5.08 , 6.0 , 6 , 6
0 , 5.06 , 6.0 , 6 , 6
0 , 5.04 , 6.0 , 6 , 6
0 , 5.04 , 6.0 , 6 , 6
0 , 5.04 , 6.0 , 6 , 6
0 , 5.04 , 6.0 , 6 , 6
0 , 5.04 , 6.0 , 6 , 6
0 , 5.04 , 6.0 , 6 , 6
0 , 5.04 , 6.0 , 6 , 6
0 , 5.04 , 6.0 , 6 , 6
0 , 5.04 , 6.0 , 6 , 6
0 , 5.04 , 6.0 , 6 , 6
0 , 5.04 , 6.0 , 6 , 6
0 , 5.04 , 6.0 , 6 , 6
0 , 5.04 , 6.0 , 6 , 6
0 , 5.04 , 6.0 , 6 , 6
0 , 5.04 , 6.0 , 6 , 6
0 , 5.04 , 6.0 , 6 , 6
0 , 5.04 , 6.0 , 6 , 6
0 , 5.04 , 6.0 , 6 , 6
0 , 5.04 , 6.0 , 6 , 6
0 , 5.04 , 6.0 , 6 , 6
0 , 5.02 , 6.0 , 6 , 6
0 , 5.02 , 6.0 , 6 , 6
0 , 5.02 , 6.0 , 6 , 6
0 , 5.02 , 6.0 , 6 , 6
0 , 5.0 , 6.0 , 6 , 6
0 , 5.0 , 6.0 , 6 , 6
0 , 5.0 , 6.0 , 6 , 6
0 , 4.98 , 6.0 , 6 , 6
0 , 4.98 , 6.0 , 6 , 6
0 , 4.98 , 6.0 , 6 , 6
0 , 4.98 , 6.0 , 6 , 6
0 , 4.98 , 6.0 , 6 , 6
0 , 4.98 , 6.0 , 6 , 6
0 , 4.96 , 6.0 , 6 , 6
0 , 4.94 , 6.0 , 6 , 6
0 , 4.94 , 6.0 , 6 , 6
0 , 4.94 , 6.0 , 6 , 6
0 , 4.94 , 6.0 , 6 , 6
0 , 4.94 , 6.0 , 6 , 6
0 , 4.94 , 6.0 , 6 , 6
0 , 4.94 , 6.0 , 6 , 6
0 , 4.94 , 6.0 , 6 , 6
0 , 4.94 , 6.0 , 6 , 6
0 , 4.94 , 6.0 , 6 , 6
0 , 4.92 , 6.0 , 6 , 6
0 , 4.92 , 6.0 , 6 , 6
0 , 4.92 , 6.0 , 6 , 6
0 , 4.92 , 6.0 , 6 , 6
0 , 4.92 , 6.0 , 6 , 6
0 , 4.92 , 6.0 , 6 , 6
0 , 4.92 , 6.0 , 6 , 6
0 , 4.92 , 6.0 , 6 , 6
0 , 4.92 , 6.0 , 6 , 6
0 , 4.92 , 6.0 , 6 , 6
0 , 4.88 , 6.0 , 6 , 6
0 , 4.88 , 6.0 , 6 , 6
0 , 4.88 , 6.0 , 6 , 6
0 , 4.86 , 5.0 , 6 , 6
0 , 4.86 , 5.0 , 6 , 6
0 , 4.86 , 5.0 , 6 , 6
0 , 4.86 , 5.0 , 6 , 6
0 , 4.84 , 4.0 , 6 , 6
0 , 4.84 , 4.0 , 6 , 6
0 , 4.84 , 4.0 , 6 , 6
0 , 4.84 , 4.0 , 6 , 6
0 , 4.84 , 4.0 , 6 , 6
0 , 4.84 , 4.0 , 6 , 6
0 , 4.84 , 4.0 , 6 , 6
0 , 4.84 , 4.0 , 6 , 6
0 , 4.8 , 4.0 , 6 , 6
0 , 4.8 , 4.0 , 6 , 6
0 , 4.8 , 4.0 , 6 , 6
0 , 4.8 , 4.0 , 6 , 6
0 , 4.8 , 4.0 , 6 , 6
0 , 4.8 , 4.0 , 6 , 6
0 , 4.8 , 4.0 , 6 , 6
0 , 4.78 , 4.0 , 6 , 6
0 , 4.78 , 4.0 , 6 , 6
0 , 4.78 , 4.0 , 6 , 6
0 , 4.78 , 4.0 , 6 , 6
0 , 4.78 , 4.0 , 6 , 6
0 , 4.78 , 4.0 , 6 , 6
0 , 4.78 , 4.0 , 6 , 6
0 , 4.76 , 4.0 , 4 , 6
0 , 4.76 , 4.0 , 4 , 6
0 , 4.76 , 4.0 , 4 , 6
0 , 4.76 , 4.0 , 4 , 6
0 , 4.76 , 4.0 , 4 , 6
0 , 4.74 , 4.0 , 4 , 6
0 , 4.74 , 4.0 , 4 , 6
0 , 4.74 , 4.0 , 4 , 6
0 , 4.74 , 4.0 , 4 , 6
0 , 4.74 , 4.0 , 4 , 6
0 , 4.74 , 4.0 , 4 , 6
0 , 4.74 , 4.0 , 4 , 6
0 , 4.74 , 4.0 , 4 , 6
0 , 4.74 , 4.0 , 4 , 6
0 , 4.74 , 4.0 , 4 , 6
0 , 4.74 , 4.0 , 4 , 6
0 , 4.74 , 4.0 , 4 , 6
0 , 4.74 , 4.0 , 4 , 6
0 , 4.72 , 4.0 , 4 , 6
0 , 4.72 , 4.0 , 4 , 6
0 , 4.72 , 4.0 , 4 , 6
0 , 4.72 , 4.0 , 4 , 6
0 , 4.72 , 4.0 , 4 , 6
0 , 4.72 , 4.0 , 4 , 6
0 , 4.7 , 4.0 , 4 , 6
0 , 4.7 , 4.0 , 4 , 6
0 , 4.7 , 4.0 , 4 , 6
0 , 4.68 , 4.0 , 4 , 6
0 , 4.68 , 4.0 , 4 , 6
0 , 4.68 , 4.0 , 4 , 6
0 , 4.68 , 4.0 , 4 , 6
0 , 4.68 , 4.0 , 4 , 6
0 , 4.68 , 4.0 , 4 , 6
0 , 4.68 , 4.0 , 4 , 6
0 , 4.66 , 4.0 , 4 , 6
0 , 4.66 , 4.0 , 4 , 6
0 , 4.66 , 4.0 , 4 , 6
0 , 4.66 , 4.0 , 4 , 6
0 , 4.66 , 4.0 , 4 , 6
0 , 4.64 , 4.0 , 4 , 6
0 , 4.64 , 4.0 , 4 , 6
0 , 4.6 , 4.0 , 4 , 6
0 , 4.6 , 4.0 , 4 , 6
0 , 4.6 , 4.0 , 4 , 6
0 , 4.6 , 4.0 , 4 , 6
0 , 4.6 , 4.0 , 4 , 6
0 , 4.6 , 4.0 , 4 , 6
0 , 4.6 , 4.0 , 4 , 6
0 , 4.6 , 4.0 , 4 , 6
0 , 4.6 , 4.0 , 4 , 6
0 , 4.6 , 4.0 , 4 , 6
0 , 4.6 , 4.0 , 4 , 6
0 , 4.6 , 4.0 , 4 , 6
0 , 4.6 , 4.0 , 4 , 6
0 , 4.6 , 4.0 , 4 , 6
0 , 4.58 , 4.0 , 4 , 6
0 , 4.58 , 4.0 , 4 , 6
0 , 4.58 , 4.0 , 4 , 6
0 , 4.58 , 4.0 , 4 , 6
0 , 4.58 , 4.0 , 4 , 6
0 , 4.56 , 4.0 , 4 , 6
0 , 4.54 , 4.0 , 4 , 6
0 , 4.54 , 4.0 , 4 , 6
0 , 4.54 , 4.0 , 4 , 6
0 , 4.54 , 4.0 , 4 , 6
0 , 4.52 , 4.0 , 4 , 6
0 , 4.52 , 4.0 , 4 , 6
0 , 4.52 , 4.0 , 4 , 6
0 , 4.52 , 4.0 , 4 , 6
0 , 4.5 , 4.0 , 4 , 6
0 , 4.5 , 4.0 , 4 , 6
0 , 4.5 , 4.0 , 4 , 6
0 , 4.48 , 4.0 , 4 , 6
0 , 4.48 , 4.0 , 4 , 6
0 , 4.46 , 4.0 , 4 , 6
0 , 4.44 , 4.0 , 4 , 6
0 , 4.44 , 4.0 , 4 , 6
0 , 4.44 , 4.0 , 4 , 6
0 , 4.44 , 4.0 , 4 , 6
0 , 4.42 , 4.0 , 4 , 6
0 , 4.4 , 4.0 , 4 , 6
0 , 4.4 , 4.0 , 4 , 6
0 , 4.38 , 4.0 , 4 , 6
0 , 4.36 , 4.0 , 4 , 6
0 , 4.36 , 4.0 , 4 , 6
0 , 4.36 , 4.0 , 4 , 6
0 , 4.36 , 4.0 , 4 , 6
0 , 4.36 , 4.0 , 4 , 6
0 , 4.36 , 4.0 , 4 , 6
0 , 4.36 , 4.0 , 4 , 6
0 , 4.34 , 4.0 , 4 , 6
0 , 4.34 , 4.0 , 4 , 6
0 , 4.32 , 4.0 , 4 , 6
0 , 4.32 , 4.0 , 4 , 6
0 , 4.32 , 4.0 , 4 , 6
0 , 4.32 , 4.0 , 4 , 6
0 , 4.32 , 4.0 , 4 , 6
0 , 4.32 , 4.0 , 4 , 6
0 , 4.32 , 4.0 , 4 , 6
0 , 4.32 , 4.0 , 4 , 6
0 , 4.32 , 4.0 , 4 , 6
0 , 4.32 , 4.0 , 4 , 6
0 , 4.32 , 4.0 , 4 , 6
0 , 4.32 , 4.0 , 4 , 6
0 , 4.32 , 4.0 , 4 , 6
0 , 4.32 , 4.0 , 4 , 6
0 , 4.32 , 4.0 , 4 , 6
0 , 4.3 , 4.0 , 4 , 6
0 , 4.3 , 4.0 , 4 , 6
0 , 4.3 , 4.0 , 4 , 6
0 , 4.3 , 4.0 , 4 , 6
0 , 4.3 , 4.0 , 4 , 6
0 , 4.3 , 4.0 , 4 , 6
0 , 4.28 , 4.0 , 4 , 6
0 , 4.24 , 4.0 , 4 , 6
0 , 4.24 , 4.0 , 4 , 6
0 , 4.24 , 4.0 , 4 , 6
0 , 4.22 , 4.0 , 4 , 6
0 , 4.22 , 4.0 , 4 , 6
0 , 4.22 , 4.0 , 4 , 6
0 , 4.22 , 4.0 , 4 , 6
0 , 4.22 , 4.0 , 4 , 6
0 , 4.22 , 4.0 , 4 , 6
0 , 4.22 , 4.0 , 4 , 6
0 , 4.22 , 4.0 , 4 , 6
0 , 4.22 , 4.0 , 4 , 6
0 , 4.22 , 4.0 , 4 , 6
0 , 4.22 , 4.0 , 4 , 6
0 , 4.22 , 4.0 , 4 , 6
0 , 4.22 , 4.0 , 4 , 6
0 , 4.22 , 4.0 , 4 , 6
0 , 4.22 , 4.0 , 4 , 6
0 , 4.22 , 4.0 , 4 , 6
0 , 4.22 , 4.0 , 4 , 6
0 , 4.22 , 4.0 , 4 , 6
0 , 4.22 , 4.0 , 4 , 6
0 , 4.2 , 4.0 , 4 , 6
0 , 4.2 , 4.0 , 4 , 6
0 , 4.2 , 4.0 , 4 , 6
0 , 4.2 , 4.0 , 4 , 6
0 , 4.18 , 4.0 , 4 , 6
0 , 4.18 , 4.0 , 4 , 6
0 , 4.18 , 4.0 , 4 , 6
0 , 4.18 , 4.0 , 4 , 6
0 , 4.18 , 4.0 , 4 , 6
0 , 4.18 , 4.0 , 4 , 6
0 , 4.16 , 4.0 , 4 , 6
0 , 4.16 , 4.0 , 4 , 6
0 , 4.16 , 4.0 , 4 , 6
0 , 4.16 , 4.0 , 4 , 6
0 , 4.16 , 4.0 , 4 , 6
0 , 4.16 , 4.0 , 4 , 6
0 , 4.16 , 4.0 , 4 , 6
0 , 4.16 , 4.0 , 4 , 6
0 , 4.16 , 4.0 , 4 , 6
0 , 4.16 , 4.0 , 4 , 6
0 , 4.14 , 4.0 , 4 , 6
0 , 4.14 , 4.0 , 4 , 6
0 , 4.14 , 4.0 , 4 , 6
0 , 4.14 , 4.0 , 4 , 6
0 , 4.14 , 4.0 , 4 , 6
0 , 4.14 , 4.0 , 4 , 6
0 , 4.12 , 4.0 , 4 , 6
0 , 4.12 , 4.0 , 4 , 6
0 , 4.12 , 4.0 , 4 , 6
0 , 4.12 , 4.0 , 4 , 6
0 , 4.12 , 4.0 , 4 , 6
0 , 4.12 , 4.0 , 4 , 6
0 , 4.12 , 4.0 , 4 , 6
0 , 4.12 , 4.0 , 4 , 6
0 , 4.12 , 4.0 , 4 , 6
0 , 4.12 , 4.0 , 4 , 6
0 , 4.12 , 4.0 , 4 , 6
0 , 4.12 , 4.0 , 4 , 6
0 , 4.12 , 4.0 , 4 , 6
0 , 4.12 , 4.0 , 4 , 6
0 , 4.12 , 4.0 , 4 , 6
0 , 4.1 , 4.0 , 4 , 6
0 , 4.1 , 4.0 , 4 , 6
0 , 4.1 , 4.0 , 4 , 6
0 , 4.08 , 4.0 , 4 , 6
0 , 4.08 , 4.0 , 4 , 6
0 , 4.08 , 4.0 , 4 , 6
0 , 4.06 , 4.0 , 4 , 6
0 , 4.06 , 4.0 , 4 , 6
0 , 4.06 , 4.0 , 4 , 6
0 , 4.04 , 4.0 , 4 , 6
0 , 4.04 , 4.0 , 4 , 6
0 , 4.04 , 4.0 , 4 , 6
0 , 4.02 , 4.0 , 4 , 6
0 , 4.02 , 4.0 , 4 , 6
0 , 4.02 , 4.0 , 4 , 6
0 , 4.02 , 4.0 , 4 , 6
0 , 4.02 , 4.0 , 4 , 6
0 , 4.02 , 4.0 , 4 , 6
0 , 3.98 , 4.0 , 4 , 6
0 , 3.98 , 4.0 , 4 , 6
0 , 3.98 , 4.0 , 4 , 6
0 , 3.96 , 4.0 , 4 , 6
0 , 3.96 , 4.0 , 4 , 6
0 , 3.96 , 4.0 , 4 , 6
0 , 3.96 , 4.0 , 4 , 6
0 , 3.96 , 4.0 , 4 , 6
0 , 3.96 , 4.0 , 4 , 6
0 , 3.96 , 4.0 , 4 , 6
0 , 3.96 , 4.0 , 4 , 6
0 , 3.96 , 4.0 , 4 , 6
0 , 3.96 , 4.0 , 4 , 6
0 , 3.94 , 4.0 , 4 , 6
0 , 3.94 , 4.0 , 4 , 6
0 , 3.94 , 4.0 , 4 , 6
0 , 3.94 , 4.0 , 4 , 6
0 , 3.94 , 4.0 , 4 , 6
0 , 3.94 , 4.0 , 4 , 6
0 , 3.94 , 4.0 , 4 , 6
0 , 3.94 , 4.0 , 4 , 6
0 , 3.94 , 4.0 , 4 , 6
0 , 3.94 , 4.0 , 4 , 6
0 , 3.94 , 4.0 , 4 , 6
0 , 3.94 , 4.0 , 4 , 6
0 , 3.94 , 4.0 , 4 , 6
1  Perfect solutions
perfect solution individuals [[4, 0, 7, 3, 1, 6, 2, 5]]
