6 , 15.08 , 14.0 , 10 , 26
6 , 14.82 , 14.0 , 10 , 24
6 , 14.66 , 14.0 , 10 , 24
6 , 14.54 , 14.0 , 16 , 22
6 , 14.46 , 14.0 , 16 , 22
6 , 14.22 , 14.0 , 10 , 22
6 , 14.1 , 14.0 , 10 , 20
6 , 14.1 , 14.0 , 10 , 20
6 , 13.92 , 14.0 , 10 , 20
6 , 13.84 , 14.0 , 10 , 20
6 , 13.72 , 14.0 , 10 , 20
6 , 13.68 , 14.0 , 10 , 20
6 , 13.6 , 14.0 , 16 , 20
6 , 13.46 , 14.0 , 16 , 18
6 , 13.36 , 14.0 , 16 , 18
6 , 13.26 , 14.0 , 16 , 18
6 , 13.2 , 14.0 , 16 , 18
6 , 13.04 , 14.0 , 16 , 18
6 , 13.0 , 14.0 , 14 , 18
6 , 12.9 , 14.0 , 16 , 18
6 , 12.74 , 13.0 , 14 , 18
6 , 12.7 , 13.0 , 16 , 16
6 , 12.64 , 12.0 , 14 , 16
6 , 12.48 , 12.0 , 14 , 16
6 , 12.4 , 12.0 , 14 , 16
6 , 12.32 , 12.0 , 14 , 16
6 , 12.32 , 12.0 , 14 , 16
6 , 12.26 , 12.0 , 14 , 16
6 , 12.24 , 12.0 , 14 , 16
6 , 12.18 , 12.0 , 14 , 16
6 , 12.1 , 12.0 , 14 , 16
6 , 11.98 , 12.0 , 14 , 16
6 , 11.88 , 12.0 , 14 , 16
6 , 11.84 , 12.0 , 14 , 16
6 , 11.78 , 12.0 , 14 , 16
6 , 11.66 , 12.0 , 14 , 16
6 , 11.56 , 12.0 , 14 , 16
6 , 11.5 , 12.0 , 10 , 16
6 , 11.5 , 12.0 , 10 , 16
6 , 11.48 , 12.0 , 14 , 16
6 , 11.46 , 12.0 , 14 , 14
6 , 11.38 , 12.0 , 10 , 14
6 , 11.32 , 12.0 , 10 , 14
6 , 11.3 , 12.0 , 10 , 14
6 , 11.28 , 12.0 , 10 , 14
6 , 11.24 , 12.0 , 10 , 14
6 , 11.24 , 12.0 , 10 , 14
6 , 11.16 , 12.0 , 10 , 14
6 , 11.12 , 12.0 , 10 , 14
6 , 11.12 , 12.0 , 10 , 14
6 , 11.06 , 11.0 , 10 , 14
6 , 11.04 , 11.0 , 10 , 14
6 , 11.0 , 10.0 , 10 , 14
6 , 10.98 , 10.0 , 10 , 14
6 , 10.92 , 10.0 , 10 , 14
6 , 10.9 , 10.0 , 10 , 14
6 , 10.84 , 10.0 , 10 , 14
6 , 10.8 , 10.0 , 10 , 14
6 , 10.8 , 10.0 , 10 , 14
6 , 10.78 , 10.0 , 10 , 14
6 , 10.78 , 10.0 , 10 , 14
6 , 10.76 , 10.0 , 10 , 14
6 , 10.68 , 10.0 , 10 , 14
6 , 10.64 , 10.0 , 10 , 14
6 , 10.58 , 10.0 , 10 , 14
6 , 10.48 , 10.0 , 10 , 14
6 , 10.48 , 10.0 , 10 , 14
6 , 10.4 , 10.0 , 10 , 14
6 , 10.4 , 10.0 , 10 , 14
6 , 10.36 , 10.0 , 10 , 14
6 , 10.34 , 10.0 , 10 , 12
6 , 10.34 , 10.0 , 10 , 12
6 , 10.34 , 10.0 , 10 , 12
6 , 10.3 , 10.0 , 10 , 12
6 , 10.28 , 10.0 , 10 , 12
6 , 10.26 , 10.0 , 10 , 12
6 , 10.18 , 10.0 , 10 , 12
6 , 10.16 , 10.0 , 10 , 12
6 , 10.16 , 10.0 , 10 , 12
6 , 10.16 , 10.0 , 10 , 12
6 , 10.16 , 10.0 , 10 , 12
6 , 10.1 , 10.0 , 10 , 12
6 , 10.08 , 10.0 , 10 , 12
6 , 10.04 , 10.0 , 10 , 12
6 , 10.0 , 10.0 , 10 , 12
6 , 10.0 , 10.0 , 10 , 12
6 , 10.0 , 10.0 , 10 , 12
6 , 10.0 , 10.0 , 10 , 12
6 , 10.0 , 10.0 , 10 , 12
6 , 10.0 , 10.0 , 10 , 12
6 , 10.0 , 10.0 , 10 , 12
6 , 10.0 , 10.0 , 10 , 12
6 , 10.0 , 10.0 , 10 , 12
6 , 10.0 , 10.0 , 10 , 12
6 , 9.94 , 10.0 , 10 , 12
6 , 9.92 , 10.0 , 10 , 12
6 , 9.92 , 10.0 , 10 , 12
6 , 9.92 , 10.0 , 10 , 12
6 , 9.88 , 10.0 , 10 , 12
6 , 9.88 , 10.0 , 10 , 12
6 , 9.88 , 10.0 , 10 , 12
6 , 9.88 , 10.0 , 10 , 12
6 , 9.82 , 10.0 , 10 , 12
6 , 9.76 , 10.0 , 10 , 12
6 , 9.7 , 10.0 , 10 , 12
6 , 9.66 , 10.0 , 10 , 12
6 , 9.62 , 10.0 , 10 , 12
6 , 9.62 , 10.0 , 10 , 12
6 , 9.62 , 10.0 , 10 , 12
6 , 9.62 , 10.0 , 10 , 12
6 , 9.6 , 10.0 , 10 , 12
6 , 9.56 , 10.0 , 10 , 12
6 , 9.5 , 10.0 , 10 , 12
6 , 9.5 , 10.0 , 10 , 12
6 , 9.5 , 10.0 , 10 , 12
6 , 9.5 , 10.0 , 10 , 12
6 , 9.48 , 10.0 , 10 , 12
6 , 9.44 , 10.0 , 10 , 12
6 , 9.44 , 10.0 , 10 , 12
4 , 9.32 , 10.0 , 10 , 12
4 , 9.32 , 10.0 , 10 , 12
4 , 9.26 , 10.0 , 10 , 12
4 , 9.22 , 10.0 , 10 , 12
4 , 9.16 , 10.0 , 10 , 12
4 , 9.08 , 10.0 , 10 , 12
4 , 9.08 , 10.0 , 10 , 12
4 , 9.06 , 10.0 , 10 , 12
4 , 9.06 , 10.0 , 10 , 12
4 , 9.02 , 10.0 , 10 , 12
4 , 8.96 , 10.0 , 10 , 10
4 , 8.96 , 10.0 , 10 , 10
4 , 8.96 , 10.0 , 10 , 10
4 , 8.96 , 10.0 , 10 , 10
4 , 8.96 , 10.0 , 10 , 10
4 , 8.96 , 10.0 , 10 , 10
4 , 8.94 , 10.0 , 10 , 10
4 , 8.94 , 10.0 , 10 , 10
4 , 8.94 , 10.0 , 10 , 10
4 , 8.94 , 10.0 , 10 , 10
4 , 8.94 , 10.0 , 10 , 10
4 , 8.94 , 10.0 , 10 , 10
4 , 8.92 , 10.0 , 10 , 10
4 , 8.92 , 10.0 , 10 , 10
4 , 8.9 , 10.0 , 10 , 10
4 , 8.9 , 10.0 , 10 , 10
4 , 8.9 , 10.0 , 10 , 10
4 , 8.9 , 10.0 , 10 , 10
4 , 8.88 , 10.0 , 10 , 10
4 , 8.84 , 10.0 , 10 , 10
4 , 8.82 , 10.0 , 10 , 10
4 , 8.82 , 10.0 , 10 , 10
4 , 8.8 , 10.0 , 10 , 10
4 , 8.8 , 10.0 , 10 , 10
4 , 8.78 , 10.0 , 10 , 10
4 , 8.78 , 10.0 , 10 , 10
4 , 8.78 , 10.0 , 10 , 10
4 , 8.78 , 10.0 , 10 , 10
4 , 8.78 , 10.0 , 10 , 10
4 , 8.74 , 10.0 , 10 , 10
4 , 8.74 , 10.0 , 10 , 10
4 , 8.7 , 8.0 , 10 , 10
4 , 8.7 , 8.0 , 10 , 10
4 , 8.7 , 8.0 , 10 , 10
4 , 8.66 , 8.0 , 10 , 10
4 , 8.64 , 8.0 , 10 , 10
4 , 8.64 , 8.0 , 10 , 10
4 , 8.64 , 8.0 , 10 , 10
4 , 8.62 , 8.0 , 10 , 10
4 , 8.62 , 8.0 , 10 , 10
4 , 8.62 , 8.0 , 10 , 10
4 , 8.58 , 8.0 , 10 , 10
4 , 8.56 , 8.0 , 10 , 10
4 , 8.56 , 8.0 , 10 , 10
4 , 8.56 , 8.0 , 10 , 10
4 , 8.56 , 8.0 , 10 , 10
4 , 8.56 , 8.0 , 10 , 10
4 , 8.54 , 8.0 , 10 , 10
4 , 8.54 , 8.0 , 10 , 10
4 , 8.54 , 8.0 , 10 , 10
4 , 8.54 , 8.0 , 10 , 10
4 , 8.54 , 8.0 , 10 , 10
4 , 8.5 , 8.0 , 8 , 10
4 , 8.5 , 8.0 , 8 , 10
4 , 8.48 , 8.0 , 8 , 10
4 , 8.48 , 8.0 , 8 , 10
4 , 8.48 , 8.0 , 8 , 10
4 , 8.44 , 8.0 , 8 , 10
4 , 8.44 , 8.0 , 8 , 10
4 , 8.44 , 8.0 , 8 , 10
4 , 8.44 , 8.0 , 8 , 10
4 , 8.44 , 8.0 , 8 , 10
4 , 8.44 , 8.0 , 8 , 10
4 , 8.42 , 8.0 , 8 , 10
4 , 8.42 , 8.0 , 8 , 10
4 , 8.42 , 8.0 , 8 , 10
4 , 8.38 , 8.0 , 8 , 10
4 , 8.36 , 8.0 , 8 , 10
4 , 8.36 , 8.0 , 8 , 10
4 , 8.36 , 8.0 , 8 , 10
4 , 8.36 , 8.0 , 8 , 10
4 , 8.34 , 8.0 , 8 , 10
4 , 8.34 , 8.0 , 8 , 10
4 , 8.34 , 8.0 , 8 , 10
4 , 8.32 , 8.0 , 8 , 10
4 , 8.32 , 8.0 , 8 , 10
4 , 8.32 , 8.0 , 8 , 10
4 , 8.32 , 8.0 , 8 , 10
4 , 8.32 , 8.0 , 8 , 10
4 , 8.26 , 8.0 , 8 , 10
4 , 8.26 , 8.0 , 8 , 10
4 , 8.26 , 8.0 , 8 , 10
4 , 8.26 , 8.0 , 8 , 10
4 , 8.26 , 8.0 , 8 , 10
4 , 8.26 , 8.0 , 8 , 10
4 , 8.26 , 8.0 , 8 , 10
4 , 8.26 , 8.0 , 8 , 10
4 , 8.26 , 8.0 , 8 , 10
4 , 8.26 , 8.0 , 8 , 10
4 , 8.26 , 8.0 , 8 , 10
4 , 8.22 , 8.0 , 8 , 10
4 , 8.18 , 8.0 , 8 , 10
4 , 8.16 , 8.0 , 8 , 10
4 , 8.12 , 8.0 , 8 , 10
4 , 8.1 , 8.0 , 8 , 10
4 , 8.08 , 8.0 , 8 , 10
4 , 8.04 , 8.0 , 8 , 10
4 , 8.04 , 8.0 , 8 , 10
4 , 8.02 , 8.0 , 8 , 10
4 , 8.02 , 8.0 , 8 , 10
4 , 8.02 , 8.0 , 8 , 10
4 , 8.0 , 8.0 , 8 , 10
4 , 8.0 , 8.0 , 8 , 10
4 , 8.0 , 8.0 , 8 , 10
4 , 8.0 , 8.0 , 8 , 10
4 , 7.98 , 8.0 , 8 , 10
4 , 7.98 , 8.0 , 8 , 10
4 , 7.98 , 8.0 , 8 , 10
4 , 7.92 , 8.0 , 8 , 10
4 , 7.92 , 8.0 , 8 , 10
4 , 7.9 , 8.0 , 8 , 10
4 , 7.88 , 8.0 , 8 , 10
4 , 7.88 , 8.0 , 8 , 10
4 , 7.88 , 8.0 , 8 , 10
4 , 7.88 , 8.0 , 8 , 10
4 , 7.84 , 8.0 , 8 , 10
4 , 7.84 , 8.0 , 8 , 10
4 , 7.84 , 8.0 , 8 , 10
4 , 7.82 , 8.0 , 8 , 10
4 , 7.82 , 8.0 , 8 , 10
4 , 7.82 , 8.0 , 8 , 10
4 , 7.82 , 8.0 , 8 , 10
4 , 7.78 , 8.0 , 8 , 10
4 , 7.78 , 8.0 , 8 , 10
4 , 7.78 , 8.0 , 8 , 10
4 , 7.78 , 8.0 , 8 , 10
4 , 7.76 , 8.0 , 8 , 10
4 , 7.74 , 8.0 , 8 , 10
4 , 7.74 , 8.0 , 8 , 10
4 , 7.72 , 8.0 , 8 , 10
4 , 7.7 , 8.0 , 8 , 10
4 , 7.7 , 8.0 , 8 , 10
4 , 7.7 , 8.0 , 8 , 10
4 , 7.62 , 8.0 , 8 , 10
4 , 7.62 , 8.0 , 8 , 10
4 , 7.62 , 8.0 , 8 , 10
4 , 7.62 , 8.0 , 8 , 10
4 , 7.6 , 8.0 , 8 , 10
4 , 7.6 , 8.0 , 8 , 10
4 , 7.6 , 8.0 , 8 , 10
4 , 7.6 , 8.0 , 8 , 10
4 , 7.6 , 8.0 , 8 , 10
4 , 7.6 , 8.0 , 8 , 10
4 , 7.58 , 8.0 , 8 , 10
4 , 7.58 , 8.0 , 8 , 10
4 , 7.58 , 8.0 , 8 , 10
4 , 7.58 , 8.0 , 8 , 10
4 , 7.56 , 8.0 , 8 , 10
4 , 7.52 , 8.0 , 8 , 10
4 , 7.48 , 8.0 , 8 , 10
4 , 7.48 , 8.0 , 8 , 10
4 , 7.48 , 8.0 , 8 , 10
4 , 7.46 , 8.0 , 8 , 10
4 , 7.4 , 8.0 , 8 , 10
4 , 7.36 , 8.0 , 8 , 8
4 , 7.32 , 8.0 , 8 , 8
4 , 7.32 , 8.0 , 8 , 8
4 , 7.32 , 8.0 , 8 , 8
4 , 7.32 , 8.0 , 8 , 8
4 , 7.32 , 8.0 , 8 , 8
4 , 7.32 , 8.0 , 8 , 8
4 , 7.32 , 8.0 , 8 , 8
4 , 7.32 , 8.0 , 8 , 8
4 , 7.32 , 8.0 , 8 , 8
4 , 7.32 , 8.0 , 8 , 8
4 , 7.3 , 8.0 , 8 , 8
4 , 7.3 , 8.0 , 8 , 8
4 , 7.3 , 8.0 , 8 , 8
4 , 7.3 , 8.0 , 8 , 8
4 , 7.3 , 8.0 , 8 , 8
4 , 7.3 , 8.0 , 8 , 8
4 , 7.3 , 8.0 , 8 , 8
4 , 7.3 , 8.0 , 8 , 8
4 , 7.3 , 8.0 , 8 , 8
4 , 7.3 , 8.0 , 8 , 8
4 , 7.3 , 8.0 , 8 , 8
4 , 7.3 , 8.0 , 8 , 8
4 , 7.26 , 8.0 , 8 , 8
4 , 7.26 , 8.0 , 8 , 8
4 , 7.26 , 8.0 , 8 , 8
4 , 7.26 , 8.0 , 8 , 8
4 , 7.26 , 8.0 , 8 , 8
4 , 7.22 , 8.0 , 8 , 8
4 , 7.2 , 8.0 , 8 , 8
4 , 7.2 , 8.0 , 8 , 8
4 , 7.2 , 8.0 , 8 , 8
4 , 7.18 , 8.0 , 8 , 8
4 , 7.18 , 8.0 , 8 , 8
4 , 7.18 , 8.0 , 8 , 8
4 , 7.18 , 8.0 , 8 , 8
4 , 7.18 , 8.0 , 8 , 8
4 , 7.18 , 8.0 , 8 , 8
4 , 7.18 , 8.0 , 8 , 8
4 , 7.18 , 8.0 , 8 , 8
4 , 7.18 , 8.0 , 8 , 8
4 , 7.18 , 8.0 , 8 , 8
4 , 7.18 , 8.0 , 8 , 8
4 , 7.18 , 8.0 , 8 , 8
4 , 7.16 , 8.0 , 8 , 8
4 , 7.16 , 8.0 , 8 , 8
4 , 7.16 , 8.0 , 8 , 8
4 , 7.16 , 8.0 , 8 , 8
4 , 7.16 , 8.0 , 8 , 8
4 , 7.14 , 8.0 , 8 , 8
4 , 7.14 , 8.0 , 8 , 8
4 , 7.14 , 8.0 , 8 , 8
4 , 7.14 , 8.0 , 8 , 8
4 , 7.14 , 8.0 , 8 , 8
4 , 7.12 , 8.0 , 8 , 8
4 , 7.1 , 8.0 , 8 , 8
4 , 7.06 , 8.0 , 8 , 8
4 , 7.06 , 8.0 , 8 , 8
4 , 7.06 , 8.0 , 8 , 8
4 , 7.04 , 8.0 , 8 , 8
4 , 7.04 , 8.0 , 8 , 8
4 , 7.04 , 8.0 , 8 , 8
4 , 7.04 , 8.0 , 8 , 8
4 , 7.04 , 8.0 , 8 , 8
4 , 7.04 , 8.0 , 8 , 8
4 , 7.04 , 8.0 , 8 , 8
4 , 7.02 , 8.0 , 8 , 8
4 , 7.02 , 8.0 , 8 , 8
4 , 7.02 , 8.0 , 8 , 8
4 , 7.02 , 8.0 , 8 , 8
4 , 7.02 , 8.0 , 8 , 8
4 , 7.02 , 8.0 , 8 , 8
4 , 7.02 , 8.0 , 8 , 8
4 , 7.02 , 8.0 , 8 , 8
4 , 7.02 , 8.0 , 8 , 8
4 , 7.02 , 8.0 , 8 , 8
4 , 7.02 , 8.0 , 8 , 8
4 , 7.02 , 8.0 , 8 , 8
4 , 7.02 , 8.0 , 8 , 8
4 , 7.02 , 8.0 , 8 , 8
4 , 7.02 , 8.0 , 8 , 8
4 , 7.02 , 8.0 , 8 , 8
4 , 7.0 , 8.0 , 8 , 8
4 , 7.0 , 8.0 , 8 , 8
4 , 6.98 , 8.0 , 8 , 8
4 , 6.94 , 8.0 , 8 , 8
4 , 6.94 , 8.0 , 8 , 8
4 , 6.94 , 8.0 , 8 , 8
4 , 6.94 , 8.0 , 8 , 8
4 , 6.94 , 8.0 , 8 , 8
4 , 6.94 , 8.0 , 8 , 8
4 , 6.94 , 8.0 , 8 , 8
4 , 6.92 , 8.0 , 8 , 8
4 , 6.92 , 8.0 , 8 , 8
4 , 6.92 , 8.0 , 8 , 8
4 , 6.92 , 8.0 , 8 , 8
4 , 6.9 , 8.0 , 8 , 8
4 , 6.9 , 8.0 , 8 , 8
4 , 6.9 , 8.0 , 8 , 8
4 , 6.9 , 8.0 , 8 , 8
4 , 6.9 , 8.0 , 8 , 8
4 , 6.9 , 8.0 , 8 , 8
4 , 6.86 , 8.0 , 8 , 8
4 , 6.86 , 8.0 , 8 , 8
4 , 6.86 , 8.0 , 8 , 8
4 , 6.86 , 8.0 , 8 , 8
4 , 6.86 , 8.0 , 8 , 8
4 , 6.86 , 8.0 , 8 , 8
4 , 6.86 , 8.0 , 8 , 8
4 , 6.84 , 7.0 , 8 , 8
4 , 6.84 , 7.0 , 8 , 8
4 , 6.84 , 7.0 , 8 , 8
4 , 6.84 , 7.0 , 8 , 8
4 , 6.84 , 7.0 , 8 , 8
4 , 6.84 , 7.0 , 8 , 8
4 , 6.84 , 7.0 , 8 , 8
4 , 6.84 , 7.0 , 8 , 8
4 , 6.84 , 7.0 , 8 , 8
4 , 6.84 , 7.0 , 8 , 8
4 , 6.84 , 7.0 , 8 , 8
4 , 6.84 , 7.0 , 8 , 8
4 , 6.84 , 7.0 , 8 , 8
4 , 6.84 , 7.0 , 8 , 8
4 , 6.84 , 7.0 , 8 , 8
4 , 6.82 , 6.0 , 8 , 8
4 , 6.82 , 6.0 , 8 , 8
4 , 6.82 , 6.0 , 8 , 8
4 , 6.82 , 6.0 , 8 , 8
4 , 6.82 , 6.0 , 8 , 8
4 , 6.82 , 6.0 , 8 , 8
4 , 6.82 , 6.0 , 8 , 8
4 , 6.82 , 6.0 , 8 , 8
4 , 6.82 , 6.0 , 8 , 8
4 , 6.8 , 6.0 , 8 , 8
4 , 6.8 , 6.0 , 8 , 8
4 , 6.76 , 6.0 , 6 , 8
4 , 6.76 , 6.0 , 6 , 8
4 , 6.76 , 6.0 , 6 , 8
4 , 6.76 , 6.0 , 6 , 8
4 , 6.76 , 6.0 , 6 , 8
4 , 6.76 , 6.0 , 6 , 8
4 , 6.76 , 6.0 , 6 , 8
4 , 6.74 , 6.0 , 6 , 8
4 , 6.74 , 6.0 , 6 , 8
4 , 6.74 , 6.0 , 6 , 8
4 , 6.74 , 6.0 , 6 , 8
4 , 6.7 , 6.0 , 6 , 8
4 , 6.7 , 6.0 , 6 , 8
4 , 6.7 , 6.0 , 6 , 8
4 , 6.7 , 6.0 , 6 , 8
4 , 6.68 , 6.0 , 6 , 8
4 , 6.68 , 6.0 , 6 , 8
4 , 6.68 , 6.0 , 6 , 8
4 , 6.64 , 6.0 , 6 , 8
4 , 6.62 , 6.0 , 6 , 8
4 , 6.62 , 6.0 , 6 , 8
4 , 6.62 , 6.0 , 6 , 8
4 , 6.62 , 6.0 , 6 , 8
4 , 6.6 , 6.0 , 6 , 8
4 , 6.6 , 6.0 , 6 , 8
4 , 6.6 , 6.0 , 6 , 8
4 , 6.6 , 6.0 , 6 , 8
4 , 6.6 , 6.0 , 6 , 8
4 , 6.6 , 6.0 , 6 , 8
4 , 6.56 , 6.0 , 6 , 8
4 , 6.56 , 6.0 , 6 , 8
4 , 6.54 , 6.0 , 6 , 8
4 , 6.54 , 6.0 , 6 , 8
4 , 6.54 , 6.0 , 6 , 8
4 , 6.52 , 6.0 , 6 , 8
4 , 6.5 , 6.0 , 6 , 8
4 , 6.5 , 6.0 , 6 , 8
4 , 6.5 , 6.0 , 6 , 8
4 , 6.48 , 6.0 , 6 , 8
4 , 6.48 , 6.0 , 6 , 8
4 , 6.48 , 6.0 , 6 , 8
4 , 6.48 , 6.0 , 6 , 8
4 , 6.48 , 6.0 , 6 , 8
4 , 6.48 , 6.0 , 6 , 8
4 , 6.48 , 6.0 , 6 , 8
4 , 6.48 , 6.0 , 6 , 8
4 , 6.48 , 6.0 , 6 , 8
4 , 6.48 , 6.0 , 6 , 8
4 , 6.46 , 6.0 , 6 , 8
4 , 6.46 , 6.0 , 6 , 8
4 , 6.44 , 6.0 , 6 , 8
4 , 6.44 , 6.0 , 6 , 8
4 , 6.44 , 6.0 , 6 , 8
4 , 6.44 , 6.0 , 6 , 8
4 , 6.42 , 6.0 , 6 , 8
4 , 6.42 , 6.0 , 6 , 8
4 , 6.42 , 6.0 , 6 , 8
4 , 6.42 , 6.0 , 6 , 8
4 , 6.42 , 6.0 , 6 , 8
4 , 6.42 , 6.0 , 6 , 8
4 , 6.42 , 6.0 , 6 , 8
4 , 6.4 , 6.0 , 6 , 8
4 , 6.4 , 6.0 , 6 , 8
4 , 6.4 , 6.0 , 6 , 8
4 , 6.4 , 6.0 , 6 , 8
4 , 6.4 , 6.0 , 6 , 8
4 , 6.4 , 6.0 , 6 , 8
4 , 6.4 , 6.0 , 6 , 8
4 , 6.38 , 6.0 , 6 , 8
4 , 6.38 , 6.0 , 6 , 8
4 , 6.38 , 6.0 , 6 , 8
4 , 6.38 , 6.0 , 6 , 8
4 , 6.38 , 6.0 , 6 , 8
4 , 6.38 , 6.0 , 6 , 8
4 , 6.38 , 6.0 , 6 , 8
4 , 6.36 , 6.0 , 6 , 8
4 , 6.36 , 6.0 , 6 , 8
4 , 6.36 , 6.0 , 6 , 8
4 , 6.36 , 6.0 , 6 , 8
4 , 6.36 , 6.0 , 6 , 8
4 , 6.36 , 6.0 , 6 , 8
4 , 6.36 , 6.0 , 6 , 8
4 , 6.36 , 6.0 , 6 , 8
4 , 6.34 , 6.0 , 6 , 8
4 , 6.34 , 6.0 , 6 , 8
4 , 6.34 , 6.0 , 6 , 8
4 , 6.34 , 6.0 , 6 , 8
4 , 6.3 , 6.0 , 6 , 8
4 , 6.26 , 6.0 , 6 , 8
4 , 6.26 , 6.0 , 6 , 8
4 , 6.24 , 6.0 , 6 , 8
4 , 6.24 , 6.0 , 6 , 8
4 , 6.24 , 6.0 , 6 , 8
4 , 6.24 , 6.0 , 6 , 8
4 , 6.24 , 6.0 , 6 , 8
4 , 6.24 , 6.0 , 6 , 8
4 , 6.24 , 6.0 , 6 , 8
4 , 6.24 , 6.0 , 6 , 8
4 , 6.24 , 6.0 , 6 , 8
4 , 6.24 , 6.0 , 6 , 8
4 , 6.24 , 6.0 , 6 , 8
4 , 6.24 , 6.0 , 6 , 8
4 , 6.24 , 6.0 , 6 , 8
4 , 6.24 , 6.0 , 6 , 8
4 , 6.24 , 6.0 , 6 , 8
4 , 6.24 , 6.0 , 6 , 8
4 , 6.24 , 6.0 , 6 , 8
4 , 6.24 , 6.0 , 6 , 8
4 , 6.24 , 6.0 , 6 , 8
4 , 6.2 , 6.0 , 6 , 8
4 , 6.18 , 6.0 , 6 , 8
4 , 6.18 , 6.0 , 6 , 8
4 , 6.18 , 6.0 , 6 , 8
4 , 6.16 , 6.0 , 6 , 8
4 , 6.12 , 6.0 , 6 , 8
4 , 6.12 , 6.0 , 6 , 8
4 , 6.1 , 6.0 , 6 , 8
4 , 6.1 , 6.0 , 6 , 8
4 , 6.1 , 6.0 , 6 , 8
4 , 6.1 , 6.0 , 6 , 8
4 , 6.1 , 6.0 , 6 , 8
4 , 6.08 , 6.0 , 6 , 8
4 , 6.08 , 6.0 , 6 , 8
4 , 6.08 , 6.0 , 6 , 8
4 , 6.08 , 6.0 , 6 , 8
4 , 6.08 , 6.0 , 6 , 8
4 , 6.08 , 6.0 , 6 , 8
4 , 6.08 , 6.0 , 6 , 8
4 , 6.08 , 6.0 , 6 , 8
4 , 6.08 , 6.0 , 6 , 8
4 , 6.08 , 6.0 , 6 , 8
4 , 6.08 , 6.0 , 6 , 8
4 , 6.08 , 6.0 , 6 , 8
4 , 6.08 , 6.0 , 6 , 8
4 , 6.08 , 6.0 , 6 , 8
4 , 6.06 , 6.0 , 6 , 8
4 , 6.06 , 6.0 , 6 , 8
4 , 6.04 , 6.0 , 6 , 8
4 , 6.04 , 6.0 , 6 , 8
4 , 6.04 , 6.0 , 6 , 8
4 , 6.04 , 6.0 , 6 , 8
4 , 6.04 , 6.0 , 6 , 8
4 , 6.04 , 6.0 , 6 , 8
4 , 6.04 , 6.0 , 6 , 8
4 , 6.0 , 6.0 , 6 , 8
4 , 5.98 , 6.0 , 6 , 8
4 , 5.98 , 6.0 , 6 , 8
4 , 5.98 , 6.0 , 6 , 8
4 , 5.98 , 6.0 , 6 , 8
4 , 5.98 , 6.0 , 6 , 8
4 , 5.98 , 6.0 , 6 , 8
4 , 5.98 , 6.0 , 6 , 8
4 , 5.98 , 6.0 , 6 , 8
4 , 5.98 , 6.0 , 6 , 8
4 , 5.98 , 6.0 , 6 , 8
4 , 5.98 , 6.0 , 6 , 8
4 , 5.98 , 6.0 , 6 , 8
4 , 5.98 , 6.0 , 6 , 8
4 , 5.98 , 6.0 , 6 , 8
4 , 5.96 , 6.0 , 6 , 8
4 , 5.96 , 6.0 , 6 , 8
4 , 5.94 , 6.0 , 6 , 8
4 , 5.92 , 6.0 , 6 , 8
4 , 5.88 , 6.0 , 6 , 8
4 , 5.88 , 6.0 , 6 , 8
4 , 5.88 , 6.0 , 6 , 8
4 , 5.88 , 6.0 , 6 , 8
4 , 5.84 , 6.0 , 6 , 8
4 , 5.8 , 6.0 , 6 , 8
4 , 5.8 , 6.0 , 6 , 8
4 , 5.8 , 6.0 , 6 , 8
4 , 5.78 , 6.0 , 6 , 8
4 , 5.76 , 6.0 , 6 , 8
4 , 5.76 , 6.0 , 6 , 8
4 , 5.74 , 6.0 , 6 , 8
4 , 5.74 , 6.0 , 6 , 8
4 , 5.74 , 6.0 , 6 , 8
4 , 5.7 , 6.0 , 6 , 8
4 , 5.7 , 6.0 , 6 , 8
4 , 5.68 , 6.0 , 6 , 8
4 , 5.66 , 6.0 , 6 , 8
4 , 5.66 , 6.0 , 6 , 8
4 , 5.66 , 6.0 , 6 , 8
4 , 5.66 , 6.0 , 6 , 8
4 , 5.66 , 6.0 , 6 , 8
4 , 5.66 , 6.0 , 6 , 8
4 , 5.66 , 6.0 , 6 , 8
4 , 5.64 , 6.0 , 6 , 6
4 , 5.64 , 6.0 , 6 , 6
4 , 5.64 , 6.0 , 6 , 6
4 , 5.64 , 6.0 , 6 , 6
4 , 5.64 , 6.0 , 6 , 6
4 , 5.64 , 6.0 , 6 , 6
2 , 5.6 , 6.0 , 6 , 6
2 , 5.6 , 6.0 , 6 , 6
2 , 5.6 , 6.0 , 6 , 6
2 , 5.6 , 6.0 , 6 , 6
2 , 5.6 , 6.0 , 6 , 6
2 , 5.6 , 6.0 , 6 , 6
2 , 5.58 , 6.0 , 6 , 6
2 , 5.58 , 6.0 , 6 , 6
2 , 5.58 , 6.0 , 6 , 6
2 , 5.58 , 6.0 , 6 , 6
2 , 5.58 , 6.0 , 6 , 6
2 , 5.58 , 6.0 , 6 , 6
2 , 5.58 , 6.0 , 6 , 6
2 , 5.58 , 6.0 , 6 , 6
2 , 5.58 , 6.0 , 6 , 6
2 , 5.58 , 6.0 , 6 , 6
2 , 5.58 , 6.0 , 6 , 6
2 , 5.58 , 6.0 , 6 , 6
2 , 5.58 , 6.0 , 6 , 6
2 , 5.58 , 6.0 , 6 , 6
2 , 5.58 , 6.0 , 6 , 6
2 , 5.58 , 6.0 , 6 , 6
2 , 5.58 , 6.0 , 6 , 6
2 , 5.56 , 6.0 , 6 , 6
2 , 5.56 , 6.0 , 6 , 6
2 , 5.54 , 6.0 , 6 , 6
2 , 5.52 , 6.0 , 6 , 6
2 , 5.52 , 6.0 , 6 , 6
2 , 5.5 , 6.0 , 6 , 6
2 , 5.5 , 6.0 , 6 , 6
2 , 5.5 , 6.0 , 6 , 6
2 , 5.5 , 6.0 , 6 , 6
2 , 5.5 , 6.0 , 6 , 6
2 , 5.5 , 6.0 , 6 , 6
2 , 5.5 , 6.0 , 6 , 6
2 , 5.5 , 6.0 , 6 , 6
2 , 5.5 , 6.0 , 6 , 6
2 , 5.5 , 6.0 , 6 , 6
2 , 5.48 , 6.0 , 6 , 6
2 , 5.48 , 6.0 , 6 , 6
2 , 5.48 , 6.0 , 6 , 6
2 , 5.48 , 6.0 , 6 , 6
2 , 5.48 , 6.0 , 6 , 6
2 , 5.48 , 6.0 , 6 , 6
2 , 5.48 , 6.0 , 6 , 6
2 , 5.48 , 6.0 , 6 , 6
2 , 5.48 , 6.0 , 6 , 6
2 , 5.48 , 6.0 , 6 , 6
2 , 5.48 , 6.0 , 6 , 6
2 , 5.46 , 6.0 , 6 , 6
2 , 5.46 , 6.0 , 6 , 6
2 , 5.46 , 6.0 , 6 , 6
2 , 5.46 , 6.0 , 6 , 6
2 , 5.44 , 6.0 , 6 , 6
2 , 5.44 , 6.0 , 6 , 6
2 , 5.44 , 6.0 , 6 , 6
2 , 5.44 , 6.0 , 6 , 6
2 , 5.44 , 6.0 , 6 , 6
2 , 5.44 , 6.0 , 6 , 6
2 , 5.44 , 6.0 , 6 , 6
2 , 5.44 , 6.0 , 6 , 6
2 , 5.44 , 6.0 , 6 , 6
2 , 5.44 , 6.0 , 6 , 6
2 , 5.44 , 6.0 , 6 , 6
2 , 5.44 , 6.0 , 6 , 6
2 , 5.44 , 6.0 , 6 , 6
2 , 5.44 , 6.0 , 6 , 6
2 , 5.42 , 6.0 , 6 , 6
2 , 5.42 , 6.0 , 6 , 6
2 , 5.42 , 6.0 , 6 , 6
2 , 5.42 , 6.0 , 6 , 6
2 , 5.42 , 6.0 , 6 , 6
2 , 5.42 , 6.0 , 6 , 6
2 , 5.42 , 6.0 , 6 , 6
2 , 5.42 , 6.0 , 6 , 6
2 , 5.42 , 6.0 , 6 , 6
2 , 5.42 , 6.0 , 6 , 6
2 , 5.42 , 6.0 , 6 , 6
2 , 5.42 , 6.0 , 6 , 6
2 , 5.42 , 6.0 , 6 , 6
2 , 5.42 , 6.0 , 6 , 6
2 , 5.42 , 6.0 , 6 , 6
2 , 5.42 , 6.0 , 6 , 6
2 , 5.42 , 6.0 , 6 , 6
2 , 5.42 , 6.0 , 6 , 6
2 , 5.42 , 6.0 , 6 , 6
2 , 5.42 , 6.0 , 6 , 6
2 , 5.42 , 6.0 , 6 , 6
2 , 5.42 , 6.0 , 6 , 6
2 , 5.4 , 6.0 , 6 , 6
2 , 5.4 , 6.0 , 6 , 6
2 , 5.4 , 6.0 , 6 , 6
2 , 5.4 , 6.0 , 6 , 6
2 , 5.4 , 6.0 , 6 , 6
2 , 5.4 , 6.0 , 6 , 6
2 , 5.4 , 6.0 , 6 , 6
2 , 5.4 , 6.0 , 6 , 6
2 , 5.4 , 6.0 , 6 , 6
2 , 5.4 , 6.0 , 6 , 6
2 , 5.36 , 6.0 , 6 , 6
2 , 5.36 , 6.0 , 6 , 6
2 , 5.32 , 6.0 , 6 , 6
2 , 5.32 , 6.0 , 6 , 6
2 , 5.32 , 6.0 , 6 , 6
2 , 5.32 , 6.0 , 6 , 6
2 , 5.32 , 6.0 , 6 , 6
2 , 5.32 , 6.0 , 6 , 6
2 , 5.32 , 6.0 , 6 , 6
2 , 5.32 , 6.0 , 6 , 6
2 , 5.32 , 6.0 , 6 , 6
2 , 5.3 , 6.0 , 6 , 6
2 , 5.3 , 6.0 , 6 , 6
2 , 5.3 , 6.0 , 6 , 6
2 , 5.3 , 6.0 , 6 , 6
2 , 5.3 , 6.0 , 6 , 6
2 , 5.3 , 6.0 , 6 , 6
2 , 5.3 , 6.0 , 6 , 6
2 , 5.3 , 6.0 , 6 , 6
2 , 5.3 , 6.0 , 6 , 6
2 , 5.3 , 6.0 , 6 , 6
2 , 5.3 , 6.0 , 6 , 6
2 , 5.3 , 6.0 , 6 , 6
2 , 5.3 , 6.0 , 6 , 6
2 , 5.28 , 6.0 , 6 , 6
2 , 5.28 , 6.0 , 6 , 6
2 , 5.26 , 6.0 , 6 , 6
2 , 5.26 , 6.0 , 6 , 6
2 , 5.26 , 6.0 , 6 , 6
2 , 5.24 , 6.0 , 6 , 6
2 , 5.22 , 6.0 , 6 , 6
2 , 5.2 , 6.0 , 6 , 6
2 , 5.2 , 6.0 , 6 , 6
2 , 5.2 , 6.0 , 6 , 6
2 , 5.2 , 6.0 , 6 , 6
2 , 5.2 , 6.0 , 6 , 6
2 , 5.2 , 6.0 , 6 , 6
2 , 5.2 , 6.0 , 6 , 6
2 , 5.2 , 6.0 , 6 , 6
2 , 5.2 , 6.0 , 6 , 6
2 , 5.2 , 6.0 , 6 , 6
2 , 5.2 , 6.0 , 6 , 6
2 , 5.2 , 6.0 , 6 , 6
2 , 5.2 , 6.0 , 6 , 6
2 , 5.2 , 6.0 , 6 , 6
2 , 5.2 , 6.0 , 6 , 6
2 , 5.2 , 6.0 , 6 , 6
2 , 5.2 , 6.0 , 6 , 6
2 , 5.2 , 6.0 , 6 , 6
2 , 5.16 , 6.0 , 6 , 6
2 , 5.16 , 6.0 , 6 , 6
2 , 5.16 , 6.0 , 6 , 6
2 , 5.16 , 6.0 , 6 , 6
2 , 5.16 , 6.0 , 6 , 6
2 , 5.16 , 6.0 , 6 , 6
2 , 5.14 , 6.0 , 6 , 6
2 , 5.14 , 6.0 , 6 , 6
2 , 5.14 , 6.0 , 6 , 6
2 , 5.14 , 6.0 , 6 , 6
2 , 5.14 , 6.0 , 6 , 6
2 , 5.14 , 6.0 , 6 , 6
2 , 5.12 , 6.0 , 6 , 6
2 , 5.12 , 6.0 , 6 , 6
2 , 5.12 , 6.0 , 6 , 6
2 , 5.12 , 6.0 , 6 , 6
2 , 5.12 , 6.0 , 6 , 6
2 , 5.12 , 6.0 , 6 , 6
2 , 5.12 , 6.0 , 6 , 6
2 , 5.12 , 6.0 , 6 , 6
2 , 5.12 , 6.0 , 6 , 6
2 , 5.12 , 6.0 , 6 , 6
2 , 5.12 , 6.0 , 6 , 6
2 , 5.12 , 6.0 , 6 , 6
2 , 5.12 , 6.0 , 6 , 6
2 , 5.12 , 6.0 , 6 , 6
2 , 5.12 , 6.0 , 6 , 6
2 , 5.12 , 6.0 , 6 , 6
2 , 5.12 , 6.0 , 6 , 6
2 , 5.12 , 6.0 , 6 , 6
2 , 5.12 , 6.0 , 6 , 6
2 , 5.12 , 6.0 , 6 , 6
2 , 5.12 , 6.0 , 6 , 6
2 , 5.12 , 6.0 , 6 , 6
2 , 5.12 , 6.0 , 6 , 6
2 , 5.12 , 6.0 , 6 , 6
2 , 5.12 , 6.0 , 6 , 6
2 , 5.12 , 6.0 , 6 , 6
2 , 5.12 , 6.0 , 6 , 6
2 , 5.12 , 6.0 , 6 , 6
2 , 5.12 , 6.0 , 6 , 6
2 , 5.12 , 6.0 , 6 , 6
2 , 5.12 , 6.0 , 6 , 6
2 , 5.12 , 6.0 , 6 , 6
2 , 5.12 , 6.0 , 6 , 6
2 , 5.12 , 6.0 , 6 , 6
2 , 5.12 , 6.0 , 6 , 6
2 , 5.12 , 6.0 , 6 , 6
2 , 5.12 , 6.0 , 6 , 6
2 , 5.1 , 6.0 , 6 , 6
2 , 5.1 , 6.0 , 6 , 6
2 , 5.1 , 6.0 , 6 , 6
2 , 5.1 , 6.0 , 6 , 6
2 , 5.1 , 6.0 , 6 , 6
2 , 5.1 , 6.0 , 6 , 6
2 , 5.1 , 6.0 , 6 , 6
2 , 5.1 , 6.0 , 6 , 6
2 , 5.1 , 6.0 , 6 , 6
2 , 5.1 , 6.0 , 6 , 6
2 , 5.1 , 6.0 , 6 , 6
2 , 5.1 , 6.0 , 6 , 6
2 , 5.1 , 6.0 , 6 , 6
2 , 5.1 , 6.0 , 6 , 6
2 , 5.1 , 6.0 , 6 , 6
2 , 5.1 , 6.0 , 6 , 6
2 , 5.1 , 6.0 , 6 , 6
2 , 5.1 , 6.0 , 6 , 6
2 , 5.1 , 6.0 , 6 , 6
2 , 5.1 , 6.0 , 6 , 6
2 , 5.1 , 6.0 , 6 , 6
2 , 5.1 , 6.0 , 6 , 6
2 , 5.1 , 6.0 , 6 , 6
2 , 5.1 , 6.0 , 6 , 6
2 , 5.08 , 6.0 , 6 , 6
2 , 5.08 , 6.0 , 6 , 6
2 , 5.08 , 6.0 , 6 , 6
2 , 5.08 , 6.0 , 6 , 6
2 , 5.08 , 6.0 , 6 , 6
2 , 5.08 , 6.0 , 6 , 6
2 , 5.08 , 6.0 , 6 , 6
2 , 5.06 , 6.0 , 6 , 6
2 , 5.04 , 6.0 , 6 , 6
2 , 5.04 , 6.0 , 6 , 6
2 , 5.04 , 6.0 , 6 , 6
2 , 5.04 , 6.0 , 6 , 6
2 , 5.04 , 6.0 , 6 , 6
2 , 5.04 , 6.0 , 6 , 6
2 , 5.04 , 6.0 , 6 , 6
2 , 5.04 , 6.0 , 6 , 6
2 , 5.04 , 6.0 , 6 , 6
2 , 5.04 , 6.0 , 6 , 6
2 , 5.04 , 6.0 , 6 , 6
2 , 5.0 , 6.0 , 6 , 6
2 , 5.0 , 6.0 , 6 , 6
2 , 5.0 , 6.0 , 6 , 6
2 , 5.0 , 6.0 , 6 , 6
2 , 5.0 , 6.0 , 6 , 6
2 , 5.0 , 6.0 , 6 , 6
2 , 5.0 , 6.0 , 6 , 6
2 , 5.0 , 6.0 , 6 , 6
2 , 5.0 , 6.0 , 6 , 6
2 , 4.98 , 6.0 , 6 , 6
2 , 4.98 , 6.0 , 6 , 6
2 , 4.98 , 6.0 , 6 , 6
2 , 4.98 , 6.0 , 6 , 6
2 , 4.98 , 6.0 , 6 , 6
2 , 4.98 , 6.0 , 6 , 6
2 , 4.98 , 6.0 , 6 , 6
2 , 4.98 , 6.0 , 6 , 6
2 , 4.98 , 6.0 , 6 , 6
2 , 4.98 , 6.0 , 6 , 6
2 , 4.96 , 6.0 , 6 , 6
2 , 4.96 , 6.0 , 6 , 6
2 , 4.96 , 6.0 , 6 , 6
2 , 4.96 , 6.0 , 6 , 6
2 , 4.96 , 6.0 , 6 , 6
2 , 4.96 , 6.0 , 6 , 6
2 , 4.96 , 6.0 , 6 , 6
2 , 4.96 , 6.0 , 6 , 6
2 , 4.96 , 6.0 , 6 , 6
2 , 4.96 , 6.0 , 6 , 6
2 , 4.96 , 6.0 , 6 , 6
2 , 4.96 , 6.0 , 6 , 6
2 , 4.96 , 6.0 , 6 , 6
2 , 4.96 , 6.0 , 6 , 6
2 , 4.96 , 6.0 , 6 , 6
2 , 4.96 , 6.0 , 6 , 6
2 , 4.96 , 6.0 , 6 , 6
2 , 4.96 , 6.0 , 6 , 6
2 , 4.96 , 6.0 , 6 , 6
2 , 4.96 , 6.0 , 6 , 6
2 , 4.96 , 6.0 , 6 , 6
2 , 4.96 , 6.0 , 6 , 6
2 , 4.96 , 6.0 , 6 , 6
2 , 4.96 , 6.0 , 6 , 6
2 , 4.96 , 6.0 , 6 , 6
2 , 4.96 , 6.0 , 6 , 6
2 , 4.96 , 6.0 , 6 , 6
2 , 4.96 , 6.0 , 6 , 6
2 , 4.92 , 6.0 , 6 , 6
2 , 4.92 , 6.0 , 6 , 6
2 , 4.92 , 6.0 , 6 , 6
2 , 4.92 , 6.0 , 6 , 6
2 , 4.92 , 6.0 , 6 , 6
2 , 4.92 , 6.0 , 6 , 6
2 , 4.92 , 6.0 , 6 , 6
2 , 4.9 , 6.0 , 6 , 6
2 , 4.9 , 6.0 , 6 , 6
2 , 4.9 , 6.0 , 6 , 6
2 , 4.9 , 6.0 , 6 , 6
2 , 4.9 , 6.0 , 6 , 6
2 , 4.9 , 6.0 , 6 , 6
2 , 4.9 , 6.0 , 6 , 6
2 , 4.9 , 6.0 , 6 , 6
2 , 4.9 , 6.0 , 6 , 6
2 , 4.9 , 6.0 , 6 , 6
2 , 4.9 , 6.0 , 6 , 6
2 , 4.9 , 6.0 , 6 , 6
2 , 4.88 , 5.0 , 6 , 6
2 , 4.88 , 5.0 , 6 , 6
2 , 4.88 , 5.0 , 6 , 6
2 , 4.88 , 5.0 , 6 , 6
2 , 4.88 , 5.0 , 6 , 6
2 , 4.88 , 5.0 , 6 , 6
2 , 4.86 , 4.0 , 6 , 6
2 , 4.86 , 4.0 , 6 , 6
2 , 4.86 , 4.0 , 6 , 6
2 , 4.86 , 4.0 , 6 , 6
2 , 4.84 , 4.0 , 6 , 6
2 , 4.84 , 4.0 , 6 , 6
2 , 4.82 , 4.0 , 4 , 6
2 , 4.82 , 4.0 , 4 , 6
2 , 4.82 , 4.0 , 4 , 6
2 , 4.8 , 4.0 , 4 , 6
2 , 4.8 , 4.0 , 4 , 6
2 , 4.8 , 4.0 , 4 , 6
2 , 4.8 , 4.0 , 4 , 6
2 , 4.8 , 4.0 , 4 , 6
2 , 4.78 , 4.0 , 4 , 6
2 , 4.78 , 4.0 , 4 , 6
2 , 4.78 , 4.0 , 4 , 6
2 , 4.76 , 4.0 , 4 , 6
2 , 4.76 , 4.0 , 4 , 6
2 , 4.72 , 4.0 , 4 , 6
2 , 4.72 , 4.0 , 4 , 6
2 , 4.72 , 4.0 , 4 , 6
2 , 4.7 , 4.0 , 4 , 6
2 , 4.7 , 4.0 , 4 , 6
2 , 4.7 , 4.0 , 4 , 6
2 , 4.7 , 4.0 , 4 , 6
2 , 4.7 , 4.0 , 4 , 6
2 , 4.7 , 4.0 , 4 , 6
2 , 4.7 , 4.0 , 4 , 6
2 , 4.7 , 4.0 , 4 , 6
2 , 4.7 , 4.0 , 4 , 6
2 , 4.7 , 4.0 , 4 , 6
2 , 4.7 , 4.0 , 4 , 6
2 , 4.68 , 4.0 , 4 , 6
2 , 4.68 , 4.0 , 4 , 6
2 , 4.68 , 4.0 , 4 , 6
2 , 4.68 , 4.0 , 4 , 6
2 , 4.68 , 4.0 , 4 , 6
2 , 4.68 , 4.0 , 4 , 6
2 , 4.68 , 4.0 , 4 , 6
2 , 4.68 , 4.0 , 4 , 6
2 , 4.68 , 4.0 , 4 , 6
2 , 4.68 , 4.0 , 4 , 6
2 , 4.68 , 4.0 , 4 , 6
2 , 4.68 , 4.0 , 4 , 6
2 , 4.68 , 4.0 , 4 , 6
2 , 4.68 , 4.0 , 4 , 6
2 , 4.68 , 4.0 , 4 , 6
2 , 4.68 , 4.0 , 4 , 6
2 , 4.68 , 4.0 , 4 , 6
2 , 4.68 , 4.0 , 4 , 6
2 , 4.68 , 4.0 , 4 , 6
2 , 4.64 , 4.0 , 4 , 6
2 , 4.64 , 4.0 , 4 , 6
2 , 4.64 , 4.0 , 4 , 6
2 , 4.64 , 4.0 , 4 , 6
2 , 4.64 , 4.0 , 4 , 6
2 , 4.64 , 4.0 , 4 , 6
2 , 4.64 , 4.0 , 4 , 6
2 , 4.64 , 4.0 , 4 , 6
2 , 4.64 , 4.0 , 4 , 6
2 , 4.6 , 4.0 , 4 , 6
2 , 4.6 , 4.0 , 4 , 6
2 , 4.6 , 4.0 , 4 , 6
2 , 4.56 , 4.0 , 4 , 6
2 , 4.56 , 4.0 , 4 , 6
2 , 4.56 , 4.0 , 4 , 6
2 , 4.56 , 4.0 , 4 , 6
2 , 4.56 , 4.0 , 4 , 6
2 , 4.56 , 4.0 , 4 , 6
2 , 4.56 , 4.0 , 4 , 6
2 , 4.52 , 4.0 , 4 , 6
2 , 4.52 , 4.0 , 4 , 6
2 , 4.52 , 4.0 , 4 , 6
2 , 4.52 , 4.0 , 4 , 6
2 , 4.52 , 4.0 , 4 , 6
2 , 4.5 , 4.0 , 4 , 6
0  Perfect solutions
perfect solution individuals []
