6 , 15.54 , 16.0 , 16 , 26
6 , 15.34 , 16.0 , 16 , 24
6 , 15.14 , 16.0 , 16 , 24
6 , 15.0 , 16.0 , 16 , 24
6 , 14.78 , 16.0 , 16 , 22
6 , 14.62 , 15.0 , 16 , 22
6 , 14.46 , 14.0 , 16 , 20
6 , 14.44 , 14.0 , 16 , 20
6 , 14.34 , 14.0 , 16 , 20
6 , 14.28 , 14.0 , 16 , 20
6 , 14.16 , 14.0 , 16 , 18
6 , 14.08 , 14.0 , 16 , 18
6 , 14.0 , 14.0 , 14 , 18
6 , 13.94 , 14.0 , 14 , 18
6 , 13.94 , 14.0 , 14 , 18
6 , 13.82 , 14.0 , 14 , 18
6 , 13.78 , 14.0 , 14 , 18
6 , 13.72 , 14.0 , 14 , 18
6 , 13.62 , 14.0 , 14 , 18
6 , 13.6 , 14.0 , 16 , 18
6 , 13.44 , 14.0 , 16 , 18
6 , 13.28 , 14.0 , 16 , 18
6 , 13.2 , 14.0 , 16 , 18
6 , 13.12 , 14.0 , 16 , 18
6 , 13.0 , 14.0 , 16 , 18
6 , 12.88 , 14.0 , 16 , 18
6 , 12.74 , 14.0 , 16 , 16
6 , 12.72 , 14.0 , 14 , 16
6 , 12.7 , 14.0 , 14 , 16
6 , 12.7 , 14.0 , 14 , 16
6 , 12.62 , 14.0 , 14 , 16
6 , 12.54 , 14.0 , 14 , 16
6 , 12.44 , 14.0 , 14 , 16
6 , 12.42 , 14.0 , 14 , 16
6 , 12.38 , 13.0 , 14 , 16
6 , 12.36 , 13.0 , 14 , 16
6 , 12.36 , 13.0 , 14 , 16
6 , 12.28 , 12.0 , 14 , 16
6 , 12.24 , 12.0 , 14 , 16
6 , 12.2 , 12.0 , 14 , 16
6 , 12.14 , 12.0 , 14 , 16
6 , 12.12 , 12.0 , 14 , 16
6 , 12.04 , 12.0 , 14 , 16
6 , 12.02 , 12.0 , 14 , 16
6 , 11.96 , 12.0 , 14 , 16
6 , 11.84 , 12.0 , 14 , 16
6 , 11.84 , 12.0 , 14 , 16
6 , 11.74 , 12.0 , 14 , 16
6 , 11.62 , 12.0 , 14 , 16
6 , 11.58 , 12.0 , 14 , 14
6 , 11.54 , 12.0 , 14 , 14
6 , 11.44 , 12.0 , 14 , 14
6 , 11.4 , 12.0 , 14 , 14
6 , 11.34 , 12.0 , 14 , 14
6 , 11.34 , 12.0 , 14 , 14
4 , 11.22 , 12.0 , 10 , 14
4 , 11.12 , 12.0 , 10 , 14
4 , 11.08 , 12.0 , 10 , 14
4 , 11.06 , 12.0 , 10 , 14
4 , 11.0 , 12.0 , 10 , 14
4 , 10.98 , 12.0 , 10 , 14
4 , 10.96 , 12.0 , 12 , 14
4 , 10.88 , 12.0 , 12 , 14
4 , 10.84 , 11.0 , 12 , 14
4 , 10.74 , 10.0 , 10 , 14
4 , 10.72 , 10.0 , 12 , 14
4 , 10.72 , 10.0 , 12 , 14
4 , 10.72 , 10.0 , 12 , 14
4 , 10.72 , 10.0 , 12 , 14
4 , 10.72 , 10.0 , 12 , 14
4 , 10.72 , 10.0 , 12 , 14
4 , 10.6 , 10.0 , 12 , 14
4 , 10.52 , 10.0 , 12 , 14
4 , 10.44 , 10.0 , 12 , 14
4 , 10.4 , 10.0 , 12 , 14
4 , 10.36 , 10.0 , 12 , 14
4 , 10.28 , 10.0 , 12 , 14
4 , 10.18 , 10.0 , 12 , 14
4 , 10.14 , 10.0 , 12 , 14
4 , 10.14 , 10.0 , 12 , 14
4 , 10.08 , 10.0 , 12 , 14
4 , 10.02 , 10.0 , 12 , 12
4 , 9.9 , 10.0 , 10 , 12
4 , 9.86 , 10.0 , 10 , 12
4 , 9.86 , 10.0 , 10 , 12
4 , 9.86 , 10.0 , 10 , 12
4 , 9.82 , 10.0 , 10 , 12
4 , 9.82 , 10.0 , 10 , 12
4 , 9.8 , 10.0 , 10 , 12
4 , 9.8 , 10.0 , 10 , 12
4 , 9.74 , 10.0 , 10 , 12
4 , 9.66 , 10.0 , 10 , 12
4 , 9.66 , 10.0 , 10 , 12
4 , 9.66 , 10.0 , 10 , 12
4 , 9.64 , 10.0 , 10 , 12
4 , 9.6 , 10.0 , 10 , 12
4 , 9.58 , 10.0 , 10 , 12
4 , 9.54 , 10.0 , 10 , 12
4 , 9.54 , 10.0 , 10 , 12
4 , 9.52 , 10.0 , 10 , 12
4 , 9.5 , 10.0 , 10 , 12
4 , 9.48 , 10.0 , 10 , 12
4 , 9.42 , 10.0 , 10 , 12
4 , 9.38 , 10.0 , 10 , 12
4 , 9.34 , 10.0 , 10 , 12
4 , 9.3 , 10.0 , 10 , 12
4 , 9.3 , 10.0 , 10 , 12
4 , 9.22 , 10.0 , 10 , 12
4 , 9.16 , 10.0 , 10 , 12
4 , 9.16 , 10.0 , 10 , 12
4 , 9.12 , 10.0 , 10 , 12
4 , 9.08 , 10.0 , 10 , 12
4 , 9.06 , 10.0 , 10 , 12
4 , 9.04 , 10.0 , 10 , 12
4 , 9.02 , 10.0 , 10 , 12
4 , 9.02 , 10.0 , 10 , 12
4 , 8.96 , 10.0 , 10 , 12
4 , 8.92 , 10.0 , 10 , 12
4 , 8.92 , 10.0 , 10 , 12
4 , 8.8 , 10.0 , 10 , 12
4 , 8.8 , 10.0 , 10 , 12
4 , 8.78 , 10.0 , 10 , 12
4 , 8.74 , 9.0 , 10 , 12
4 , 8.74 , 9.0 , 10 , 12
4 , 8.74 , 9.0 , 10 , 12
4 , 8.68 , 8.0 , 10 , 10
4 , 8.66 , 8.0 , 10 , 10
4 , 8.66 , 8.0 , 10 , 10
4 , 8.66 , 8.0 , 10 , 10
4 , 8.64 , 8.0 , 10 , 10
4 , 8.62 , 8.0 , 10 , 10
4 , 8.62 , 8.0 , 10 , 10
4 , 8.6 , 8.0 , 8 , 10
4 , 8.6 , 8.0 , 8 , 10
4 , 8.6 , 8.0 , 8 , 10
4 , 8.6 , 8.0 , 8 , 10
4 , 8.6 , 8.0 , 8 , 10
4 , 8.58 , 8.0 , 8 , 10
4 , 8.58 , 8.0 , 8 , 10
4 , 8.56 , 8.0 , 8 , 10
4 , 8.52 , 8.0 , 8 , 10
4 , 8.52 , 8.0 , 8 , 10
4 , 8.48 , 8.0 , 8 , 10
4 , 8.48 , 8.0 , 8 , 10
4 , 8.48 , 8.0 , 8 , 10
4 , 8.48 , 8.0 , 8 , 10
4 , 8.46 , 8.0 , 8 , 10
4 , 8.42 , 8.0 , 8 , 10
4 , 8.4 , 8.0 , 8 , 10
4 , 8.38 , 8.0 , 8 , 10
4 , 8.36 , 8.0 , 8 , 10
4 , 8.32 , 8.0 , 8 , 10
4 , 8.32 , 8.0 , 8 , 10
4 , 8.28 , 8.0 , 8 , 10
4 , 8.28 , 8.0 , 8 , 10
4 , 8.28 , 8.0 , 8 , 10
4 , 8.28 , 8.0 , 8 , 10
4 , 8.28 , 8.0 , 8 , 10
4 , 8.24 , 8.0 , 8 , 10
4 , 8.16 , 8.0 , 8 , 10
4 , 8.14 , 8.0 , 8 , 10
4 , 8.14 , 8.0 , 8 , 10
4 , 8.06 , 8.0 , 8 , 10
4 , 8.02 , 8.0 , 8 , 10
0 , 7.92 , 8.0 , 8 , 10
0 , 7.88 , 8.0 , 8 , 10
0 , 7.84 , 8.0 , 8 , 10
0 , 7.82 , 8.0 , 8 , 10
0 , 7.82 , 8.0 , 8 , 10
0 , 7.82 , 8.0 , 8 , 10
0 , 7.8 , 8.0 , 8 , 10
0 , 7.74 , 8.0 , 8 , 10
0 , 7.74 , 8.0 , 8 , 10
0 , 7.74 , 8.0 , 8 , 10
0 , 7.72 , 8.0 , 8 , 10
0 , 7.7 , 8.0 , 8 , 10
0 , 7.68 , 8.0 , 8 , 10
0 , 7.68 , 8.0 , 8 , 10
0 , 7.68 , 8.0 , 8 , 10
0 , 7.68 , 8.0 , 8 , 10
0 , 7.68 , 8.0 , 8 , 10
0 , 7.68 , 8.0 , 8 , 10
0 , 7.64 , 8.0 , 8 , 10
0 , 7.64 , 8.0 , 8 , 10
0 , 7.64 , 8.0 , 8 , 10
0 , 7.58 , 8.0 , 8 , 10
0 , 7.58 , 8.0 , 8 , 10
0 , 7.58 , 8.0 , 8 , 10
0 , 7.54 , 8.0 , 8 , 10
0 , 7.54 , 8.0 , 8 , 10
0 , 7.54 , 8.0 , 8 , 10
0 , 7.52 , 8.0 , 8 , 10
0 , 7.52 , 8.0 , 8 , 10
0 , 7.52 , 8.0 , 8 , 10
0 , 7.52 , 8.0 , 8 , 10
0 , 7.5 , 8.0 , 8 , 10
0 , 7.48 , 8.0 , 8 , 10
0 , 7.44 , 8.0 , 8 , 10
0 , 7.42 , 8.0 , 8 , 10
0 , 7.36 , 8.0 , 8 , 10
0 , 7.36 , 8.0 , 8 , 10
0 , 7.36 , 8.0 , 8 , 10
0 , 7.36 , 8.0 , 8 , 10
0 , 7.32 , 8.0 , 8 , 10
0 , 7.24 , 8.0 , 8 , 8
0 , 7.24 , 8.0 , 8 , 8
0 , 7.24 , 8.0 , 8 , 8
0 , 7.24 , 8.0 , 8 , 8
0 , 7.24 , 8.0 , 8 , 8
0 , 7.24 , 8.0 , 8 , 8
0 , 7.24 , 8.0 , 8 , 8
0 , 7.22 , 8.0 , 8 , 8
0 , 7.2 , 8.0 , 8 , 8
0 , 7.2 , 8.0 , 8 , 8
0 , 7.2 , 8.0 , 8 , 8
0 , 7.2 , 8.0 , 8 , 8
0 , 7.2 , 8.0 , 8 , 8
0 , 7.2 , 8.0 , 8 , 8
0 , 7.2 , 8.0 , 8 , 8
0 , 7.2 , 8.0 , 8 , 8
0 , 7.2 , 8.0 , 8 , 8
0 , 7.18 , 8.0 , 8 , 8
0 , 7.18 , 8.0 , 8 , 8
0 , 7.16 , 8.0 , 8 , 8
0 , 7.16 , 8.0 , 8 , 8
0 , 7.16 , 8.0 , 8 , 8
0 , 7.16 , 8.0 , 8 , 8
0 , 7.16 , 8.0 , 8 , 8
0 , 7.14 , 8.0 , 8 , 8
0 , 7.14 , 8.0 , 8 , 8
0 , 7.14 , 8.0 , 8 , 8
0 , 7.14 , 8.0 , 8 , 8
0 , 7.14 , 8.0 , 8 , 8
0 , 7.14 , 8.0 , 8 , 8
0 , 7.14 , 8.0 , 8 , 8
0 , 7.12 , 8.0 , 8 , 8
0 , 7.12 , 8.0 , 8 , 8
0 , 7.12 , 8.0 , 8 , 8
0 , 7.12 , 8.0 , 8 , 8
0 , 7.12 , 8.0 , 8 , 8
0 , 7.12 , 8.0 , 8 , 8
0 , 7.12 , 8.0 , 8 , 8
0 , 7.08 , 8.0 , 8 , 8
0 , 7.08 , 8.0 , 8 , 8
0 , 7.06 , 8.0 , 8 , 8
0 , 7.06 , 8.0 , 8 , 8
0 , 7.06 , 8.0 , 8 , 8
0 , 7.06 , 8.0 , 8 , 8
0 , 7.06 , 8.0 , 8 , 8
0 , 7.06 , 8.0 , 8 , 8
0 , 7.06 , 8.0 , 8 , 8
0 , 7.06 , 8.0 , 8 , 8
0 , 7.06 , 8.0 , 8 , 8
0 , 7.06 , 8.0 , 8 , 8
0 , 7.06 , 8.0 , 8 , 8
0 , 7.06 , 8.0 , 8 , 8
0 , 7.06 , 8.0 , 8 , 8
0 , 7.06 , 8.0 , 8 , 8
0 , 7.06 , 8.0 , 8 , 8
0 , 7.06 , 8.0 , 8 , 8
0 , 7.06 , 8.0 , 8 , 8
0 , 7.06 , 8.0 , 8 , 8
0 , 7.06 , 8.0 , 8 , 8
0 , 7.06 , 8.0 , 8 , 8
0 , 7.06 , 8.0 , 8 , 8
0 , 7.06 , 8.0 , 8 , 8
0 , 7.06 , 8.0 , 8 , 8
0 , 7.06 , 8.0 , 8 , 8
0 , 7.06 , 8.0 , 8 , 8
0 , 7.06 , 8.0 , 8 , 8
0 , 7.06 , 8.0 , 8 , 8
0 , 7.06 , 8.0 , 8 , 8
0 , 7.02 , 8.0 , 8 , 8
0 , 6.98 , 8.0 , 8 , 8
0 , 6.98 , 8.0 , 8 , 8
0 , 6.96 , 8.0 , 8 , 8
0 , 6.96 , 8.0 , 8 , 8
0 , 6.96 , 8.0 , 8 , 8
0 , 6.92 , 8.0 , 8 , 8
0 , 6.92 , 8.0 , 8 , 8
0 , 6.9 , 8.0 , 8 , 8
0 , 6.9 , 8.0 , 8 , 8
0 , 6.9 , 8.0 , 8 , 8
0 , 6.84 , 8.0 , 8 , 8
0 , 6.84 , 8.0 , 8 , 8
0 , 6.84 , 8.0 , 8 , 8
0 , 6.84 , 8.0 , 8 , 8
0 , 6.84 , 8.0 , 8 , 8
0 , 6.8 , 8.0 , 8 , 8
0 , 6.8 , 8.0 , 8 , 8
0 , 6.8 , 8.0 , 8 , 8
0 , 6.8 , 8.0 , 8 , 8
0 , 6.8 , 8.0 , 8 , 8
0 , 6.8 , 8.0 , 8 , 8
0 , 6.8 , 8.0 , 8 , 8
0 , 6.8 , 8.0 , 8 , 8
0 , 6.78 , 8.0 , 8 , 8
0 , 6.78 , 8.0 , 8 , 8
0 , 6.78 , 8.0 , 8 , 8
0 , 6.78 , 8.0 , 8 , 8
0 , 6.78 , 8.0 , 8 , 8
0 , 6.76 , 8.0 , 8 , 8
0 , 6.76 , 8.0 , 8 , 8
0 , 6.76 , 8.0 , 8 , 8
0 , 6.76 , 8.0 , 8 , 8
0 , 6.72 , 8.0 , 8 , 8
0 , 6.72 , 8.0 , 8 , 8
0 , 6.72 , 8.0 , 8 , 8
0 , 6.72 , 8.0 , 8 , 8
0 , 6.7 , 8.0 , 8 , 8
0 , 6.7 , 8.0 , 8 , 8
0 , 6.7 , 8.0 , 8 , 8
0 , 6.7 , 8.0 , 8 , 8
0 , 6.7 , 8.0 , 8 , 8
0 , 6.7 , 8.0 , 8 , 8
0 , 6.68 , 7.0 , 8 , 8
0 , 6.68 , 7.0 , 8 , 8
0 , 6.68 , 7.0 , 8 , 8
0 , 6.68 , 7.0 , 8 , 8
0 , 6.64 , 6.0 , 8 , 8
0 , 6.64 , 6.0 , 8 , 8
0 , 6.62 , 6.0 , 8 , 8
0 , 6.62 , 6.0 , 8 , 8
0 , 6.62 , 6.0 , 8 , 8
0 , 6.62 , 6.0 , 8 , 8
0 , 6.62 , 6.0 , 8 , 8
0 , 6.62 , 6.0 , 8 , 8
0 , 6.62 , 6.0 , 8 , 8
0 , 6.62 , 6.0 , 8 , 8
0 , 6.56 , 6.0 , 8 , 8
0 , 6.54 , 6.0 , 8 , 8
0 , 6.54 , 6.0 , 8 , 8
0 , 6.54 , 6.0 , 8 , 8
0 , 6.54 , 6.0 , 8 , 8
0 , 6.5 , 6.0 , 6 , 8
0 , 6.5 , 6.0 , 6 , 8
0 , 6.5 , 6.0 , 6 , 8
0 , 6.5 , 6.0 , 6 , 8
0 , 6.5 , 6.0 , 6 , 8
0 , 6.5 , 6.0 , 6 , 8
0 , 6.5 , 6.0 , 6 , 8
0 , 6.5 , 6.0 , 6 , 8
0 , 6.5 , 6.0 , 6 , 8
0 , 6.5 , 6.0 , 6 , 8
0 , 6.5 , 6.0 , 6 , 8
0 , 6.5 , 6.0 , 6 , 8
0 , 6.5 , 6.0 , 6 , 8
0 , 6.5 , 6.0 , 6 , 8
0 , 6.46 , 6.0 , 6 , 8
0 , 6.42 , 6.0 , 6 , 8
0 , 6.42 , 6.0 , 6 , 8
0 , 6.42 , 6.0 , 6 , 8
0 , 6.42 , 6.0 , 6 , 8
0 , 6.42 , 6.0 , 6 , 8
0 , 6.42 , 6.0 , 6 , 8
0 , 6.4 , 6.0 , 6 , 8
0 , 6.4 , 6.0 , 6 , 8
0 , 6.36 , 6.0 , 6 , 8
0 , 6.34 , 6.0 , 6 , 8
0 , 6.34 , 6.0 , 6 , 8
0 , 6.34 , 6.0 , 6 , 8
0 , 6.34 , 6.0 , 6 , 8
0 , 6.34 , 6.0 , 6 , 8
0 , 6.34 , 6.0 , 6 , 8
0 , 6.34 , 6.0 , 6 , 8
0 , 6.34 , 6.0 , 6 , 8
0 , 6.34 , 6.0 , 6 , 8
0 , 6.32 , 6.0 , 6 , 8
0 , 6.28 , 6.0 , 6 , 8
0 , 6.28 , 6.0 , 6 , 8
0 , 6.28 , 6.0 , 6 , 8
0 , 6.28 , 6.0 , 6 , 8
0 , 6.26 , 6.0 , 6 , 8
0 , 6.26 , 6.0 , 6 , 8
0 , 6.26 , 6.0 , 6 , 8
0 , 6.22 , 6.0 , 6 , 8
0 , 6.22 , 6.0 , 6 , 8
0 , 6.22 , 6.0 , 6 , 8
0 , 6.2 , 6.0 , 6 , 8
0 , 6.2 , 6.0 , 6 , 8
0 , 6.2 , 6.0 , 6 , 8
0 , 6.2 , 6.0 , 6 , 8
0 , 6.2 , 6.0 , 6 , 8
0 , 6.14 , 6.0 , 6 , 8
0 , 6.14 , 6.0 , 6 , 8
0 , 6.14 , 6.0 , 6 , 8
0 , 6.14 , 6.0 , 6 , 8
0 , 6.14 , 6.0 , 6 , 8
0 , 6.14 , 6.0 , 6 , 8
0 , 6.1 , 6.0 , 6 , 8
0 , 6.1 , 6.0 , 6 , 8
0 , 6.1 , 6.0 , 6 , 8
0 , 6.1 , 6.0 , 6 , 8
0 , 6.1 , 6.0 , 6 , 8
0 , 6.1 , 6.0 , 6 , 8
0 , 6.08 , 6.0 , 6 , 8
0 , 6.08 , 6.0 , 6 , 8
0 , 6.06 , 6.0 , 6 , 8
0 , 6.06 , 6.0 , 6 , 8
0 , 6.06 , 6.0 , 6 , 8
0 , 6.02 , 6.0 , 6 , 8
0 , 6.02 , 6.0 , 6 , 8
0 , 6.02 , 6.0 , 6 , 8
0 , 6.02 , 6.0 , 6 , 8
0 , 6.02 , 6.0 , 6 , 8
0 , 6.0 , 6.0 , 6 , 8
0 , 6.0 , 6.0 , 6 , 8
0 , 6.0 , 6.0 , 6 , 8
0 , 5.96 , 6.0 , 6 , 8
0 , 5.96 , 6.0 , 6 , 8
0 , 5.96 , 6.0 , 6 , 8
0 , 5.94 , 6.0 , 6 , 8
0 , 5.94 , 6.0 , 6 , 8
0 , 5.94 , 6.0 , 6 , 8
0 , 5.94 , 6.0 , 6 , 8
0 , 5.94 , 6.0 , 6 , 8
0 , 5.94 , 6.0 , 6 , 8
0 , 5.94 , 6.0 , 6 , 8
0 , 5.94 , 6.0 , 6 , 8
0 , 5.94 , 6.0 , 6 , 8
0 , 5.92 , 6.0 , 6 , 8
0 , 5.9 , 6.0 , 6 , 8
0 , 5.9 , 6.0 , 6 , 8
0 , 5.9 , 6.0 , 6 , 8
0 , 5.9 , 6.0 , 6 , 8
0 , 5.9 , 6.0 , 6 , 8
0 , 5.9 , 6.0 , 6 , 8
0 , 5.9 , 6.0 , 6 , 8
0 , 5.9 , 6.0 , 6 , 8
0 , 5.9 , 6.0 , 6 , 8
0 , 5.86 , 6.0 , 6 , 8
0 , 5.86 , 6.0 , 6 , 8
0 , 5.86 , 6.0 , 6 , 8
0 , 5.86 , 6.0 , 6 , 8
0 , 5.86 , 6.0 , 6 , 8
0 , 5.86 , 6.0 , 6 , 8
0 , 5.86 , 6.0 , 6 , 8
0 , 5.82 , 6.0 , 6 , 8
0 , 5.82 , 6.0 , 6 , 8
0 , 5.78 , 6.0 , 6 , 8
0 , 5.74 , 6.0 , 6 , 8
0 , 5.7 , 6.0 , 6 , 8
0 , 5.66 , 6.0 , 6 , 8
0 , 5.64 , 6.0 , 6 , 8
0 , 5.64 , 6.0 , 6 , 8
0 , 5.64 , 6.0 , 6 , 8
0 , 5.64 , 6.0 , 6 , 8
0 , 5.64 , 6.0 , 6 , 8
0 , 5.64 , 6.0 , 6 , 8
0 , 5.62 , 6.0 , 6 , 8
0 , 5.62 , 6.0 , 6 , 8
0 , 5.58 , 6.0 , 6 , 8
0 , 5.58 , 6.0 , 6 , 8
0 , 5.58 , 6.0 , 6 , 8
0 , 5.56 , 6.0 , 6 , 8
0 , 5.56 , 6.0 , 6 , 8
0 , 5.56 , 6.0 , 6 , 8
0 , 5.56 , 6.0 , 6 , 8
0 , 5.52 , 6.0 , 6 , 8
0 , 5.48 , 6.0 , 6 , 8
0 , 5.44 , 6.0 , 6 , 8
0 , 5.42 , 6.0 , 6 , 8
0 , 5.4 , 6.0 , 6 , 8
0 , 5.4 , 6.0 , 6 , 8
0 , 5.36 , 6.0 , 6 , 6
0 , 5.36 , 6.0 , 6 , 6
0 , 5.36 , 6.0 , 6 , 6
0 , 5.36 , 6.0 , 6 , 6
0 , 5.36 , 6.0 , 6 , 6
0 , 5.36 , 6.0 , 6 , 6
0 , 5.36 , 6.0 , 6 , 6
0 , 5.36 , 6.0 , 6 , 6
0 , 5.36 , 6.0 , 6 , 6
0 , 5.36 , 6.0 , 6 , 6
0 , 5.36 , 6.0 , 6 , 6
0 , 5.36 , 6.0 , 6 , 6
0 , 5.36 , 6.0 , 6 , 6
0 , 5.34 , 6.0 , 6 , 6
0 , 5.34 , 6.0 , 6 , 6
0 , 5.34 , 6.0 , 6 , 6
0 , 5.34 , 6.0 , 6 , 6
0 , 5.34 , 6.0 , 6 , 6
0 , 5.32 , 6.0 , 6 , 6
0 , 5.32 , 6.0 , 6 , 6
0 , 5.32 , 6.0 , 6 , 6
0 , 5.32 , 6.0 , 6 , 6
0 , 5.3 , 6.0 , 6 , 6
0 , 5.3 , 6.0 , 6 , 6
0 , 5.3 , 6.0 , 6 , 6
0 , 5.3 , 6.0 , 6 , 6
0 , 5.3 , 6.0 , 6 , 6
0 , 5.3 , 6.0 , 6 , 6
0 , 5.3 , 6.0 , 6 , 6
0 , 5.3 , 6.0 , 6 , 6
0 , 5.3 , 6.0 , 6 , 6
0 , 5.3 , 6.0 , 6 , 6
0 , 5.3 , 6.0 , 6 , 6
0 , 5.3 , 6.0 , 6 , 6
0 , 5.3 , 6.0 , 6 , 6
0 , 5.28 , 6.0 , 6 , 6
0 , 5.28 , 6.0 , 6 , 6
0 , 5.28 , 6.0 , 6 , 6
0 , 5.28 , 6.0 , 6 , 6
0 , 5.28 , 6.0 , 6 , 6
0 , 5.28 , 6.0 , 6 , 6
0 , 5.26 , 6.0 , 6 , 6
0 , 5.26 , 6.0 , 6 , 6
0 , 5.26 , 6.0 , 6 , 6
0 , 5.26 , 6.0 , 6 , 6
0 , 5.24 , 6.0 , 6 , 6
0 , 5.24 , 6.0 , 6 , 6
0 , 5.24 , 6.0 , 6 , 6
0 , 5.24 , 6.0 , 6 , 6
0 , 5.24 , 6.0 , 6 , 6
0 , 5.24 , 6.0 , 6 , 6
0 , 5.24 , 6.0 , 6 , 6
0 , 5.24 , 6.0 , 6 , 6
0 , 5.24 , 6.0 , 6 , 6
0 , 5.24 , 6.0 , 6 , 6
0 , 5.24 , 6.0 , 6 , 6
0 , 5.24 , 6.0 , 6 , 6
0 , 5.24 , 6.0 , 6 , 6
0 , 5.24 , 6.0 , 6 , 6
0 , 5.24 , 6.0 , 6 , 6
0 , 5.24 , 6.0 , 6 , 6
0 , 5.2 , 6.0 , 6 , 6
0 , 5.2 , 6.0 , 6 , 6
0 , 5.2 , 6.0 , 6 , 6
0 , 5.2 , 6.0 , 6 , 6
0 , 5.2 , 6.0 , 6 , 6
0 , 5.18 , 6.0 , 6 , 6
0 , 5.18 , 6.0 , 6 , 6
0 , 5.18 , 6.0 , 6 , 6
0 , 5.18 , 6.0 , 6 , 6
0 , 5.18 , 6.0 , 6 , 6
0 , 5.18 , 6.0 , 6 , 6
0 , 5.18 , 6.0 , 6 , 6
0 , 5.18 , 6.0 , 6 , 6
0 , 5.18 , 6.0 , 6 , 6
0 , 5.18 , 6.0 , 6 , 6
0 , 5.18 , 6.0 , 6 , 6
0 , 5.18 , 6.0 , 6 , 6
0 , 5.18 , 6.0 , 6 , 6
0 , 5.18 , 6.0 , 6 , 6
0 , 5.18 , 6.0 , 6 , 6
0 , 5.16 , 6.0 , 6 , 6
0 , 5.16 , 6.0 , 6 , 6
0 , 5.16 , 6.0 , 6 , 6
0 , 5.16 , 6.0 , 6 , 6
0 , 5.16 , 6.0 , 6 , 6
0 , 5.16 , 6.0 , 6 , 6
0 , 5.16 , 6.0 , 6 , 6
0 , 5.16 , 6.0 , 6 , 6
0 , 5.16 , 6.0 , 6 , 6
0 , 5.16 , 6.0 , 6 , 6
0 , 5.16 , 6.0 , 6 , 6
0 , 5.16 , 6.0 , 6 , 6
0 , 5.16 , 6.0 , 6 , 6
0 , 5.16 , 6.0 , 6 , 6
0 , 5.16 , 6.0 , 6 , 6
0 , 5.16 , 6.0 , 6 , 6
0 , 5.16 , 6.0 , 6 , 6
0 , 5.14 , 6.0 , 6 , 6
0 , 5.12 , 6.0 , 6 , 6
0 , 5.12 , 6.0 , 6 , 6
0 , 5.12 , 6.0 , 6 , 6
0 , 5.12 , 6.0 , 6 , 6
0 , 5.1 , 6.0 , 6 , 6
0 , 5.1 , 6.0 , 6 , 6
0 , 5.1 , 6.0 , 6 , 6
0 , 5.1 , 6.0 , 6 , 6
0 , 5.1 , 6.0 , 6 , 6
0 , 5.1 , 6.0 , 6 , 6
0 , 5.1 , 6.0 , 6 , 6
0 , 5.06 , 6.0 , 6 , 6
0 , 5.02 , 6.0 , 6 , 6
0 , 5.02 , 6.0 , 6 , 6
0 , 5.02 , 6.0 , 6 , 6
0 , 5.02 , 6.0 , 6 , 6
0 , 5.02 , 6.0 , 6 , 6
0 , 5.0 , 6.0 , 6 , 6
0 , 5.0 , 6.0 , 6 , 6
0 , 5.0 , 6.0 , 6 , 6
0 , 5.0 , 6.0 , 6 , 6
0 , 5.0 , 6.0 , 6 , 6
0 , 5.0 , 6.0 , 6 , 6
0 , 5.0 , 6.0 , 6 , 6
0 , 5.0 , 6.0 , 6 , 6
0 , 5.0 , 6.0 , 6 , 6
0 , 5.0 , 6.0 , 6 , 6
0 , 5.0 , 6.0 , 6 , 6
0 , 5.0 , 6.0 , 6 , 6
0 , 5.0 , 6.0 , 6 , 6
0 , 5.0 , 6.0 , 6 , 6
0 , 5.0 , 6.0 , 6 , 6
0 , 5.0 , 6.0 , 6 , 6
0 , 5.0 , 6.0 , 6 , 6
0 , 5.0 , 6.0 , 6 , 6
0 , 5.0 , 6.0 , 6 , 6
0 , 5.0 , 6.0 , 6 , 6
0 , 5.0 , 6.0 , 6 , 6
0 , 4.96 , 6.0 , 6 , 6
0 , 4.96 , 6.0 , 6 , 6
0 , 4.94 , 6.0 , 6 , 6
0 , 4.94 , 6.0 , 6 , 6
0 , 4.94 , 6.0 , 6 , 6
0 , 4.94 , 6.0 , 6 , 6
0 , 4.94 , 6.0 , 6 , 6
0 , 4.94 , 6.0 , 6 , 6
0 , 4.94 , 6.0 , 6 , 6
0 , 4.94 , 6.0 , 6 , 6
0 , 4.94 , 6.0 , 6 , 6
0 , 4.92 , 6.0 , 6 , 6
0 , 4.92 , 6.0 , 6 , 6
0 , 4.92 , 6.0 , 6 , 6
0 , 4.92 , 6.0 , 6 , 6
0 , 4.92 , 6.0 , 6 , 6
0 , 4.92 , 6.0 , 6 , 6
0 , 4.92 , 6.0 , 6 , 6
0 , 4.92 , 6.0 , 6 , 6
0 , 4.92 , 6.0 , 6 , 6
0 , 4.92 , 6.0 , 6 , 6
0 , 4.92 , 6.0 , 6 , 6
0 , 4.92 , 6.0 , 6 , 6
0 , 4.92 , 6.0 , 6 , 6
0 , 4.92 , 6.0 , 6 , 6
0 , 4.92 , 6.0 , 6 , 6
0 , 4.92 , 6.0 , 6 , 6
0 , 4.92 , 6.0 , 6 , 6
0 , 4.92 , 6.0 , 6 , 6
0 , 4.92 , 6.0 , 6 , 6
0 , 4.92 , 6.0 , 6 , 6
0 , 4.92 , 6.0 , 6 , 6
0 , 4.9 , 6.0 , 6 , 6
0 , 4.9 , 6.0 , 6 , 6
0 , 4.9 , 6.0 , 6 , 6
0 , 4.9 , 6.0 , 6 , 6
0 , 4.88 , 6.0 , 6 , 6
0 , 4.88 , 6.0 , 6 , 6
0 , 4.86 , 5.0 , 6 , 6
0 , 4.86 , 5.0 , 6 , 6
0 , 4.84 , 4.0 , 6 , 6
0 , 4.84 , 4.0 , 6 , 6
0 , 4.84 , 4.0 , 6 , 6
0 , 4.84 , 4.0 , 6 , 6
0 , 4.84 , 4.0 , 6 , 6
0 , 4.84 , 4.0 , 6 , 6
0 , 4.82 , 4.0 , 6 , 6
0 , 4.82 , 4.0 , 6 , 6
0 , 4.82 , 4.0 , 6 , 6
0 , 4.82 , 4.0 , 6 , 6
0 , 4.82 , 4.0 , 6 , 6
0 , 4.82 , 4.0 , 6 , 6
0 , 4.8 , 4.0 , 4 , 6
0 , 4.8 , 4.0 , 4 , 6
0 , 4.8 , 4.0 , 4 , 6
0 , 4.8 , 4.0 , 4 , 6
0 , 4.8 , 4.0 , 4 , 6
0 , 4.8 , 4.0 , 4 , 6
0 , 4.8 , 4.0 , 4 , 6
0 , 4.8 , 4.0 , 4 , 6
0 , 4.8 , 4.0 , 4 , 6
0 , 4.8 , 4.0 , 4 , 6
0 , 4.8 , 4.0 , 4 , 6
0 , 4.8 , 4.0 , 4 , 6
0 , 4.8 , 4.0 , 4 , 6
0 , 4.8 , 4.0 , 4 , 6
0 , 4.8 , 4.0 , 4 , 6
0 , 4.8 , 4.0 , 4 , 6
0 , 4.8 , 4.0 , 4 , 6
0 , 4.8 , 4.0 , 4 , 6
0 , 4.8 , 4.0 , 4 , 6
0 , 4.8 , 4.0 , 4 , 6
0 , 4.8 , 4.0 , 4 , 6
0 , 4.8 , 4.0 , 4 , 6
0 , 4.8 , 4.0 , 4 , 6
0 , 4.8 , 4.0 , 4 , 6
0 , 4.8 , 4.0 , 4 , 6
0 , 4.8 , 4.0 , 4 , 6
0 , 4.8 , 4.0 , 4 , 6
0 , 4.8 , 4.0 , 4 , 6
0 , 4.8 , 4.0 , 4 , 6
0 , 4.78 , 4.0 , 4 , 6
0 , 4.78 , 4.0 , 4 , 6
0 , 4.78 , 4.0 , 4 , 6
0 , 4.78 , 4.0 , 4 , 6
0 , 4.78 , 4.0 , 4 , 6
0 , 4.78 , 4.0 , 4 , 6
0 , 4.78 , 4.0 , 4 , 6
0 , 4.78 , 4.0 , 4 , 6
0 , 4.78 , 4.0 , 4 , 6
0 , 4.76 , 4.0 , 4 , 6
0 , 4.76 , 4.0 , 4 , 6
0 , 4.76 , 4.0 , 4 , 6
0 , 4.76 , 4.0 , 4 , 6
0 , 4.76 , 4.0 , 4 , 6
0 , 4.74 , 4.0 , 4 , 6
0 , 4.74 , 4.0 , 4 , 6
0 , 4.74 , 4.0 , 4 , 6
0 , 4.74 , 4.0 , 4 , 6
0 , 4.74 , 4.0 , 4 , 6
0 , 4.74 , 4.0 , 4 , 6
0 , 4.72 , 4.0 , 4 , 6
0 , 4.72 , 4.0 , 4 , 6
0 , 4.7 , 4.0 , 4 , 6
0 , 4.7 , 4.0 , 4 , 6
0 , 4.68 , 4.0 , 4 , 6
0 , 4.68 , 4.0 , 4 , 6
0 , 4.68 , 4.0 , 4 , 6
0 , 4.66 , 4.0 , 4 , 6
0 , 4.66 , 4.0 , 4 , 6
0 , 4.66 , 4.0 , 4 , 6
0 , 4.66 , 4.0 , 4 , 6
0 , 4.66 , 4.0 , 4 , 6
0 , 4.66 , 4.0 , 4 , 6
0 , 4.66 , 4.0 , 4 , 6
0 , 4.66 , 4.0 , 4 , 6
0 , 4.66 , 4.0 , 4 , 6
0 , 4.66 , 4.0 , 4 , 6
0 , 4.64 , 4.0 , 4 , 6
0 , 4.64 , 4.0 , 4 , 6
0 , 4.64 , 4.0 , 4 , 6
0 , 4.62 , 4.0 , 4 , 6
0 , 4.62 , 4.0 , 4 , 6
0 , 4.6 , 4.0 , 4 , 6
0 , 4.6 , 4.0 , 4 , 6
0 , 4.6 , 4.0 , 4 , 6
0 , 4.6 , 4.0 , 4 , 6
0 , 4.6 , 4.0 , 4 , 6
0 , 4.6 , 4.0 , 4 , 6
0 , 4.6 , 4.0 , 4 , 6
0 , 4.6 , 4.0 , 4 , 6
0 , 4.6 , 4.0 , 4 , 6
0 , 4.6 , 4.0 , 4 , 6
0 , 4.6 , 4.0 , 4 , 6
0 , 4.6 , 4.0 , 4 , 6
0 , 4.6 , 4.0 , 4 , 6
0 , 4.6 , 4.0 , 4 , 6
0 , 4.6 , 4.0 , 4 , 6
0 , 4.6 , 4.0 , 4 , 6
0 , 4.6 , 4.0 , 4 , 6
0 , 4.6 , 4.0 , 4 , 6
0 , 4.6 , 4.0 , 4 , 6
0 , 4.58 , 4.0 , 4 , 6
0 , 4.58 , 4.0 , 4 , 6
0 , 4.56 , 4.0 , 4 , 6
0 , 4.56 , 4.0 , 4 , 6
0 , 4.56 , 4.0 , 4 , 6
0 , 4.56 , 4.0 , 4 , 6
0 , 4.56 , 4.0 , 4 , 6
0 , 4.56 , 4.0 , 4 , 6
0 , 4.56 , 4.0 , 4 , 6
0 , 4.56 , 4.0 , 4 , 6
0 , 4.56 , 4.0 , 4 , 6
0 , 4.56 , 4.0 , 4 , 6
0 , 4.54 , 4.0 , 4 , 6
0 , 4.54 , 4.0 , 4 , 6
0 , 4.54 , 4.0 , 4 , 6
0 , 4.54 , 4.0 , 4 , 6
0 , 4.54 , 4.0 , 4 , 6
0 , 4.54 , 4.0 , 4 , 6
0 , 4.54 , 4.0 , 4 , 6
0 , 4.54 , 4.0 , 4 , 6
0 , 4.54 , 4.0 , 4 , 6
0 , 4.52 , 4.0 , 4 , 6
0 , 4.52 , 4.0 , 4 , 6
0 , 4.48 , 4.0 , 4 , 6
0 , 4.48 , 4.0 , 4 , 6
0 , 4.48 , 4.0 , 4 , 6
0 , 4.48 , 4.0 , 4 , 6
0 , 4.48 , 4.0 , 4 , 6
0 , 4.48 , 4.0 , 4 , 6
0 , 4.48 , 4.0 , 4 , 6
0 , 4.46 , 4.0 , 4 , 6
0 , 4.46 , 4.0 , 4 , 6
0 , 4.46 , 4.0 , 4 , 6
0 , 4.46 , 4.0 , 4 , 6
0 , 4.46 , 4.0 , 4 , 6
0 , 4.46 , 4.0 , 4 , 6
0 , 4.46 , 4.0 , 4 , 6
0 , 4.44 , 4.0 , 4 , 6
0 , 4.44 , 4.0 , 4 , 6
0 , 4.44 , 4.0 , 4 , 6
0 , 4.44 , 4.0 , 4 , 6
0 , 4.42 , 4.0 , 4 , 6
0 , 4.42 , 4.0 , 4 , 6
0 , 4.38 , 4.0 , 4 , 6
0 , 4.38 , 4.0 , 4 , 6
0 , 4.36 , 4.0 , 4 , 6
0 , 4.36 , 4.0 , 4 , 6
0 , 4.36 , 4.0 , 4 , 6
0 , 4.36 , 4.0 , 4 , 6
0 , 4.36 , 4.0 , 4 , 6
0 , 4.36 , 4.0 , 4 , 6
0 , 4.36 , 4.0 , 4 , 6
0 , 4.36 , 4.0 , 4 , 6
0 , 4.36 , 4.0 , 4 , 6
0 , 4.36 , 4.0 , 4 , 6
0 , 4.36 , 4.0 , 4 , 6
0 , 4.36 , 4.0 , 4 , 6
0 , 4.36 , 4.0 , 4 , 6
0 , 4.36 , 4.0 , 4 , 6
0 , 4.36 , 4.0 , 4 , 6
0 , 4.36 , 4.0 , 4 , 6
0 , 4.36 , 4.0 , 4 , 6
0 , 4.36 , 4.0 , 4 , 6
0 , 4.34 , 4.0 , 4 , 6
0 , 4.34 , 4.0 , 4 , 6
0 , 4.34 , 4.0 , 4 , 6
0 , 4.34 , 4.0 , 4 , 6
0 , 4.34 , 4.0 , 4 , 6
0 , 4.32 , 4.0 , 4 , 6
0 , 4.32 , 4.0 , 4 , 6
0 , 4.32 , 4.0 , 4 , 6
0 , 4.32 , 4.0 , 4 , 6
0 , 4.32 , 4.0 , 4 , 6
0 , 4.32 , 4.0 , 4 , 6
0 , 4.32 , 4.0 , 4 , 6
0 , 4.32 , 4.0 , 4 , 6
0 , 4.32 , 4.0 , 4 , 6
0 , 4.32 , 4.0 , 4 , 6
0 , 4.32 , 4.0 , 4 , 6
0 , 4.32 , 4.0 , 4 , 6
0 , 4.32 , 4.0 , 4 , 6
0 , 4.32 , 4.0 , 4 , 6
0 , 4.3 , 4.0 , 4 , 6
0 , 4.3 , 4.0 , 4 , 6
0 , 4.3 , 4.0 , 4 , 6
0 , 4.3 , 4.0 , 4 , 6
0 , 4.3 , 4.0 , 4 , 6
0 , 4.3 , 4.0 , 4 , 6
0 , 4.3 , 4.0 , 4 , 6
0 , 4.3 , 4.0 , 4 , 6
0 , 4.3 , 4.0 , 4 , 6
0 , 4.3 , 4.0 , 4 , 6
0 , 4.3 , 4.0 , 4 , 6
0 , 4.3 , 4.0 , 4 , 6
0 , 4.3 , 4.0 , 4 , 6
0 , 4.3 , 4.0 , 4 , 6
0 , 4.3 , 4.0 , 4 , 6
0 , 4.3 , 4.0 , 4 , 6
0 , 4.3 , 4.0 , 4 , 6
0 , 4.3 , 4.0 , 4 , 6
0 , 4.3 , 4.0 , 4 , 6
0 , 4.28 , 4.0 , 4 , 6
0 , 4.26 , 4.0 , 4 , 6
0 , 4.26 , 4.0 , 4 , 6
0 , 4.26 , 4.0 , 4 , 6
0 , 4.26 , 4.0 , 4 , 6
0 , 4.26 , 4.0 , 4 , 6
0 , 4.26 , 4.0 , 4 , 6
0 , 4.26 , 4.0 , 4 , 6
0 , 4.26 , 4.0 , 4 , 6
0 , 4.26 , 4.0 , 4 , 6
0 , 4.26 , 4.0 , 4 , 6
0 , 4.26 , 4.0 , 4 , 6
0 , 4.24 , 4.0 , 4 , 6
0 , 4.24 , 4.0 , 4 , 6
0 , 4.24 , 4.0 , 4 , 6
0 , 4.24 , 4.0 , 4 , 6
0 , 4.24 , 4.0 , 4 , 6
0 , 4.24 , 4.0 , 4 , 6
0 , 4.24 , 4.0 , 4 , 6
0 , 4.24 , 4.0 , 4 , 6
0 , 4.24 , 4.0 , 4 , 6
0 , 4.24 , 4.0 , 4 , 6
0 , 4.24 , 4.0 , 4 , 6
0 , 4.22 , 4.0 , 4 , 6
0 , 4.18 , 4.0 , 4 , 6
0 , 4.18 , 4.0 , 4 , 6
0 , 4.18 , 4.0 , 4 , 6
0 , 4.18 , 4.0 , 4 , 6
0 , 4.18 , 4.0 , 4 , 6
0 , 4.18 , 4.0 , 4 , 6
0 , 4.18 , 4.0 , 4 , 6
0 , 4.18 , 4.0 , 4 , 6
0 , 4.18 , 4.0 , 4 , 6
0 , 4.18 , 4.0 , 4 , 6
0 , 4.16 , 4.0 , 4 , 6
0 , 4.16 , 4.0 , 4 , 6
0 , 4.12 , 4.0 , 4 , 6
0 , 4.12 , 4.0 , 4 , 6
0 , 4.12 , 4.0 , 4 , 6
0 , 4.12 , 4.0 , 4 , 6
0 , 4.12 , 4.0 , 4 , 6
0 , 4.08 , 4.0 , 4 , 6
0 , 4.06 , 4.0 , 4 , 6
0 , 4.06 , 4.0 , 4 , 6
0 , 4.0 , 4.0 , 4 , 6
0 , 4.0 , 4.0 , 4 , 6
0 , 4.0 , 4.0 , 4 , 6
0 , 4.0 , 4.0 , 4 , 6
0 , 4.0 , 4.0 , 4 , 6
0 , 4.0 , 4.0 , 4 , 6
0 , 3.98 , 4.0 , 4 , 6
0 , 3.98 , 4.0 , 4 , 6
0 , 3.98 , 4.0 , 4 , 6
0 , 3.98 , 4.0 , 4 , 6
0 , 3.98 , 4.0 , 4 , 6
0 , 3.98 , 4.0 , 4 , 6
0 , 3.98 , 4.0 , 4 , 6
0 , 3.96 , 4.0 , 4 , 6
0 , 3.96 , 4.0 , 4 , 6
0 , 3.96 , 4.0 , 4 , 6
0 , 3.96 , 4.0 , 4 , 6
0 , 3.96 , 4.0 , 4 , 6
0 , 3.96 , 4.0 , 4 , 6
0 , 3.96 , 4.0 , 4 , 6
0 , 3.96 , 4.0 , 4 , 6
0 , 3.96 , 4.0 , 4 , 6
0 , 3.96 , 4.0 , 4 , 6
0 , 3.96 , 4.0 , 4 , 6
0 , 3.96 , 4.0 , 4 , 6
0 , 3.96 , 4.0 , 4 , 6
0 , 3.92 , 4.0 , 4 , 6
0 , 3.92 , 4.0 , 4 , 6
0 , 3.92 , 4.0 , 4 , 6
0 , 3.92 , 4.0 , 4 , 6
0 , 3.92 , 4.0 , 4 , 6
0 , 3.9 , 4.0 , 4 , 6
0 , 3.9 , 4.0 , 4 , 6
0 , 3.9 , 4.0 , 4 , 6
0 , 3.9 , 4.0 , 4 , 6
0 , 3.84 , 4.0 , 4 , 6
0 , 3.84 , 4.0 , 4 , 6
0 , 3.84 , 4.0 , 4 , 6
0 , 3.84 , 4.0 , 4 , 6
0 , 3.84 , 4.0 , 4 , 6
0 , 3.84 , 4.0 , 4 , 6
0 , 3.84 , 4.0 , 4 , 6
0 , 3.84 , 4.0 , 4 , 6
0 , 3.84 , 4.0 , 4 , 6
0 , 3.84 , 4.0 , 4 , 6
0 , 3.82 , 4.0 , 4 , 6
0 , 3.82 , 4.0 , 4 , 6
0 , 3.82 , 4.0 , 4 , 6
0 , 3.82 , 4.0 , 4 , 6
0 , 3.82 , 4.0 , 4 , 6
0 , 3.82 , 4.0 , 4 , 6
0 , 3.82 , 4.0 , 4 , 6
0 , 3.82 , 4.0 , 4 , 6
0 , 3.82 , 4.0 , 4 , 6
0 , 3.8 , 4.0 , 4 , 6
0 , 3.8 , 4.0 , 4 , 6
0 , 3.8 , 4.0 , 4 , 6
0 , 3.8 , 4.0 , 4 , 6
0 , 3.8 , 4.0 , 4 , 6
0 , 3.8 , 4.0 , 4 , 6
0 , 3.8 , 4.0 , 4 , 6
0 , 3.8 , 4.0 , 4 , 6
0 , 3.8 , 4.0 , 4 , 6
0 , 3.76 , 4.0 , 4 , 6
0 , 3.76 , 4.0 , 4 , 6
0 , 3.76 , 4.0 , 4 , 6
0 , 3.76 , 4.0 , 4 , 6
0 , 3.76 , 4.0 , 4 , 6
0 , 3.74 , 4.0 , 4 , 6
0 , 3.72 , 4.0 , 4 , 4
0 , 3.72 , 4.0 , 4 , 4
0 , 3.72 , 4.0 , 4 , 4
0 , 3.72 , 4.0 , 4 , 4
0 , 3.72 , 4.0 , 4 , 4
0 , 3.72 , 4.0 , 4 , 4
0 , 3.72 , 4.0 , 4 , 4
0 , 3.72 , 4.0 , 4 , 4
0 , 3.72 , 4.0 , 4 , 4
0 , 3.7 , 4.0 , 4 , 4
0 , 3.7 , 4.0 , 4 , 4
0 , 3.7 , 4.0 , 4 , 4
0 , 3.7 , 4.0 , 4 , 4
0 , 3.7 , 4.0 , 4 , 4
0 , 3.7 , 4.0 , 4 , 4
0 , 3.7 , 4.0 , 4 , 4
0 , 3.7 , 4.0 , 4 , 4
0 , 3.7 , 4.0 , 4 , 4
0 , 3.7 , 4.0 , 4 , 4
0 , 3.7 , 4.0 , 4 , 4
0 , 3.7 , 4.0 , 4 , 4
0 , 3.7 , 4.0 , 4 , 4
0 , 3.7 , 4.0 , 4 , 4
0 , 3.7 , 4.0 , 4 , 4
0 , 3.7 , 4.0 , 4 , 4
0 , 3.7 , 4.0 , 4 , 4
0 , 3.7 , 4.0 , 4 , 4
0 , 3.7 , 4.0 , 4 , 4
0 , 3.7 , 4.0 , 4 , 4
0 , 3.7 , 4.0 , 4 , 4
0 , 3.7 , 4.0 , 4 , 4
0 , 3.7 , 4.0 , 4 , 4
0 , 3.7 , 4.0 , 4 , 4
0 , 3.7 , 4.0 , 4 , 4
0 , 3.7 , 4.0 , 4 , 4
0 , 3.7 , 4.0 , 4 , 4
0 , 3.7 , 4.0 , 4 , 4
0 , 3.7 , 4.0 , 4 , 4
0 , 3.7 , 4.0 , 4 , 4
0 , 3.7 , 4.0 , 4 , 4
0 , 3.7 , 4.0 , 4 , 4
0 , 3.7 , 4.0 , 4 , 4
0 , 3.7 , 4.0 , 4 , 4
1  Perfect solutions
perfect solution individuals [[7, 1, 3, 0, 6, 4, 2, 5]]
