6 , 15.44 , 16.0 , 14 , 26
6 , 15.3 , 16.0 , 14 , 24
6 , 15.08 , 14.0 , 14 , 22
6 , 14.98 , 14.0 , 14 , 22
6 , 14.78 , 14.0 , 14 , 22
6 , 14.7 , 14.0 , 14 , 22
6 , 14.58 , 14.0 , 14 , 20
6 , 14.44 , 14.0 , 14 , 20
6 , 14.38 , 14.0 , 14 , 20
6 , 14.2 , 14.0 , 14 , 20
6 , 14.04 , 14.0 , 14 , 20
6 , 13.88 , 14.0 , 14 , 20
6 , 13.74 , 14.0 , 14 , 20
6 , 13.64 , 14.0 , 14 , 20
6 , 13.56 , 14.0 , 14 , 20
6 , 13.38 , 14.0 , 14 , 18
6 , 13.32 , 14.0 , 14 , 18
6 , 13.24 , 14.0 , 14 , 18
6 , 13.04 , 14.0 , 14 , 18
6 , 12.88 , 14.0 , 14 , 18
6 , 12.88 , 14.0 , 14 , 18
6 , 12.82 , 14.0 , 14 , 18
6 , 12.76 , 14.0 , 14 , 18
6 , 12.66 , 13.0 , 14 , 16
6 , 12.62 , 12.0 , 14 , 16
6 , 12.56 , 12.0 , 14 , 16
6 , 12.56 , 12.0 , 14 , 16
6 , 12.52 , 12.0 , 14 , 16
4 , 12.4 , 12.0 , 14 , 16
4 , 12.4 , 12.0 , 14 , 16
4 , 12.36 , 12.0 , 14 , 16
4 , 12.26 , 12.0 , 14 , 16
4 , 12.26 , 12.0 , 14 , 16
4 , 12.08 , 12.0 , 14 , 16
4 , 12.08 , 12.0 , 14 , 16
4 , 11.94 , 12.0 , 14 , 16
4 , 11.94 , 12.0 , 14 , 16
4 , 11.9 , 12.0 , 12 , 16
4 , 11.82 , 12.0 , 12 , 16
4 , 11.78 , 12.0 , 12 , 16
4 , 11.7 , 12.0 , 12 , 16
4 , 11.64 , 12.0 , 12 , 16
4 , 11.56 , 12.0 , 14 , 16
4 , 11.52 , 12.0 , 12 , 16
4 , 11.48 , 12.0 , 14 , 14
4 , 11.44 , 12.0 , 14 , 14
4 , 11.42 , 12.0 , 12 , 14
4 , 11.36 , 12.0 , 12 , 14
4 , 11.3 , 12.0 , 12 , 14
4 , 11.3 , 12.0 , 12 , 14
4 , 11.26 , 12.0 , 12 , 14
4 , 11.24 , 12.0 , 12 , 14
4 , 11.18 , 12.0 , 12 , 14
4 , 11.14 , 12.0 , 12 , 14
4 , 11.14 , 12.0 , 12 , 14
4 , 11.1 , 12.0 , 12 , 14
4 , 11.06 , 12.0 , 12 , 14
4 , 11.0 , 12.0 , 12 , 14
4 , 11.0 , 12.0 , 12 , 14
4 , 11.0 , 12.0 , 12 , 14
4 , 10.92 , 12.0 , 12 , 14
4 , 10.86 , 12.0 , 12 , 14
4 , 10.8 , 12.0 , 12 , 14
4 , 10.72 , 12.0 , 12 , 14
4 , 10.62 , 10.0 , 12 , 14
4 , 10.48 , 10.0 , 12 , 14
4 , 10.44 , 10.0 , 12 , 14
4 , 10.42 , 10.0 , 12 , 14
4 , 10.4 , 10.0 , 12 , 14
4 , 10.32 , 10.0 , 12 , 14
4 , 10.28 , 10.0 , 12 , 12
4 , 10.26 , 10.0 , 12 , 12
4 , 10.26 , 10.0 , 12 , 12
4 , 10.22 , 10.0 , 12 , 12
4 , 10.1 , 10.0 , 12 , 12
4 , 10.06 , 10.0 , 12 , 12
4 , 9.94 , 10.0 , 10 , 12
4 , 9.94 , 10.0 , 10 , 12
4 , 9.94 , 10.0 , 10 , 12
4 , 9.94 , 10.0 , 10 , 12
4 , 9.94 , 10.0 , 10 , 12
2 , 9.84 , 10.0 , 10 , 12
2 , 9.84 , 10.0 , 10 , 12
2 , 9.76 , 10.0 , 10 , 12
2 , 9.74 , 10.0 , 10 , 12
2 , 9.72 , 10.0 , 10 , 12
2 , 9.68 , 10.0 , 10 , 12
2 , 9.64 , 10.0 , 10 , 12
2 , 9.64 , 10.0 , 10 , 12
2 , 9.64 , 10.0 , 10 , 12
2 , 9.6 , 10.0 , 10 , 12
2 , 9.6 , 10.0 , 10 , 12
2 , 9.6 , 10.0 , 10 , 12
2 , 9.56 , 10.0 , 10 , 12
2 , 9.56 , 10.0 , 10 , 12
2 , 9.52 , 10.0 , 10 , 12
2 , 9.46 , 10.0 , 10 , 12
2 , 9.4 , 10.0 , 10 , 12
2 , 9.4 , 10.0 , 10 , 12
2 , 9.34 , 10.0 , 10 , 12
2 , 9.34 , 10.0 , 10 , 12
2 , 9.28 , 10.0 , 10 , 12
2 , 9.2 , 10.0 , 10 , 12
2 , 9.16 , 10.0 , 10 , 12
2 , 9.16 , 10.0 , 10 , 12
2 , 9.1 , 10.0 , 10 , 12
2 , 9.02 , 10.0 , 10 , 12
2 , 9.02 , 10.0 , 10 , 12
2 , 8.98 , 10.0 , 10 , 12
2 , 8.98 , 10.0 , 10 , 12
2 , 8.92 , 10.0 , 10 , 12
2 , 8.9 , 10.0 , 10 , 12
2 , 8.82 , 10.0 , 10 , 12
2 , 8.8 , 10.0 , 10 , 12
2 , 8.78 , 10.0 , 10 , 12
2 , 8.78 , 10.0 , 10 , 12
2 , 8.76 , 10.0 , 10 , 12
2 , 8.7 , 10.0 , 10 , 12
2 , 8.7 , 10.0 , 10 , 12
2 , 8.66 , 10.0 , 10 , 12
2 , 8.66 , 10.0 , 10 , 12
2 , 8.66 , 10.0 , 10 , 12
2 , 8.66 , 10.0 , 10 , 12
2 , 8.62 , 10.0 , 10 , 12
2 , 8.62 , 10.0 , 10 , 12
2 , 8.62 , 10.0 , 10 , 12
2 , 8.56 , 10.0 , 10 , 10
2 , 8.56 , 10.0 , 10 , 10
2 , 8.54 , 9.0 , 10 , 10
2 , 8.5 , 8.0 , 10 , 10
2 , 8.44 , 8.0 , 10 , 10
2 , 8.38 , 8.0 , 10 , 10
2 , 8.38 , 8.0 , 10 , 10
2 , 8.36 , 8.0 , 10 , 10
2 , 8.34 , 8.0 , 10 , 10
2 , 8.34 , 8.0 , 10 , 10
2 , 8.34 , 8.0 , 10 , 10
2 , 8.3 , 8.0 , 10 , 10
2 , 8.3 , 8.0 , 10 , 10
2 , 8.3 , 8.0 , 10 , 10
2 , 8.28 , 8.0 , 10 , 10
2 , 8.26 , 8.0 , 10 , 10
2 , 8.26 , 8.0 , 10 , 10
2 , 8.24 , 8.0 , 10 , 10
2 , 8.24 , 8.0 , 10 , 10
2 , 8.24 , 8.0 , 10 , 10
2 , 8.24 , 8.0 , 10 , 10
2 , 8.24 , 8.0 , 10 , 10
2 , 8.24 , 8.0 , 10 , 10
2 , 8.24 , 8.0 , 10 , 10
2 , 8.22 , 8.0 , 8 , 10
2 , 8.22 , 8.0 , 8 , 10
2 , 8.2 , 8.0 , 8 , 10
2 , 8.2 , 8.0 , 8 , 10
2 , 8.18 , 8.0 , 8 , 10
2 , 8.12 , 8.0 , 8 , 10
2 , 8.12 , 8.0 , 8 , 10
2 , 8.1 , 8.0 , 8 , 10
2 , 8.06 , 8.0 , 8 , 10
2 , 8.02 , 8.0 , 8 , 10
2 , 8.02 , 8.0 , 8 , 10
2 , 7.98 , 8.0 , 8 , 10
2 , 7.98 , 8.0 , 8 , 10
2 , 7.94 , 8.0 , 8 , 10
2 , 7.94 , 8.0 , 8 , 10
2 , 7.9 , 8.0 , 8 , 10
2 , 7.84 , 8.0 , 8 , 10
2 , 7.84 , 8.0 , 8 , 10
2 , 7.82 , 8.0 , 8 , 10
2 , 7.82 , 8.0 , 8 , 10
2 , 7.82 , 8.0 , 8 , 10
2 , 7.8 , 8.0 , 8 , 10
2 , 7.8 , 8.0 , 8 , 10
2 , 7.8 , 8.0 , 8 , 10
2 , 7.8 , 8.0 , 8 , 10
2 , 7.76 , 8.0 , 8 , 10
2 , 7.74 , 8.0 , 8 , 10
2 , 7.72 , 8.0 , 8 , 10
2 , 7.7 , 8.0 , 8 , 10
2 , 7.64 , 8.0 , 8 , 10
2 , 7.6 , 8.0 , 8 , 10
2 , 7.58 , 8.0 , 8 , 10
2 , 7.58 , 8.0 , 8 , 10
2 , 7.5 , 8.0 , 8 , 10
2 , 7.5 , 8.0 , 8 , 10
2 , 7.46 , 8.0 , 8 , 10
2 , 7.42 , 8.0 , 8 , 10
2 , 7.4 , 8.0 , 8 , 10
2 , 7.4 , 8.0 , 8 , 10
2 , 7.4 , 8.0 , 8 , 10
2 , 7.38 , 8.0 , 8 , 10
2 , 7.36 , 8.0 , 8 , 10
2 , 7.36 , 8.0 , 8 , 10
2 , 7.36 , 8.0 , 8 , 10
2 , 7.36 , 8.0 , 8 , 10
2 , 7.32 , 8.0 , 8 , 10
2 , 7.32 , 8.0 , 8 , 10
2 , 7.32 , 8.0 , 8 , 10
2 , 7.32 , 8.0 , 8 , 10
2 , 7.3 , 8.0 , 8 , 10
2 , 7.28 , 8.0 , 8 , 10
2 , 7.28 , 8.0 , 8 , 10
2 , 7.28 , 8.0 , 8 , 10
2 , 7.26 , 8.0 , 8 , 10
2 , 7.2 , 8.0 , 8 , 10
2 , 7.16 , 8.0 , 8 , 8
2 , 7.16 , 8.0 , 8 , 8
2 , 7.16 , 8.0 , 8 , 8
2 , 7.16 , 8.0 , 8 , 8
2 , 7.16 , 8.0 , 8 , 8
2 , 7.16 , 8.0 , 8 , 8
2 , 7.16 , 8.0 , 8 , 8
2 , 7.16 , 8.0 , 8 , 8
2 , 7.16 , 8.0 , 8 , 8
2 , 7.16 , 8.0 , 8 , 8
2 , 7.16 , 8.0 , 8 , 8
2 , 7.16 , 8.0 , 8 , 8
2 , 7.16 , 8.0 , 8 , 8
2 , 7.14 , 8.0 , 8 , 8
2 , 7.14 , 8.0 , 8 , 8
2 , 7.14 , 8.0 , 8 , 8
2 , 7.14 , 8.0 , 8 , 8
2 , 7.12 , 8.0 , 8 , 8
2 , 7.12 , 8.0 , 8 , 8
2 , 7.12 , 8.0 , 8 , 8
2 , 7.12 , 8.0 , 8 , 8
2 , 7.12 , 8.0 , 8 , 8
2 , 7.1 , 8.0 , 8 , 8
2 , 7.08 , 8.0 , 8 , 8
2 , 7.08 , 8.0 , 8 , 8
2 , 7.08 , 8.0 , 8 , 8
2 , 7.06 , 8.0 , 8 , 8
2 , 7.04 , 8.0 , 8 , 8
2 , 7.04 , 8.0 , 8 , 8
2 , 7.04 , 8.0 , 8 , 8
2 , 7.04 , 8.0 , 8 , 8
2 , 7.04 , 8.0 , 8 , 8
2 , 7.04 , 8.0 , 8 , 8
2 , 7.04 , 8.0 , 8 , 8
2 , 7.04 , 8.0 , 8 , 8
2 , 7.04 , 8.0 , 8 , 8
2 , 7.02 , 8.0 , 8 , 8
2 , 7.02 , 8.0 , 8 , 8
2 , 7.02 , 8.0 , 8 , 8
2 , 6.98 , 8.0 , 8 , 8
2 , 6.98 , 8.0 , 8 , 8
2 , 6.98 , 8.0 , 8 , 8
2 , 6.98 , 8.0 , 8 , 8
2 , 6.96 , 8.0 , 8 , 8
2 , 6.96 , 8.0 , 8 , 8
2 , 6.94 , 8.0 , 8 , 8
2 , 6.94 , 8.0 , 8 , 8
2 , 6.94 , 8.0 , 8 , 8
2 , 6.92 , 8.0 , 8 , 8
2 , 6.92 , 8.0 , 8 , 8
2 , 6.92 , 8.0 , 8 , 8
2 , 6.92 , 8.0 , 8 , 8
2 , 6.88 , 8.0 , 8 , 8
2 , 6.88 , 8.0 , 8 , 8
2 , 6.88 , 8.0 , 8 , 8
2 , 6.86 , 8.0 , 8 , 8
2 , 6.86 , 8.0 , 8 , 8
2 , 6.86 , 8.0 , 8 , 8
2 , 6.86 , 8.0 , 8 , 8
2 , 6.86 , 8.0 , 8 , 8
2 , 6.84 , 8.0 , 8 , 8
2 , 6.84 , 8.0 , 8 , 8
2 , 6.84 , 8.0 , 8 , 8
2 , 6.84 , 8.0 , 8 , 8
2 , 6.8 , 8.0 , 8 , 8
2 , 6.8 , 8.0 , 8 , 8
2 , 6.8 , 8.0 , 8 , 8
2 , 6.8 , 8.0 , 8 , 8
2 , 6.78 , 8.0 , 8 , 8
2 , 6.78 , 8.0 , 8 , 8
2 , 6.76 , 8.0 , 8 , 8
2 , 6.76 , 8.0 , 8 , 8
2 , 6.76 , 8.0 , 8 , 8
2 , 6.72 , 8.0 , 8 , 8
2 , 6.72 , 8.0 , 8 , 8
2 , 6.72 , 8.0 , 8 , 8
2 , 6.72 , 8.0 , 8 , 8
2 , 6.7 , 7.0 , 8 , 8
2 , 6.7 , 7.0 , 8 , 8
2 , 6.7 , 7.0 , 8 , 8
2 , 6.7 , 7.0 , 8 , 8
2 , 6.7 , 7.0 , 8 , 8
2 , 6.7 , 7.0 , 8 , 8
2 , 6.7 , 7.0 , 8 , 8
2 , 6.7 , 7.0 , 8 , 8
2 , 6.7 , 7.0 , 8 , 8
2 , 6.68 , 6.0 , 8 , 8
2 , 6.68 , 6.0 , 8 , 8
2 , 6.66 , 6.0 , 8 , 8
2 , 6.62 , 6.0 , 8 , 8
2 , 6.62 , 6.0 , 8 , 8
2 , 6.62 , 6.0 , 8 , 8
2 , 6.6 , 6.0 , 8 , 8
2 , 6.6 , 6.0 , 8 , 8
2 , 6.6 , 6.0 , 8 , 8
2 , 6.56 , 6.0 , 8 , 8
2 , 6.54 , 6.0 , 6 , 8
2 , 6.54 , 6.0 , 6 , 8
2 , 6.5 , 6.0 , 6 , 8
2 , 6.5 , 6.0 , 6 , 8
2 , 6.46 , 6.0 , 6 , 8
2 , 6.42 , 6.0 , 6 , 8
2 , 6.42 , 6.0 , 6 , 8
2 , 6.42 , 6.0 , 6 , 8
2 , 6.4 , 6.0 , 6 , 8
2 , 6.4 , 6.0 , 6 , 8
2 , 6.4 , 6.0 , 6 , 8
2 , 6.4 , 6.0 , 6 , 8
2 , 6.4 , 6.0 , 6 , 8
2 , 6.38 , 6.0 , 6 , 8
2 , 6.38 , 6.0 , 6 , 8
2 , 6.38 , 6.0 , 6 , 8
2 , 6.36 , 6.0 , 6 , 8
2 , 6.36 , 6.0 , 6 , 8
2 , 6.36 , 6.0 , 6 , 8
2 , 6.36 , 6.0 , 6 , 8
2 , 6.34 , 6.0 , 6 , 8
2 , 6.34 , 6.0 , 6 , 8
2 , 6.34 , 6.0 , 6 , 8
2 , 6.32 , 6.0 , 6 , 8
2 , 6.3 , 6.0 , 6 , 8
2 , 6.3 , 6.0 , 6 , 8
2 , 6.3 , 6.0 , 6 , 8
2 , 6.26 , 6.0 , 6 , 8
2 , 6.26 , 6.0 , 6 , 8
2 , 6.26 , 6.0 , 6 , 8
2 , 6.26 , 6.0 , 6 , 8
2 , 6.26 , 6.0 , 6 , 8
2 , 6.24 , 6.0 , 6 , 8
2 , 6.24 , 6.0 , 6 , 8
2 , 6.24 , 6.0 , 6 , 8
2 , 6.22 , 6.0 , 6 , 8
2 , 6.22 , 6.0 , 6 , 8
2 , 6.22 , 6.0 , 6 , 8
2 , 6.22 , 6.0 , 6 , 8
2 , 6.22 , 6.0 , 6 , 8
2 , 6.22 , 6.0 , 6 , 8
2 , 6.22 , 6.0 , 6 , 8
2 , 6.22 , 6.0 , 6 , 8
2 , 6.22 , 6.0 , 6 , 8
2 , 6.18 , 6.0 , 6 , 8
2 , 6.18 , 6.0 , 6 , 8
2 , 6.18 , 6.0 , 6 , 8
2 , 6.18 , 6.0 , 6 , 8
2 , 6.18 , 6.0 , 6 , 8
2 , 6.18 , 6.0 , 6 , 8
2 , 6.18 , 6.0 , 6 , 8
2 , 6.18 , 6.0 , 6 , 8
2 , 6.14 , 6.0 , 6 , 8
2 , 6.14 , 6.0 , 6 , 8
2 , 6.12 , 6.0 , 6 , 8
2 , 6.08 , 6.0 , 6 , 8
2 , 6.08 , 6.0 , 6 , 8
2 , 6.06 , 6.0 , 6 , 8
2 , 6.04 , 6.0 , 6 , 8
2 , 6.04 , 6.0 , 6 , 8
2 , 6.02 , 6.0 , 6 , 8
2 , 6.02 , 6.0 , 6 , 8
2 , 6.02 , 6.0 , 6 , 8
2 , 6.02 , 6.0 , 6 , 8
2 , 5.96 , 6.0 , 6 , 8
2 , 5.96 , 6.0 , 6 , 8
2 , 5.94 , 6.0 , 6 , 8
2 , 5.94 , 6.0 , 6 , 8
2 , 5.94 , 6.0 , 6 , 8
2 , 5.94 , 6.0 , 6 , 8
2 , 5.94 , 6.0 , 6 , 8
2 , 5.92 , 6.0 , 6 , 8
2 , 5.92 , 6.0 , 6 , 8
2 , 5.92 , 6.0 , 6 , 8
2 , 5.92 , 6.0 , 6 , 8
2 , 5.92 , 6.0 , 6 , 8
2 , 5.92 , 6.0 , 6 , 8
2 , 5.88 , 6.0 , 6 , 8
2 , 5.86 , 6.0 , 6 , 8
2 , 5.86 , 6.0 , 6 , 8
2 , 5.86 , 6.0 , 6 , 8
2 , 5.84 , 6.0 , 6 , 8
2 , 5.84 , 6.0 , 6 , 8
2 , 5.84 , 6.0 , 6 , 8
2 , 5.82 , 6.0 , 6 , 8
2 , 5.82 , 6.0 , 6 , 8
2 , 5.78 , 6.0 , 6 , 8
2 , 5.76 , 6.0 , 6 , 8
2 , 5.76 , 6.0 , 6 , 8
2 , 5.72 , 6.0 , 6 , 8
2 , 5.72 , 6.0 , 6 , 8
2 , 5.72 , 6.0 , 6 , 8
2 , 5.72 , 6.0 , 6 , 8
2 , 5.72 , 6.0 , 6 , 8
2 , 5.72 , 6.0 , 6 , 8
2 , 5.72 , 6.0 , 6 , 8
2 , 5.72 , 6.0 , 6 , 8
2 , 5.72 , 6.0 , 6 , 8
2 , 5.72 , 6.0 , 6 , 8
2 , 5.7 , 6.0 , 6 , 8
2 , 5.7 , 6.0 , 6 , 8
2 , 5.7 , 6.0 , 6 , 8
2 , 5.7 , 6.0 , 6 , 8
2 , 5.68 , 6.0 , 6 , 8
2 , 5.68 , 6.0 , 6 , 8
2 , 5.68 , 6.0 , 6 , 8
2 , 5.68 , 6.0 , 6 , 8
2 , 5.68 , 6.0 , 6 , 8
2 , 5.66 , 6.0 , 6 , 8
2 , 5.64 , 6.0 , 6 , 8
2 , 5.62 , 6.0 , 6 , 8
2 , 5.62 , 6.0 , 6 , 8
2 , 5.62 , 6.0 , 6 , 8
2 , 5.62 , 6.0 , 6 , 8
2 , 5.62 , 6.0 , 6 , 8
2 , 5.62 , 6.0 , 6 , 8
2 , 5.62 , 6.0 , 6 , 8
2 , 5.62 , 6.0 , 6 , 8
2 , 5.54 , 6.0 , 6 , 8
2 , 5.46 , 6.0 , 6 , 8
2 , 5.46 , 6.0 , 6 , 8
2 , 5.46 , 6.0 , 6 , 8
2 , 5.46 , 6.0 , 6 , 8
2 , 5.44 , 6.0 , 6 , 8
2 , 5.44 , 6.0 , 6 , 8
2 , 5.44 , 6.0 , 6 , 8
2 , 5.4 , 6.0 , 6 , 6
2 , 5.4 , 6.0 , 6 , 6
2 , 5.4 , 6.0 , 6 , 6
2 , 5.4 , 6.0 , 6 , 6
2 , 5.4 , 6.0 , 6 , 6
2 , 5.4 , 6.0 , 6 , 6
2 , 5.4 , 6.0 , 6 , 6
2 , 5.4 , 6.0 , 6 , 6
2 , 5.4 , 6.0 , 6 , 6
2 , 5.4 , 6.0 , 6 , 6
2 , 5.4 , 6.0 , 6 , 6
2 , 5.4 , 6.0 , 6 , 6
2 , 5.4 , 6.0 , 6 , 6
2 , 5.4 , 6.0 , 6 , 6
2 , 5.4 , 6.0 , 6 , 6
2 , 5.4 , 6.0 , 6 , 6
2 , 5.4 , 6.0 , 6 , 6
2 , 5.4 , 6.0 , 6 , 6
2 , 5.4 , 6.0 , 6 , 6
2 , 5.4 , 6.0 , 6 , 6
2 , 5.4 , 6.0 , 6 , 6
2 , 5.4 , 6.0 , 6 , 6
2 , 5.4 , 6.0 , 6 , 6
2 , 5.4 , 6.0 , 6 , 6
2 , 5.4 , 6.0 , 6 , 6
2 , 5.38 , 6.0 , 6 , 6
2 , 5.38 , 6.0 , 6 , 6
2 , 5.38 , 6.0 , 6 , 6
2 , 5.38 , 6.0 , 6 , 6
2 , 5.38 , 6.0 , 6 , 6
2 , 5.38 , 6.0 , 6 , 6
2 , 5.38 , 6.0 , 6 , 6
2 , 5.38 , 6.0 , 6 , 6
2 , 5.38 , 6.0 , 6 , 6
2 , 5.38 , 6.0 , 6 , 6
2 , 5.38 , 6.0 , 6 , 6
2 , 5.38 , 6.0 , 6 , 6
2 , 5.38 , 6.0 , 6 , 6
2 , 5.38 , 6.0 , 6 , 6
2 , 5.38 , 6.0 , 6 , 6
2 , 5.38 , 6.0 , 6 , 6
2 , 5.38 , 6.0 , 6 , 6
2 , 5.38 , 6.0 , 6 , 6
2 , 5.38 , 6.0 , 6 , 6
2 , 5.38 , 6.0 , 6 , 6
2 , 5.38 , 6.0 , 6 , 6
2 , 5.38 , 6.0 , 6 , 6
2 , 5.38 , 6.0 , 6 , 6
2 , 5.38 , 6.0 , 6 , 6
2 , 5.38 , 6.0 , 6 , 6
2 , 5.38 , 6.0 , 6 , 6
2 , 5.34 , 6.0 , 6 , 6
2 , 5.34 , 6.0 , 6 , 6
2 , 5.34 , 6.0 , 6 , 6
2 , 5.34 , 6.0 , 6 , 6
2 , 5.34 , 6.0 , 6 , 6
2 , 5.34 , 6.0 , 6 , 6
2 , 5.34 , 6.0 , 6 , 6
2 , 5.34 , 6.0 , 6 , 6
2 , 5.34 , 6.0 , 6 , 6
2 , 5.34 , 6.0 , 6 , 6
2 , 5.34 , 6.0 , 6 , 6
2 , 5.34 , 6.0 , 6 , 6
2 , 5.34 , 6.0 , 6 , 6
2 , 5.34 , 6.0 , 6 , 6
2 , 5.34 , 6.0 , 6 , 6
2 , 5.34 , 6.0 , 6 , 6
2 , 5.34 , 6.0 , 6 , 6
2 , 5.34 , 6.0 , 6 , 6
2 , 5.34 , 6.0 , 6 , 6
2 , 5.34 , 6.0 , 6 , 6
2 , 5.34 , 6.0 , 6 , 6
2 , 5.34 , 6.0 , 6 , 6
2 , 5.3 , 6.0 , 6 , 6
2 , 5.3 , 6.0 , 6 , 6
2 , 5.3 , 6.0 , 6 , 6
2 , 5.3 , 6.0 , 6 , 6
2 , 5.3 , 6.0 , 6 , 6
2 , 5.3 , 6.0 , 6 , 6
2 , 5.3 , 6.0 , 6 , 6
2 , 5.3 , 6.0 , 6 , 6
2 , 5.3 , 6.0 , 6 , 6
2 , 5.3 , 6.0 , 6 , 6
2 , 5.3 , 6.0 , 6 , 6
2 , 5.28 , 6.0 , 6 , 6
2 , 5.28 , 6.0 , 6 , 6
2 , 5.28 , 6.0 , 6 , 6
2 , 5.28 , 6.0 , 6 , 6
2 , 5.28 , 6.0 , 6 , 6
2 , 5.28 , 6.0 , 6 , 6
2 , 5.28 , 6.0 , 6 , 6
2 , 5.28 , 6.0 , 6 , 6
2 , 5.28 , 6.0 , 6 , 6
2 , 5.28 , 6.0 , 6 , 6
2 , 5.28 , 6.0 , 6 , 6
2 , 5.28 , 6.0 , 6 , 6
2 , 5.28 , 6.0 , 6 , 6
2 , 5.28 , 6.0 , 6 , 6
2 , 5.28 , 6.0 , 6 , 6
2 , 5.26 , 6.0 , 6 , 6
2 , 5.26 , 6.0 , 6 , 6
2 , 5.26 , 6.0 , 6 , 6
2 , 5.26 , 6.0 , 6 , 6
2 , 5.26 , 6.0 , 6 , 6
2 , 5.26 , 6.0 , 6 , 6
2 , 5.26 , 6.0 , 6 , 6
2 , 5.26 , 6.0 , 6 , 6
2 , 5.26 , 6.0 , 6 , 6
2 , 5.26 , 6.0 , 6 , 6
2 , 5.26 , 6.0 , 6 , 6
2 , 5.26 , 6.0 , 6 , 6
2 , 5.26 , 6.0 , 6 , 6
2 , 5.26 , 6.0 , 6 , 6
2 , 5.22 , 6.0 , 6 , 6
2 , 5.22 , 6.0 , 6 , 6
2 , 5.22 , 6.0 , 6 , 6
2 , 5.22 , 6.0 , 6 , 6
2 , 5.22 , 6.0 , 6 , 6
2 , 5.22 , 6.0 , 6 , 6
2 , 5.22 , 6.0 , 6 , 6
2 , 5.22 , 6.0 , 6 , 6
2 , 5.22 , 6.0 , 6 , 6
2 , 5.22 , 6.0 , 6 , 6
2 , 5.22 , 6.0 , 6 , 6
2 , 5.22 , 6.0 , 6 , 6
2 , 5.22 , 6.0 , 6 , 6
2 , 5.22 , 6.0 , 6 , 6
2 , 5.22 , 6.0 , 6 , 6
2 , 5.22 , 6.0 , 6 , 6
2 , 5.22 , 6.0 , 6 , 6
2 , 5.22 , 6.0 , 6 , 6
2 , 5.22 , 6.0 , 6 , 6
2 , 5.22 , 6.0 , 6 , 6
2 , 5.2 , 6.0 , 6 , 6
2 , 5.2 , 6.0 , 6 , 6
2 , 5.2 , 6.0 , 6 , 6
2 , 5.2 , 6.0 , 6 , 6
2 , 5.2 , 6.0 , 6 , 6
2 , 5.2 , 6.0 , 6 , 6
2 , 5.2 , 6.0 , 6 , 6
2 , 5.2 , 6.0 , 6 , 6
2 , 5.2 , 6.0 , 6 , 6
2 , 5.2 , 6.0 , 6 , 6
2 , 5.2 , 6.0 , 6 , 6
2 , 5.18 , 6.0 , 6 , 6
2 , 5.18 , 6.0 , 6 , 6
2 , 5.18 , 6.0 , 6 , 6
2 , 5.18 , 6.0 , 6 , 6
2 , 5.16 , 6.0 , 6 , 6
2 , 5.16 , 6.0 , 6 , 6
2 , 5.16 , 6.0 , 6 , 6
2 , 5.16 , 6.0 , 6 , 6
2 , 5.16 , 6.0 , 6 , 6
2 , 5.16 , 6.0 , 6 , 6
2 , 5.16 , 6.0 , 6 , 6
2 , 5.16 , 6.0 , 6 , 6
2 , 5.16 , 6.0 , 6 , 6
2 , 5.16 , 6.0 , 6 , 6
2 , 5.16 , 6.0 , 6 , 6
2 , 5.16 , 6.0 , 6 , 6
2 , 5.16 , 6.0 , 6 , 6
2 , 5.16 , 6.0 , 6 , 6
2 , 5.16 , 6.0 , 6 , 6
2 , 5.16 , 6.0 , 6 , 6
2 , 5.16 , 6.0 , 6 , 6
2 , 5.16 , 6.0 , 6 , 6
2 , 5.12 , 6.0 , 6 , 6
2 , 5.12 , 6.0 , 6 , 6
2 , 5.12 , 6.0 , 6 , 6
2 , 5.12 , 6.0 , 6 , 6
2 , 5.12 , 6.0 , 6 , 6
2 , 5.12 , 6.0 , 6 , 6
2 , 5.12 , 6.0 , 6 , 6
2 , 5.12 , 6.0 , 6 , 6
2 , 5.12 , 6.0 , 6 , 6
2 , 5.12 , 6.0 , 6 , 6
2 , 5.12 , 6.0 , 6 , 6
2 , 5.12 , 6.0 , 6 , 6
2 , 5.12 , 6.0 , 6 , 6
2 , 5.12 , 6.0 , 6 , 6
2 , 5.12 , 6.0 , 6 , 6
2 , 5.12 , 6.0 , 6 , 6
2 , 5.12 , 6.0 , 6 , 6
2 , 5.12 , 6.0 , 6 , 6
2 , 5.12 , 6.0 , 6 , 6
2 , 5.12 , 6.0 , 6 , 6
2 , 5.1 , 6.0 , 6 , 6
2 , 5.1 , 6.0 , 6 , 6
2 , 5.08 , 6.0 , 6 , 6
2 , 5.08 , 6.0 , 6 , 6
2 , 5.08 , 6.0 , 6 , 6
2 , 5.08 , 6.0 , 6 , 6
2 , 5.08 , 6.0 , 6 , 6
2 , 5.08 , 6.0 , 6 , 6
2 , 5.08 , 6.0 , 6 , 6
2 , 5.08 , 6.0 , 6 , 6
2 , 5.08 , 6.0 , 6 , 6
2 , 5.08 , 6.0 , 6 , 6
2 , 5.08 , 6.0 , 6 , 6
2 , 5.08 , 6.0 , 6 , 6
2 , 5.08 , 6.0 , 6 , 6
2 , 5.08 , 6.0 , 6 , 6
2 , 5.08 , 6.0 , 6 , 6
2 , 5.08 , 6.0 , 6 , 6
2 , 5.08 , 6.0 , 6 , 6
2 , 5.08 , 6.0 , 6 , 6
2 , 5.08 , 6.0 , 6 , 6
2 , 5.08 , 6.0 , 6 , 6
2 , 5.08 , 6.0 , 6 , 6
2 , 5.08 , 6.0 , 6 , 6
2 , 5.08 , 6.0 , 6 , 6
2 , 5.08 , 6.0 , 6 , 6
2 , 5.06 , 6.0 , 6 , 6
2 , 5.04 , 6.0 , 6 , 6
2 , 5.04 , 6.0 , 6 , 6
2 , 5.04 , 6.0 , 6 , 6
2 , 5.04 , 6.0 , 6 , 6
2 , 5.0 , 6.0 , 6 , 6
2 , 5.0 , 6.0 , 6 , 6
2 , 5.0 , 6.0 , 6 , 6
2 , 5.0 , 6.0 , 6 , 6
2 , 5.0 , 6.0 , 6 , 6
2 , 5.0 , 6.0 , 6 , 6
2 , 4.98 , 6.0 , 6 , 6
2 , 4.98 , 6.0 , 6 , 6
2 , 4.98 , 6.0 , 6 , 6
2 , 4.98 , 6.0 , 6 , 6
2 , 4.94 , 6.0 , 6 , 6
2 , 4.94 , 6.0 , 6 , 6
2 , 4.94 , 6.0 , 6 , 6
2 , 4.94 , 6.0 , 6 , 6
2 , 4.94 , 6.0 , 6 , 6
2 , 4.94 , 6.0 , 6 , 6
2 , 4.94 , 6.0 , 6 , 6
2 , 4.94 , 6.0 , 6 , 6
2 , 4.94 , 6.0 , 6 , 6
2 , 4.94 , 6.0 , 6 , 6
2 , 4.94 , 6.0 , 6 , 6
2 , 4.92 , 6.0 , 6 , 6
2 , 4.92 , 6.0 , 6 , 6
2 , 4.9 , 6.0 , 6 , 6
2 , 4.9 , 6.0 , 6 , 6
2 , 4.9 , 6.0 , 6 , 6
2 , 4.9 , 6.0 , 6 , 6
2 , 4.9 , 6.0 , 6 , 6
2 , 4.9 , 6.0 , 6 , 6
2 , 4.88 , 6.0 , 6 , 6
2 , 4.88 , 6.0 , 6 , 6
2 , 4.82 , 6.0 , 6 , 6
2 , 4.82 , 6.0 , 6 , 6
2 , 4.82 , 6.0 , 6 , 6
2 , 4.82 , 6.0 , 6 , 6
2 , 4.82 , 6.0 , 6 , 6
2 , 4.82 , 6.0 , 6 , 6
2 , 4.82 , 6.0 , 6 , 6
2 , 4.82 , 6.0 , 6 , 6
2 , 4.82 , 6.0 , 6 , 6
2 , 4.8 , 5.0 , 6 , 6
2 , 4.78 , 4.0 , 6 , 6
2 , 4.76 , 4.0 , 6 , 6
2 , 4.76 , 4.0 , 6 , 6
2 , 4.76 , 4.0 , 6 , 6
2 , 4.76 , 4.0 , 6 , 6
2 , 4.76 , 4.0 , 6 , 6
2 , 4.76 , 4.0 , 6 , 6
2 , 4.76 , 4.0 , 6 , 6
2 , 4.76 , 4.0 , 6 , 6
2 , 4.76 , 4.0 , 6 , 6
2 , 4.76 , 4.0 , 6 , 6
2 , 4.76 , 4.0 , 6 , 6
2 , 4.76 , 4.0 , 6 , 6
2 , 4.76 , 4.0 , 6 , 6
2 , 4.76 , 4.0 , 6 , 6
2 , 4.76 , 4.0 , 6 , 6
2 , 4.76 , 4.0 , 6 , 6
2 , 4.76 , 4.0 , 6 , 6
2 , 4.76 , 4.0 , 6 , 6
2 , 4.72 , 4.0 , 6 , 6
2 , 4.72 , 4.0 , 6 , 6
2 , 4.72 , 4.0 , 6 , 6
2 , 4.72 , 4.0 , 6 , 6
2 , 4.72 , 4.0 , 6 , 6
2 , 4.72 , 4.0 , 6 , 6
2 , 4.72 , 4.0 , 6 , 6
2 , 4.72 , 4.0 , 6 , 6
2 , 4.72 , 4.0 , 6 , 6
2 , 4.72 , 4.0 , 6 , 6
2 , 4.72 , 4.0 , 6 , 6
2 , 4.72 , 4.0 , 6 , 6
2 , 4.72 , 4.0 , 6 , 6
2 , 4.72 , 4.0 , 6 , 6
2 , 4.72 , 4.0 , 6 , 6
2 , 4.68 , 4.0 , 6 , 6
2 , 4.68 , 4.0 , 6 , 6
2 , 4.68 , 4.0 , 6 , 6
2 , 4.68 , 4.0 , 6 , 6
2 , 4.68 , 4.0 , 6 , 6
2 , 4.68 , 4.0 , 6 , 6
2 , 4.68 , 4.0 , 6 , 6
2 , 4.68 , 4.0 , 6 , 6
2 , 4.68 , 4.0 , 6 , 6
2 , 4.68 , 4.0 , 6 , 6
2 , 4.68 , 4.0 , 6 , 6
2 , 4.68 , 4.0 , 6 , 6
2 , 4.68 , 4.0 , 6 , 6
2 , 4.68 , 4.0 , 6 , 6
2 , 4.68 , 4.0 , 6 , 6
2 , 4.68 , 4.0 , 6 , 6
2 , 4.64 , 4.0 , 4 , 6
2 , 4.6 , 4.0 , 4 , 6
2 , 4.58 , 4.0 , 4 , 6
2 , 4.58 , 4.0 , 4 , 6
2 , 4.58 , 4.0 , 4 , 6
2 , 4.58 , 4.0 , 4 , 6
2 , 4.58 , 4.0 , 4 , 6
2 , 4.58 , 4.0 , 4 , 6
2 , 4.58 , 4.0 , 4 , 6
2 , 4.58 , 4.0 , 4 , 6
2 , 4.56 , 4.0 , 4 , 6
2 , 4.56 , 4.0 , 4 , 6
2 , 4.56 , 4.0 , 4 , 6
2 , 4.56 , 4.0 , 4 , 6
2 , 4.56 , 4.0 , 4 , 6
2 , 4.56 , 4.0 , 4 , 6
2 , 4.56 , 4.0 , 4 , 6
2 , 4.56 , 4.0 , 4 , 6
2 , 4.56 , 4.0 , 4 , 6
2 , 4.56 , 4.0 , 4 , 6
2 , 4.56 , 4.0 , 4 , 6
2 , 4.56 , 4.0 , 4 , 6
2 , 4.56 , 4.0 , 4 , 6
2 , 4.52 , 4.0 , 4 , 6
2 , 4.52 , 4.0 , 4 , 6
2 , 4.52 , 4.0 , 4 , 6
2 , 4.52 , 4.0 , 4 , 6
2 , 4.52 , 4.0 , 4 , 6
2 , 4.52 , 4.0 , 4 , 6
2 , 4.5 , 4.0 , 4 , 6
2 , 4.48 , 4.0 , 4 , 6
2 , 4.46 , 4.0 , 4 , 6
2 , 4.46 , 4.0 , 4 , 6
2 , 4.46 , 4.0 , 4 , 6
2 , 4.46 , 4.0 , 4 , 6
2 , 4.46 , 4.0 , 4 , 6
2 , 4.46 , 4.0 , 4 , 6
2 , 4.46 , 4.0 , 4 , 6
2 , 4.46 , 4.0 , 4 , 6
2 , 4.46 , 4.0 , 4 , 6
2 , 4.46 , 4.0 , 4 , 6
2 , 4.46 , 4.0 , 4 , 6
2 , 4.46 , 4.0 , 4 , 6
2 , 4.46 , 4.0 , 4 , 6
2 , 4.46 , 4.0 , 4 , 6
2 , 4.46 , 4.0 , 4 , 6
2 , 4.46 , 4.0 , 4 , 6
2 , 4.46 , 4.0 , 4 , 6
2 , 4.46 , 4.0 , 4 , 6
2 , 4.46 , 4.0 , 4 , 6
2 , 4.46 , 4.0 , 4 , 6
2 , 4.46 , 4.0 , 4 , 6
2 , 4.46 , 4.0 , 4 , 6
2 , 4.46 , 4.0 , 4 , 6
2 , 4.46 , 4.0 , 4 , 6
2 , 4.46 , 4.0 , 4 , 6
2 , 4.46 , 4.0 , 4 , 6
2 , 4.46 , 4.0 , 4 , 6
2 , 4.46 , 4.0 , 4 , 6
2 , 4.46 , 4.0 , 4 , 6
2 , 4.46 , 4.0 , 4 , 6
2 , 4.46 , 4.0 , 4 , 6
2 , 4.46 , 4.0 , 4 , 6
2 , 4.46 , 4.0 , 4 , 6
2 , 4.46 , 4.0 , 4 , 6
2 , 4.46 , 4.0 , 4 , 6
2 , 4.46 , 4.0 , 4 , 6
2 , 4.46 , 4.0 , 4 , 6
2 , 4.46 , 4.0 , 4 , 6
2 , 4.46 , 4.0 , 4 , 6
2 , 4.46 , 4.0 , 4 , 6
2 , 4.44 , 4.0 , 4 , 6
2 , 4.44 , 4.0 , 4 , 6
2 , 4.44 , 4.0 , 4 , 6
2 , 4.42 , 4.0 , 4 , 6
2 , 4.4 , 4.0 , 4 , 6
2 , 4.4 , 4.0 , 4 , 6
2 , 4.4 , 4.0 , 4 , 6
2 , 4.4 , 4.0 , 4 , 6
2 , 4.4 , 4.0 , 4 , 6
2 , 4.36 , 4.0 , 4 , 6
2 , 4.36 , 4.0 , 4 , 6
2 , 4.36 , 4.0 , 4 , 6
2 , 4.36 , 4.0 , 4 , 6
2 , 4.36 , 4.0 , 4 , 6
2 , 4.36 , 4.0 , 4 , 6
2 , 4.36 , 4.0 , 4 , 6
2 , 4.36 , 4.0 , 4 , 6
2 , 4.36 , 4.0 , 4 , 6
2 , 4.36 , 4.0 , 4 , 6
2 , 4.36 , 4.0 , 4 , 6
2 , 4.32 , 4.0 , 4 , 6
2 , 4.32 , 4.0 , 4 , 6
2 , 4.32 , 4.0 , 4 , 6
2 , 4.3 , 4.0 , 4 , 6
2 , 4.3 , 4.0 , 4 , 6
2 , 4.3 , 4.0 , 4 , 6
2 , 4.3 , 4.0 , 4 , 6
2 , 4.28 , 4.0 , 4 , 6
2 , 4.28 , 4.0 , 4 , 6
2 , 4.28 , 4.0 , 4 , 6
2 , 4.28 , 4.0 , 4 , 6
2 , 4.28 , 4.0 , 4 , 6
2 , 4.28 , 4.0 , 4 , 6
2 , 4.28 , 4.0 , 4 , 6
2 , 4.28 , 4.0 , 4 , 6
2 , 4.28 , 4.0 , 4 , 6
2 , 4.28 , 4.0 , 4 , 6
2 , 4.28 , 4.0 , 4 , 6
2 , 4.28 , 4.0 , 4 , 6
2 , 4.28 , 4.0 , 4 , 6
2 , 4.28 , 4.0 , 4 , 6
2 , 4.28 , 4.0 , 4 , 6
2 , 4.28 , 4.0 , 4 , 6
2 , 4.28 , 4.0 , 4 , 6
2 , 4.26 , 4.0 , 4 , 6
2 , 4.26 , 4.0 , 4 , 6
2 , 4.26 , 4.0 , 4 , 6
2 , 4.26 , 4.0 , 4 , 6
2 , 4.26 , 4.0 , 4 , 6
2 , 4.26 , 4.0 , 4 , 6
2 , 4.26 , 4.0 , 4 , 6
2 , 4.24 , 4.0 , 4 , 6
2 , 4.22 , 4.0 , 4 , 6
2 , 4.22 , 4.0 , 4 , 6
2 , 4.22 , 4.0 , 4 , 6
2 , 4.2 , 4.0 , 4 , 6
2 , 4.2 , 4.0 , 4 , 6
2 , 4.2 , 4.0 , 4 , 6
2 , 4.2 , 4.0 , 4 , 6
2 , 4.2 , 4.0 , 4 , 6
2 , 4.2 , 4.0 , 4 , 6
2 , 4.2 , 4.0 , 4 , 6
2 , 4.2 , 4.0 , 4 , 6
2 , 4.2 , 4.0 , 4 , 6
2 , 4.2 , 4.0 , 4 , 6
2 , 4.2 , 4.0 , 4 , 6
2 , 4.16 , 4.0 , 4 , 6
2 , 4.16 , 4.0 , 4 , 6
2 , 4.16 , 4.0 , 4 , 6
2 , 4.16 , 4.0 , 4 , 6
2 , 4.16 , 4.0 , 4 , 6
2 , 4.16 , 4.0 , 4 , 6
2 , 4.16 , 4.0 , 4 , 6
2 , 4.16 , 4.0 , 4 , 6
2 , 4.16 , 4.0 , 4 , 6
2 , 4.16 , 4.0 , 4 , 6
2 , 4.16 , 4.0 , 4 , 6
2 , 4.16 , 4.0 , 4 , 6
2 , 4.16 , 4.0 , 4 , 6
2 , 4.16 , 4.0 , 4 , 6
2 , 4.16 , 4.0 , 4 , 6
2 , 4.14 , 4.0 , 4 , 6
2 , 4.14 , 4.0 , 4 , 6
2 , 4.14 , 4.0 , 4 , 6
2 , 4.14 , 4.0 , 4 , 6
2 , 4.14 , 4.0 , 4 , 6
2 , 4.14 , 4.0 , 4 , 6
2 , 4.14 , 4.0 , 4 , 6
2 , 4.14 , 4.0 , 4 , 6
2 , 4.14 , 4.0 , 4 , 6
2 , 4.14 , 4.0 , 4 , 6
2 , 4.14 , 4.0 , 4 , 6
2 , 4.14 , 4.0 , 4 , 6
2 , 4.14 , 4.0 , 4 , 6
2 , 4.14 , 4.0 , 4 , 6
2 , 4.14 , 4.0 , 4 , 6
2 , 4.14 , 4.0 , 4 , 6
2 , 4.14 , 4.0 , 4 , 6
2 , 4.14 , 4.0 , 4 , 6
2 , 4.14 , 4.0 , 4 , 6
2 , 4.12 , 4.0 , 4 , 6
2 , 4.12 , 4.0 , 4 , 6
2 , 4.12 , 4.0 , 4 , 6
2 , 4.12 , 4.0 , 4 , 6
2 , 4.12 , 4.0 , 4 , 6
2 , 4.12 , 4.0 , 4 , 6
2 , 4.12 , 4.0 , 4 , 6
2 , 4.12 , 4.0 , 4 , 6
2 , 4.1 , 4.0 , 4 , 6
2 , 4.1 , 4.0 , 4 , 6
2 , 4.08 , 4.0 , 4 , 6
2 , 4.08 , 4.0 , 4 , 6
2 , 4.08 , 4.0 , 4 , 6
2 , 4.08 , 4.0 , 4 , 6
2 , 4.08 , 4.0 , 4 , 6
2 , 4.08 , 4.0 , 4 , 6
2 , 4.08 , 4.0 , 4 , 6
2 , 4.08 , 4.0 , 4 , 6
2 , 4.08 , 4.0 , 4 , 6
2 , 4.06 , 4.0 , 4 , 6
2 , 4.06 , 4.0 , 4 , 6
2 , 4.06 , 4.0 , 4 , 6
2 , 4.06 , 4.0 , 4 , 6
2 , 4.06 , 4.0 , 4 , 6
2 , 4.06 , 4.0 , 4 , 6
2 , 4.04 , 4.0 , 4 , 6
2 , 4.04 , 4.0 , 4 , 6
2 , 4.04 , 4.0 , 4 , 6
2 , 4.04 , 4.0 , 4 , 6
2 , 4.0 , 4.0 , 4 , 6
2 , 4.0 , 4.0 , 4 , 6
2 , 4.0 , 4.0 , 4 , 6
2 , 4.0 , 4.0 , 4 , 6
2 , 4.0 , 4.0 , 4 , 6
2 , 4.0 , 4.0 , 4 , 6
2 , 4.0 , 4.0 , 4 , 6
2 , 4.0 , 4.0 , 4 , 6
2 , 4.0 , 4.0 , 4 , 6
2 , 4.0 , 4.0 , 4 , 6
2 , 3.98 , 4.0 , 4 , 6
2 , 3.98 , 4.0 , 4 , 6
2 , 3.98 , 4.0 , 4 , 6
2 , 3.98 , 4.0 , 4 , 6
2 , 3.98 , 4.0 , 4 , 6
2 , 3.96 , 4.0 , 4 , 6
2 , 3.96 , 4.0 , 4 , 6
2 , 3.96 , 4.0 , 4 , 6
2 , 3.96 , 4.0 , 4 , 6
2 , 3.96 , 4.0 , 4 , 6
2 , 3.96 , 4.0 , 4 , 6
2 , 3.96 , 4.0 , 4 , 6
2 , 3.94 , 4.0 , 4 , 6
2 , 3.9 , 4.0 , 4 , 6
2 , 3.9 , 4.0 , 4 , 6
2 , 3.9 , 4.0 , 4 , 6
2 , 3.9 , 4.0 , 4 , 6
2 , 3.9 , 4.0 , 4 , 6
2 , 3.9 , 4.0 , 4 , 6
2 , 3.9 , 4.0 , 4 , 6
2 , 3.88 , 4.0 , 4 , 6
2 , 3.88 , 4.0 , 4 , 6
2 , 3.88 , 4.0 , 4 , 6
2 , 3.88 , 4.0 , 4 , 6
2 , 3.88 , 4.0 , 4 , 6
2 , 3.88 , 4.0 , 4 , 6
2 , 3.88 , 4.0 , 4 , 6
2 , 3.88 , 4.0 , 4 , 6
2 , 3.88 , 4.0 , 4 , 6
2 , 3.88 , 4.0 , 4 , 6
2 , 3.88 , 4.0 , 4 , 6
2 , 3.88 , 4.0 , 4 , 6
2 , 3.88 , 4.0 , 4 , 6
2 , 3.88 , 4.0 , 4 , 6
2 , 3.88 , 4.0 , 4 , 6
2 , 3.88 , 4.0 , 4 , 6
2 , 3.88 , 4.0 , 4 , 6
2 , 3.88 , 4.0 , 4 , 6
2 , 3.88 , 4.0 , 4 , 6
2 , 3.88 , 4.0 , 4 , 6
2 , 3.88 , 4.0 , 4 , 6
2 , 3.88 , 4.0 , 4 , 6
2 , 3.86 , 4.0 , 4 , 6
2 , 3.86 , 4.0 , 4 , 6
2 , 3.84 , 4.0 , 4 , 6
2 , 3.84 , 4.0 , 4 , 6
2 , 3.84 , 4.0 , 4 , 6
2 , 3.84 , 4.0 , 4 , 6
2 , 3.84 , 4.0 , 4 , 6
2 , 3.84 , 4.0 , 4 , 6
2 , 3.82 , 4.0 , 4 , 6
2 , 3.82 , 4.0 , 4 , 6
2 , 3.82 , 4.0 , 4 , 6
2 , 3.82 , 4.0 , 4 , 6
2 , 3.82 , 4.0 , 4 , 6
0  Perfect solutions
perfect solution individuals []
