6 , 15.72 , 14.0 , 14 , 28
6 , 15.42 , 14.0 , 14 , 24
6 , 15.14 , 14.0 , 14 , 24
6 , 14.92 , 14.0 , 14 , 24
6 , 14.68 , 14.0 , 14 , 24
6 , 14.46 , 14.0 , 14 , 22
6 , 14.32 , 14.0 , 14 , 20
6 , 14.26 , 14.0 , 14 , 20
6 , 14.1 , 14.0 , 14 , 20
6 , 14.02 , 14.0 , 14 , 20
6 , 13.82 , 14.0 , 14 , 20
6 , 13.72 , 14.0 , 14 , 18
6 , 13.56 , 14.0 , 14 , 18
6 , 13.5 , 14.0 , 14 , 18
6 , 13.42 , 14.0 , 14 , 18
6 , 13.38 , 14.0 , 14 , 18
6 , 13.22 , 14.0 , 14 , 18
6 , 13.18 , 14.0 , 14 , 18
6 , 13.06 , 14.0 , 14 , 18
4 , 12.86 , 14.0 , 14 , 16
4 , 12.8 , 14.0 , 14 , 16
4 , 12.78 , 14.0 , 14 , 16
4 , 12.7 , 13.0 , 14 , 16
4 , 12.64 , 12.0 , 14 , 16
4 , 12.6 , 12.0 , 14 , 16
4 , 12.5 , 12.0 , 14 , 16
4 , 12.46 , 12.0 , 14 , 16
4 , 12.4 , 12.0 , 14 , 16
4 , 12.36 , 12.0 , 14 , 16
4 , 12.36 , 12.0 , 14 , 16
4 , 12.32 , 12.0 , 14 , 16
4 , 12.28 , 12.0 , 14 , 16
4 , 12.26 , 12.0 , 14 , 16
4 , 12.18 , 12.0 , 14 , 16
4 , 12.1 , 12.0 , 14 , 16
4 , 12.06 , 12.0 , 14 , 16
4 , 11.98 , 12.0 , 12 , 16
4 , 11.98 , 12.0 , 12 , 16
4 , 11.86 , 12.0 , 12 , 16
4 , 11.84 , 12.0 , 14 , 14
4 , 11.84 , 12.0 , 14 , 14
4 , 11.82 , 12.0 , 12 , 14
4 , 11.76 , 12.0 , 12 , 14
4 , 11.66 , 12.0 , 12 , 14
4 , 11.62 , 12.0 , 12 , 14
4 , 11.58 , 12.0 , 12 , 14
4 , 11.54 , 12.0 , 12 , 14
4 , 11.54 , 12.0 , 12 , 14
4 , 11.5 , 12.0 , 12 , 14
4 , 11.48 , 12.0 , 12 , 14
4 , 11.4 , 12.0 , 12 , 14
4 , 11.34 , 12.0 , 12 , 14
4 , 11.24 , 12.0 , 12 , 14
4 , 11.2 , 12.0 , 12 , 14
4 , 11.04 , 12.0 , 12 , 14
4 , 10.96 , 12.0 , 12 , 14
4 , 10.92 , 12.0 , 12 , 14
4 , 10.92 , 12.0 , 12 , 14
4 , 10.9 , 12.0 , 12 , 14
4 , 10.82 , 12.0 , 12 , 14
4 , 10.8 , 12.0 , 12 , 14
4 , 10.72 , 12.0 , 12 , 14
4 , 10.72 , 12.0 , 12 , 14
4 , 10.72 , 12.0 , 12 , 14
4 , 10.68 , 11.0 , 12 , 14
4 , 10.62 , 10.0 , 12 , 14
4 , 10.56 , 10.0 , 12 , 14
4 , 10.56 , 10.0 , 12 , 14
4 , 10.46 , 10.0 , 12 , 14
4 , 10.46 , 10.0 , 12 , 14
4 , 10.46 , 10.0 , 12 , 14
4 , 10.38 , 10.0 , 12 , 14
4 , 10.32 , 10.0 , 12 , 12
4 , 10.32 , 10.0 , 12 , 12
4 , 10.32 , 10.0 , 12 , 12
4 , 10.3 , 10.0 , 12 , 12
4 , 10.28 , 10.0 , 12 , 12
4 , 10.28 , 10.0 , 12 , 12
4 , 10.26 , 10.0 , 10 , 12
4 , 10.22 , 10.0 , 10 , 12
4 , 10.22 , 10.0 , 10 , 12
4 , 10.18 , 10.0 , 10 , 12
4 , 10.18 , 10.0 , 10 , 12
4 , 10.18 , 10.0 , 10 , 12
4 , 10.14 , 10.0 , 10 , 12
4 , 10.14 , 10.0 , 10 , 12
4 , 10.1 , 10.0 , 10 , 12
4 , 10.1 , 10.0 , 10 , 12
4 , 10.08 , 10.0 , 10 , 12
4 , 10.06 , 10.0 , 10 , 12
4 , 10.04 , 10.0 , 10 , 12
4 , 10.0 , 10.0 , 10 , 12
4 , 9.98 , 10.0 , 10 , 12
4 , 9.98 , 10.0 , 10 , 12
4 , 9.98 , 10.0 , 10 , 12
4 , 9.98 , 10.0 , 10 , 12
4 , 9.92 , 10.0 , 10 , 12
4 , 9.88 , 10.0 , 10 , 12
4 , 9.88 , 10.0 , 10 , 12
4 , 9.86 , 10.0 , 10 , 12
4 , 9.86 , 10.0 , 10 , 12
4 , 9.84 , 10.0 , 10 , 12
4 , 9.84 , 10.0 , 10 , 12
4 , 9.84 , 10.0 , 10 , 12
4 , 9.82 , 10.0 , 10 , 12
4 , 9.8 , 10.0 , 10 , 12
4 , 9.8 , 10.0 , 10 , 12
4 , 9.78 , 10.0 , 10 , 12
4 , 9.78 , 10.0 , 10 , 12
4 , 9.72 , 10.0 , 10 , 12
4 , 9.7 , 10.0 , 10 , 12
4 , 9.68 , 10.0 , 10 , 12
4 , 9.68 , 10.0 , 10 , 12
4 , 9.68 , 10.0 , 10 , 12
4 , 9.62 , 10.0 , 10 , 12
4 , 9.62 , 10.0 , 10 , 12
4 , 9.62 , 10.0 , 10 , 12
4 , 9.62 , 10.0 , 10 , 12
4 , 9.58 , 10.0 , 10 , 12
4 , 9.54 , 10.0 , 10 , 12
4 , 9.54 , 10.0 , 10 , 12
4 , 9.54 , 10.0 , 10 , 12
4 , 9.54 , 10.0 , 10 , 12
4 , 9.52 , 10.0 , 10 , 12
4 , 9.52 , 10.0 , 10 , 12
4 , 9.52 , 10.0 , 10 , 12
4 , 9.48 , 10.0 , 10 , 12
4 , 9.4 , 10.0 , 10 , 12
4 , 9.38 , 10.0 , 10 , 12
4 , 9.38 , 10.0 , 10 , 12
4 , 9.3 , 10.0 , 10 , 12
4 , 9.26 , 10.0 , 10 , 12
4 , 9.26 , 10.0 , 10 , 12
4 , 9.24 , 10.0 , 10 , 12
4 , 9.22 , 10.0 , 10 , 12
4 , 9.22 , 10.0 , 10 , 12
4 , 9.2 , 10.0 , 10 , 12
4 , 9.2 , 10.0 , 10 , 12
4 , 9.18 , 10.0 , 10 , 12
4 , 9.16 , 10.0 , 10 , 12
4 , 9.16 , 10.0 , 10 , 12
4 , 9.16 , 10.0 , 10 , 12
4 , 9.08 , 10.0 , 10 , 12
4 , 9.06 , 10.0 , 10 , 12
4 , 9.04 , 10.0 , 10 , 12
4 , 9.0 , 10.0 , 10 , 10
4 , 9.0 , 10.0 , 10 , 10
4 , 9.0 , 10.0 , 10 , 10
4 , 9.0 , 10.0 , 10 , 10
4 , 9.0 , 10.0 , 10 , 10
4 , 8.96 , 10.0 , 10 , 10
4 , 8.96 , 10.0 , 10 , 10
4 , 8.94 , 10.0 , 10 , 10
4 , 8.94 , 10.0 , 10 , 10
4 , 8.92 , 10.0 , 10 , 10
4 , 8.92 , 10.0 , 10 , 10
4 , 8.92 , 10.0 , 10 , 10
4 , 8.92 , 10.0 , 10 , 10
4 , 8.92 , 10.0 , 10 , 10
4 , 8.92 , 10.0 , 10 , 10
4 , 8.92 , 10.0 , 10 , 10
4 , 8.92 , 10.0 , 10 , 10
4 , 8.92 , 10.0 , 10 , 10
4 , 8.86 , 10.0 , 10 , 10
4 , 8.86 , 10.0 , 10 , 10
4 , 8.86 , 10.0 , 10 , 10
4 , 8.84 , 10.0 , 10 , 10
4 , 8.84 , 10.0 , 10 , 10
4 , 8.84 , 10.0 , 10 , 10
4 , 8.84 , 10.0 , 10 , 10
4 , 8.84 , 10.0 , 10 , 10
4 , 8.84 , 10.0 , 10 , 10
4 , 8.84 , 10.0 , 10 , 10
4 , 8.84 , 10.0 , 10 , 10
4 , 8.84 , 10.0 , 10 , 10
4 , 8.84 , 10.0 , 10 , 10
4 , 8.84 , 10.0 , 10 , 10
4 , 8.84 , 10.0 , 10 , 10
4 , 8.82 , 10.0 , 10 , 10
4 , 8.82 , 10.0 , 10 , 10
4 , 8.82 , 10.0 , 10 , 10
4 , 8.78 , 10.0 , 10 , 10
4 , 8.76 , 10.0 , 10 , 10
4 , 8.74 , 10.0 , 10 , 10
4 , 8.7 , 10.0 , 10 , 10
4 , 8.7 , 10.0 , 10 , 10
4 , 8.7 , 10.0 , 10 , 10
4 , 8.66 , 10.0 , 10 , 10
4 , 8.66 , 10.0 , 10 , 10
4 , 8.66 , 10.0 , 10 , 10
4 , 8.62 , 10.0 , 10 , 10
4 , 8.62 , 10.0 , 10 , 10
4 , 8.62 , 10.0 , 10 , 10
4 , 8.6 , 10.0 , 10 , 10
4 , 8.52 , 9.0 , 10 , 10
4 , 8.48 , 8.0 , 10 , 10
4 , 8.46 , 8.0 , 10 , 10
4 , 8.44 , 8.0 , 10 , 10
4 , 8.44 , 8.0 , 10 , 10
4 , 8.44 , 8.0 , 10 , 10
4 , 8.44 , 8.0 , 10 , 10
4 , 8.44 , 8.0 , 10 , 10
4 , 8.44 , 8.0 , 10 , 10
4 , 8.44 , 8.0 , 10 , 10
4 , 8.42 , 8.0 , 10 , 10
4 , 8.42 , 8.0 , 10 , 10
4 , 8.4 , 8.0 , 10 , 10
4 , 8.4 , 8.0 , 10 , 10
4 , 8.4 , 8.0 , 10 , 10
4 , 8.4 , 8.0 , 10 , 10
4 , 8.4 , 8.0 , 10 , 10
4 , 8.32 , 8.0 , 10 , 10
4 , 8.3 , 8.0 , 10 , 10
4 , 8.3 , 8.0 , 10 , 10
4 , 8.3 , 8.0 , 10 , 10
4 , 8.28 , 8.0 , 10 , 10
4 , 8.28 , 8.0 , 10 , 10
4 , 8.28 , 8.0 , 10 , 10
4 , 8.28 , 8.0 , 10 , 10
4 , 8.28 , 8.0 , 10 , 10
4 , 8.22 , 8.0 , 10 , 10
4 , 8.18 , 8.0 , 10 , 10
4 , 8.14 , 8.0 , 8 , 10
4 , 8.1 , 8.0 , 8 , 10
4 , 8.1 , 8.0 , 8 , 10
4 , 8.06 , 8.0 , 8 , 10
4 , 8.06 , 8.0 , 8 , 10
4 , 8.06 , 8.0 , 8 , 10
4 , 8.04 , 8.0 , 8 , 10
4 , 8.04 , 8.0 , 8 , 10
4 , 8.0 , 8.0 , 8 , 10
4 , 7.98 , 8.0 , 8 , 10
4 , 7.92 , 8.0 , 8 , 10
4 , 7.92 , 8.0 , 8 , 10
4 , 7.92 , 8.0 , 8 , 10
4 , 7.88 , 8.0 , 8 , 10
4 , 7.86 , 8.0 , 8 , 10
4 , 7.86 , 8.0 , 8 , 10
4 , 7.82 , 8.0 , 8 , 10
4 , 7.82 , 8.0 , 8 , 10
4 , 7.82 , 8.0 , 8 , 10
4 , 7.8 , 8.0 , 8 , 10
4 , 7.8 , 8.0 , 8 , 10
4 , 7.72 , 8.0 , 8 , 10
4 , 7.68 , 8.0 , 8 , 10
4 , 7.68 , 8.0 , 8 , 10
4 , 7.68 , 8.0 , 8 , 10
4 , 7.68 , 8.0 , 8 , 10
4 , 7.68 , 8.0 , 8 , 10
4 , 7.68 , 8.0 , 8 , 10
4 , 7.68 , 8.0 , 8 , 10
4 , 7.66 , 8.0 , 8 , 10
4 , 7.66 , 8.0 , 8 , 10
4 , 7.66 , 8.0 , 8 , 10
4 , 7.64 , 8.0 , 8 , 10
4 , 7.64 , 8.0 , 8 , 10
4 , 7.62 , 8.0 , 8 , 10
4 , 7.62 , 8.0 , 8 , 10
4 , 7.58 , 8.0 , 8 , 10
4 , 7.56 , 8.0 , 8 , 10
4 , 7.56 , 8.0 , 8 , 10
4 , 7.56 , 8.0 , 8 , 10
4 , 7.56 , 8.0 , 8 , 10
4 , 7.54 , 8.0 , 8 , 10
4 , 7.54 , 8.0 , 8 , 10
4 , 7.5 , 8.0 , 8 , 10
4 , 7.5 , 8.0 , 8 , 10
4 , 7.5 , 8.0 , 8 , 10
4 , 7.5 , 8.0 , 8 , 10
4 , 7.46 , 8.0 , 8 , 10
4 , 7.44 , 8.0 , 8 , 10
4 , 7.34 , 8.0 , 8 , 10
4 , 7.3 , 8.0 , 8 , 10
4 , 7.28 , 8.0 , 8 , 10
4 , 7.28 , 8.0 , 8 , 10
4 , 7.26 , 8.0 , 8 , 10
4 , 7.26 , 8.0 , 8 , 10
4 , 7.26 , 8.0 , 8 , 10
4 , 7.26 , 8.0 , 8 , 10
4 , 7.26 , 8.0 , 8 , 10
4 , 7.26 , 8.0 , 8 , 10
4 , 7.24 , 8.0 , 8 , 10
4 , 7.24 , 8.0 , 8 , 10
4 , 7.24 , 8.0 , 8 , 10
4 , 7.24 , 8.0 , 8 , 10
4 , 7.22 , 8.0 , 8 , 10
4 , 7.22 , 8.0 , 8 , 10
4 , 7.22 , 8.0 , 8 , 10
4 , 7.2 , 8.0 , 8 , 10
4 , 7.2 , 8.0 , 8 , 10
4 , 7.2 , 8.0 , 8 , 10
4 , 7.2 , 8.0 , 8 , 10
4 , 7.2 , 8.0 , 8 , 10
4 , 7.18 , 8.0 , 8 , 10
4 , 7.18 , 8.0 , 8 , 10
4 , 7.16 , 8.0 , 8 , 10
4 , 7.14 , 8.0 , 8 , 10
4 , 7.12 , 8.0 , 8 , 10
4 , 7.1 , 8.0 , 8 , 10
4 , 7.1 , 8.0 , 8 , 10
4 , 7.08 , 8.0 , 8 , 8
4 , 7.08 , 8.0 , 8 , 8
4 , 7.08 , 8.0 , 8 , 8
4 , 7.04 , 8.0 , 8 , 8
4 , 7.04 , 8.0 , 8 , 8
4 , 7.04 , 8.0 , 8 , 8
4 , 7.04 , 8.0 , 8 , 8
4 , 7.04 , 8.0 , 8 , 8
4 , 7.04 , 8.0 , 8 , 8
4 , 7.04 , 8.0 , 8 , 8
4 , 7.02 , 8.0 , 8 , 8
4 , 7.0 , 8.0 , 8 , 8
4 , 7.0 , 8.0 , 8 , 8
4 , 7.0 , 8.0 , 8 , 8
4 , 7.0 , 8.0 , 8 , 8
4 , 7.0 , 8.0 , 8 , 8
4 , 6.98 , 8.0 , 8 , 8
4 , 6.98 , 8.0 , 8 , 8
4 , 6.98 , 8.0 , 8 , 8
4 , 6.98 , 8.0 , 8 , 8
4 , 6.96 , 8.0 , 8 , 8
4 , 6.96 , 8.0 , 8 , 8
4 , 6.96 , 8.0 , 8 , 8
4 , 6.96 , 8.0 , 8 , 8
4 , 6.96 , 8.0 , 8 , 8
4 , 6.96 , 8.0 , 8 , 8
4 , 6.96 , 8.0 , 8 , 8
4 , 6.96 , 8.0 , 8 , 8
4 , 6.96 , 8.0 , 8 , 8
4 , 6.96 , 8.0 , 8 , 8
4 , 6.96 , 8.0 , 8 , 8
4 , 6.96 , 8.0 , 8 , 8
4 , 6.96 , 8.0 , 8 , 8
4 , 6.96 , 8.0 , 8 , 8
4 , 6.96 , 8.0 , 8 , 8
4 , 6.96 , 8.0 , 8 , 8
4 , 6.96 , 8.0 , 8 , 8
4 , 6.94 , 8.0 , 8 , 8
4 , 6.94 , 8.0 , 8 , 8
4 , 6.92 , 8.0 , 8 , 8
4 , 6.92 , 8.0 , 8 , 8
4 , 6.92 , 8.0 , 8 , 8
4 , 6.9 , 8.0 , 8 , 8
4 , 6.9 , 8.0 , 8 , 8
4 , 6.9 , 8.0 , 8 , 8
4 , 6.9 , 8.0 , 8 , 8
4 , 6.86 , 8.0 , 8 , 8
4 , 6.86 , 8.0 , 8 , 8
4 , 6.86 , 8.0 , 8 , 8
4 , 6.86 , 8.0 , 8 , 8
4 , 6.86 , 8.0 , 8 , 8
4 , 6.86 , 8.0 , 8 , 8
4 , 6.86 , 8.0 , 8 , 8
4 , 6.86 , 8.0 , 8 , 8
4 , 6.8 , 8.0 , 8 , 8
4 , 6.8 , 8.0 , 8 , 8
4 , 6.8 , 8.0 , 8 , 8
4 , 6.8 , 8.0 , 8 , 8
4 , 6.78 , 8.0 , 8 , 8
4 , 6.78 , 8.0 , 8 , 8
4 , 6.78 , 8.0 , 8 , 8
4 , 6.78 , 8.0 , 8 , 8
4 , 6.78 , 8.0 , 8 , 8
4 , 6.78 , 8.0 , 8 , 8
4 , 6.78 , 8.0 , 8 , 8
4 , 6.78 , 8.0 , 8 , 8
4 , 6.78 , 8.0 , 8 , 8
4 , 6.78 , 8.0 , 8 , 8
4 , 6.78 , 8.0 , 8 , 8
4 , 6.78 , 8.0 , 8 , 8
4 , 6.78 , 8.0 , 8 , 8
4 , 6.78 , 8.0 , 8 , 8
4 , 6.76 , 8.0 , 8 , 8
4 , 6.76 , 8.0 , 8 , 8
4 , 6.76 , 8.0 , 8 , 8
4 , 6.76 , 8.0 , 8 , 8
4 , 6.76 , 8.0 , 8 , 8
4 , 6.76 , 8.0 , 8 , 8
4 , 6.76 , 8.0 , 8 , 8
2 , 6.7 , 7.0 , 8 , 8
2 , 6.7 , 7.0 , 8 , 8
2 , 6.7 , 7.0 , 8 , 8
2 , 6.7 , 7.0 , 8 , 8
2 , 6.7 , 7.0 , 8 , 8
2 , 6.7 , 7.0 , 8 , 8
2 , 6.7 , 7.0 , 8 , 8
2 , 6.68 , 6.0 , 8 , 8
2 , 6.68 , 6.0 , 8 , 8
2 , 6.68 , 6.0 , 8 , 8
2 , 6.68 , 6.0 , 8 , 8
2 , 6.68 , 6.0 , 8 , 8
2 , 6.68 , 6.0 , 8 , 8
2 , 6.66 , 6.0 , 8 , 8
2 , 6.66 , 6.0 , 8 , 8
2 , 6.66 , 6.0 , 8 , 8
2 , 6.66 , 6.0 , 8 , 8
2 , 6.66 , 6.0 , 8 , 8
2 , 6.66 , 6.0 , 8 , 8
2 , 6.66 , 6.0 , 8 , 8
2 , 6.64 , 6.0 , 8 , 8
2 , 6.64 , 6.0 , 8 , 8
2 , 6.64 , 6.0 , 8 , 8
2 , 6.64 , 6.0 , 8 , 8
2 , 6.64 , 6.0 , 8 , 8
2 , 6.64 , 6.0 , 8 , 8
2 , 6.64 , 6.0 , 8 , 8
2 , 6.64 , 6.0 , 8 , 8
2 , 6.64 , 6.0 , 8 , 8
2 , 6.64 , 6.0 , 8 , 8
2 , 6.64 , 6.0 , 8 , 8
2 , 6.64 , 6.0 , 8 , 8
2 , 6.64 , 6.0 , 8 , 8
2 , 6.64 , 6.0 , 8 , 8
2 , 6.64 , 6.0 , 8 , 8
2 , 6.64 , 6.0 , 8 , 8
2 , 6.64 , 6.0 , 8 , 8
2 , 6.6 , 6.0 , 8 , 8
2 , 6.6 , 6.0 , 8 , 8
2 , 6.58 , 6.0 , 8 , 8
2 , 6.58 , 6.0 , 8 , 8
2 , 6.58 , 6.0 , 8 , 8
2 , 6.58 , 6.0 , 8 , 8
2 , 6.58 , 6.0 , 8 , 8
2 , 6.58 , 6.0 , 8 , 8
2 , 6.58 , 6.0 , 8 , 8
2 , 6.56 , 6.0 , 8 , 8
2 , 6.56 , 6.0 , 8 , 8
2 , 6.54 , 6.0 , 8 , 8
2 , 6.54 , 6.0 , 8 , 8
2 , 6.54 , 6.0 , 8 , 8
2 , 6.54 , 6.0 , 8 , 8
2 , 6.54 , 6.0 , 8 , 8
2 , 6.54 , 6.0 , 8 , 8
2 , 6.52 , 6.0 , 6 , 8
2 , 6.52 , 6.0 , 6 , 8
2 , 6.5 , 6.0 , 6 , 8
2 , 6.5 , 6.0 , 6 , 8
2 , 6.44 , 6.0 , 6 , 8
2 , 6.44 , 6.0 , 6 , 8
2 , 6.44 , 6.0 , 6 , 8
2 , 6.42 , 6.0 , 6 , 8
2 , 6.4 , 6.0 , 6 , 8
2 , 6.4 , 6.0 , 6 , 8
2 , 6.38 , 6.0 , 6 , 8
2 , 6.38 , 6.0 , 6 , 8
2 , 6.38 , 6.0 , 6 , 8
2 , 6.38 , 6.0 , 6 , 8
2 , 6.38 , 6.0 , 6 , 8
2 , 6.38 , 6.0 , 6 , 8
2 , 6.38 , 6.0 , 6 , 8
2 , 6.38 , 6.0 , 6 , 8
2 , 6.38 , 6.0 , 6 , 8
2 , 6.38 , 6.0 , 6 , 8
2 , 6.38 , 6.0 , 6 , 8
2 , 6.36 , 6.0 , 6 , 8
2 , 6.34 , 6.0 , 6 , 8
2 , 6.3 , 6.0 , 6 , 8
2 , 6.3 , 6.0 , 6 , 8
2 , 6.28 , 6.0 , 6 , 8
2 , 6.26 , 6.0 , 6 , 8
2 , 6.26 , 6.0 , 6 , 8
2 , 6.26 , 6.0 , 6 , 8
2 , 6.26 , 6.0 , 6 , 8
2 , 6.26 , 6.0 , 6 , 8
2 , 6.26 , 6.0 , 6 , 8
2 , 6.26 , 6.0 , 6 , 8
2 , 6.26 , 6.0 , 6 , 8
2 , 6.26 , 6.0 , 6 , 8
2 , 6.24 , 6.0 , 6 , 8
2 , 6.24 , 6.0 , 6 , 8
2 , 6.2 , 6.0 , 6 , 8
2 , 6.2 , 6.0 , 6 , 8
2 , 6.2 , 6.0 , 6 , 8
2 , 6.18 , 6.0 , 6 , 8
2 , 6.16 , 6.0 , 6 , 8
2 , 6.16 , 6.0 , 6 , 8
2 , 6.16 , 6.0 , 6 , 8
2 , 6.16 , 6.0 , 6 , 8
2 , 6.16 , 6.0 , 6 , 8
2 , 6.16 , 6.0 , 6 , 8
2 , 6.16 , 6.0 , 6 , 8
2 , 6.16 , 6.0 , 6 , 8
2 , 6.14 , 6.0 , 6 , 8
2 , 6.14 , 6.0 , 6 , 8
2 , 6.14 , 6.0 , 6 , 8
2 , 6.14 , 6.0 , 6 , 8
2 , 6.14 , 6.0 , 6 , 8
2 , 6.14 , 6.0 , 6 , 8
2 , 6.14 , 6.0 , 6 , 8
2 , 6.12 , 6.0 , 6 , 8
2 , 6.12 , 6.0 , 6 , 8
2 , 6.12 , 6.0 , 6 , 8
2 , 6.12 , 6.0 , 6 , 8
2 , 6.12 , 6.0 , 6 , 8
2 , 6.12 , 6.0 , 6 , 8
2 , 6.12 , 6.0 , 6 , 8
2 , 6.12 , 6.0 , 6 , 8
2 , 6.12 , 6.0 , 6 , 8
2 , 6.12 , 6.0 , 6 , 8
2 , 6.1 , 6.0 , 6 , 8
2 , 6.1 , 6.0 , 6 , 8
2 , 6.1 , 6.0 , 6 , 8
2 , 6.1 , 6.0 , 6 , 8
2 , 6.1 , 6.0 , 6 , 8
2 , 6.06 , 6.0 , 6 , 8
2 , 6.06 , 6.0 , 6 , 8
2 , 6.04 , 6.0 , 6 , 8
2 , 6.04 , 6.0 , 6 , 8
2 , 6.04 , 6.0 , 6 , 8
2 , 6.04 , 6.0 , 6 , 8
2 , 6.04 , 6.0 , 6 , 8
2 , 6.04 , 6.0 , 6 , 8
2 , 6.02 , 6.0 , 6 , 8
2 , 6.02 , 6.0 , 6 , 8
2 , 6.02 , 6.0 , 6 , 8
2 , 6.02 , 6.0 , 6 , 8
2 , 6.02 , 6.0 , 6 , 8
2 , 6.02 , 6.0 , 6 , 8
2 , 6.02 , 6.0 , 6 , 8
2 , 6.02 , 6.0 , 6 , 8
2 , 6.02 , 6.0 , 6 , 8
2 , 6.02 , 6.0 , 6 , 8
2 , 6.02 , 6.0 , 6 , 8
2 , 6.02 , 6.0 , 6 , 8
2 , 6.02 , 6.0 , 6 , 8
2 , 6.02 , 6.0 , 6 , 8
2 , 6.02 , 6.0 , 6 , 8
2 , 6.02 , 6.0 , 6 , 8
2 , 6.02 , 6.0 , 6 , 8
2 , 6.02 , 6.0 , 6 , 8
2 , 6.0 , 6.0 , 6 , 8
2 , 6.0 , 6.0 , 6 , 8
2 , 6.0 , 6.0 , 6 , 8
2 , 6.0 , 6.0 , 6 , 8
2 , 6.0 , 6.0 , 6 , 8
2 , 5.98 , 6.0 , 6 , 8
2 , 5.92 , 6.0 , 6 , 8
2 , 5.92 , 6.0 , 6 , 8
2 , 5.92 , 6.0 , 6 , 8
2 , 5.9 , 6.0 , 6 , 8
2 , 5.9 , 6.0 , 6 , 8
2 , 5.88 , 6.0 , 6 , 8
2 , 5.86 , 6.0 , 6 , 8
2 , 5.86 , 6.0 , 6 , 8
2 , 5.86 , 6.0 , 6 , 8
2 , 5.8 , 6.0 , 6 , 8
2 , 5.72 , 6.0 , 6 , 8
2 , 5.72 , 6.0 , 6 , 8
2 , 5.7 , 6.0 , 6 , 8
2 , 5.66 , 6.0 , 6 , 8
2 , 5.66 , 6.0 , 6 , 8
2 , 5.66 , 6.0 , 6 , 8
2 , 5.66 , 6.0 , 6 , 8
2 , 5.66 , 6.0 , 6 , 8
2 , 5.64 , 6.0 , 6 , 8
2 , 5.64 , 6.0 , 6 , 8
2 , 5.6 , 6.0 , 6 , 8
2 , 5.6 , 6.0 , 6 , 8
2 , 5.58 , 6.0 , 6 , 8
2 , 5.58 , 6.0 , 6 , 8
2 , 5.58 , 6.0 , 6 , 8
2 , 5.58 , 6.0 , 6 , 8
2 , 5.58 , 6.0 , 6 , 8
2 , 5.58 , 6.0 , 6 , 8
2 , 5.58 , 6.0 , 6 , 8
2 , 5.58 , 6.0 , 6 , 8
2 , 5.58 , 6.0 , 6 , 8
2 , 5.56 , 6.0 , 6 , 8
2 , 5.54 , 6.0 , 6 , 8
2 , 5.54 , 6.0 , 6 , 8
2 , 5.54 , 6.0 , 6 , 8
2 , 5.54 , 6.0 , 6 , 8
2 , 5.54 , 6.0 , 6 , 8
2 , 5.54 , 6.0 , 6 , 8
2 , 5.52 , 6.0 , 6 , 8
2 , 5.52 , 6.0 , 6 , 8
2 , 5.52 , 6.0 , 6 , 8
2 , 5.52 , 6.0 , 6 , 8
2 , 5.52 , 6.0 , 6 , 8
2 , 5.52 , 6.0 , 6 , 8
2 , 5.5 , 6.0 , 6 , 8
2 , 5.5 , 6.0 , 6 , 8
2 , 5.5 , 6.0 , 6 , 8
2 , 5.5 , 6.0 , 6 , 8
2 , 5.5 , 6.0 , 6 , 8
2 , 5.48 , 6.0 , 6 , 6
2 , 5.48 , 6.0 , 6 , 6
2 , 5.48 , 6.0 , 6 , 6
2 , 5.48 , 6.0 , 6 , 6
2 , 5.48 , 6.0 , 6 , 6
2 , 5.48 , 6.0 , 6 , 6
2 , 5.48 , 6.0 , 6 , 6
2 , 5.48 , 6.0 , 6 , 6
2 , 5.48 , 6.0 , 6 , 6
2 , 5.48 , 6.0 , 6 , 6
2 , 5.48 , 6.0 , 6 , 6
2 , 5.48 , 6.0 , 6 , 6
2 , 5.48 , 6.0 , 6 , 6
2 , 5.48 , 6.0 , 6 , 6
2 , 5.46 , 6.0 , 6 , 6
2 , 5.46 , 6.0 , 6 , 6
2 , 5.46 , 6.0 , 6 , 6
2 , 5.46 , 6.0 , 6 , 6
2 , 5.46 , 6.0 , 6 , 6
2 , 5.46 , 6.0 , 6 , 6
2 , 5.46 , 6.0 , 6 , 6
2 , 5.46 , 6.0 , 6 , 6
2 , 5.46 , 6.0 , 6 , 6
2 , 5.46 , 6.0 , 6 , 6
2 , 5.46 , 6.0 , 6 , 6
2 , 5.46 , 6.0 , 6 , 6
2 , 5.46 , 6.0 , 6 , 6
2 , 5.46 , 6.0 , 6 , 6
2 , 5.46 , 6.0 , 6 , 6
2 , 5.46 , 6.0 , 6 , 6
2 , 5.46 , 6.0 , 6 , 6
2 , 5.46 , 6.0 , 6 , 6
2 , 5.46 , 6.0 , 6 , 6
2 , 5.46 , 6.0 , 6 , 6
2 , 5.46 , 6.0 , 6 , 6
2 , 5.46 , 6.0 , 6 , 6
2 , 5.46 , 6.0 , 6 , 6
2 , 5.46 , 6.0 , 6 , 6
2 , 5.46 , 6.0 , 6 , 6
2 , 5.46 , 6.0 , 6 , 6
2 , 5.46 , 6.0 , 6 , 6
2 , 5.46 , 6.0 , 6 , 6
2 , 5.46 , 6.0 , 6 , 6
2 , 5.46 , 6.0 , 6 , 6
2 , 5.46 , 6.0 , 6 , 6
2 , 5.46 , 6.0 , 6 , 6
2 , 5.44 , 6.0 , 6 , 6
2 , 5.44 , 6.0 , 6 , 6
2 , 5.44 , 6.0 , 6 , 6
2 , 5.44 , 6.0 , 6 , 6
2 , 5.44 , 6.0 , 6 , 6
2 , 5.44 , 6.0 , 6 , 6
2 , 5.44 , 6.0 , 6 , 6
2 , 5.44 , 6.0 , 6 , 6
2 , 5.44 , 6.0 , 6 , 6
2 , 5.44 , 6.0 , 6 , 6
2 , 5.44 , 6.0 , 6 , 6
2 , 5.44 , 6.0 , 6 , 6
2 , 5.44 , 6.0 , 6 , 6
2 , 5.44 , 6.0 , 6 , 6
2 , 5.44 , 6.0 , 6 , 6
2 , 5.44 , 6.0 , 6 , 6
2 , 5.44 , 6.0 , 6 , 6
2 , 5.44 , 6.0 , 6 , 6
2 , 5.44 , 6.0 , 6 , 6
2 , 5.44 , 6.0 , 6 , 6
2 , 5.44 , 6.0 , 6 , 6
2 , 5.44 , 6.0 , 6 , 6
2 , 5.44 , 6.0 , 6 , 6
2 , 5.44 , 6.0 , 6 , 6
2 , 5.44 , 6.0 , 6 , 6
2 , 5.44 , 6.0 , 6 , 6
2 , 5.44 , 6.0 , 6 , 6
2 , 5.44 , 6.0 , 6 , 6
2 , 5.44 , 6.0 , 6 , 6
2 , 5.44 , 6.0 , 6 , 6
2 , 5.44 , 6.0 , 6 , 6
2 , 5.44 , 6.0 , 6 , 6
2 , 5.42 , 6.0 , 6 , 6
2 , 5.42 , 6.0 , 6 , 6
2 , 5.42 , 6.0 , 6 , 6
2 , 5.4 , 6.0 , 6 , 6
2 , 5.4 , 6.0 , 6 , 6
2 , 5.4 , 6.0 , 6 , 6
2 , 5.4 , 6.0 , 6 , 6
2 , 5.4 , 6.0 , 6 , 6
2 , 5.4 , 6.0 , 6 , 6
2 , 5.4 , 6.0 , 6 , 6
2 , 5.4 , 6.0 , 6 , 6
2 , 5.38 , 6.0 , 6 , 6
2 , 5.38 , 6.0 , 6 , 6
2 , 5.38 , 6.0 , 6 , 6
2 , 5.38 , 6.0 , 6 , 6
2 , 5.38 , 6.0 , 6 , 6
2 , 5.38 , 6.0 , 6 , 6
2 , 5.38 , 6.0 , 6 , 6
2 , 5.38 , 6.0 , 6 , 6
2 , 5.38 , 6.0 , 6 , 6
2 , 5.38 , 6.0 , 6 , 6
2 , 5.38 , 6.0 , 6 , 6
2 , 5.38 , 6.0 , 6 , 6
2 , 5.38 , 6.0 , 6 , 6
2 , 5.38 , 6.0 , 6 , 6
2 , 5.38 , 6.0 , 6 , 6
2 , 5.38 , 6.0 , 6 , 6
2 , 5.38 , 6.0 , 6 , 6
2 , 5.38 , 6.0 , 6 , 6
2 , 5.38 , 6.0 , 6 , 6
2 , 5.38 , 6.0 , 6 , 6
2 , 5.38 , 6.0 , 6 , 6
2 , 5.38 , 6.0 , 6 , 6
2 , 5.38 , 6.0 , 6 , 6
2 , 5.38 , 6.0 , 6 , 6
2 , 5.38 , 6.0 , 6 , 6
2 , 5.38 , 6.0 , 6 , 6
2 , 5.38 , 6.0 , 6 , 6
2 , 5.38 , 6.0 , 6 , 6
2 , 5.38 , 6.0 , 6 , 6
2 , 5.38 , 6.0 , 6 , 6
2 , 5.36 , 6.0 , 6 , 6
2 , 5.36 , 6.0 , 6 , 6
2 , 5.34 , 6.0 , 6 , 6
2 , 5.34 , 6.0 , 6 , 6
2 , 5.34 , 6.0 , 6 , 6
2 , 5.34 , 6.0 , 6 , 6
2 , 5.34 , 6.0 , 6 , 6
2 , 5.32 , 6.0 , 6 , 6
2 , 5.32 , 6.0 , 6 , 6
2 , 5.32 , 6.0 , 6 , 6
2 , 5.32 , 6.0 , 6 , 6
2 , 5.32 , 6.0 , 6 , 6
2 , 5.32 , 6.0 , 6 , 6
2 , 5.32 , 6.0 , 6 , 6
2 , 5.32 , 6.0 , 6 , 6
2 , 5.32 , 6.0 , 6 , 6
2 , 5.32 , 6.0 , 6 , 6
2 , 5.32 , 6.0 , 6 , 6
2 , 5.32 , 6.0 , 6 , 6
2 , 5.32 , 6.0 , 6 , 6
2 , 5.32 , 6.0 , 6 , 6
2 , 5.32 , 6.0 , 6 , 6
2 , 5.3 , 6.0 , 6 , 6
2 , 5.3 , 6.0 , 6 , 6
2 , 5.3 , 6.0 , 6 , 6
2 , 5.3 , 6.0 , 6 , 6
2 , 5.3 , 6.0 , 6 , 6
2 , 5.3 , 6.0 , 6 , 6
2 , 5.3 , 6.0 , 6 , 6
2 , 5.3 , 6.0 , 6 , 6
2 , 5.3 , 6.0 , 6 , 6
2 , 5.3 , 6.0 , 6 , 6
2 , 5.3 , 6.0 , 6 , 6
2 , 5.3 , 6.0 , 6 , 6
2 , 5.3 , 6.0 , 6 , 6
2 , 5.28 , 6.0 , 6 , 6
2 , 5.28 , 6.0 , 6 , 6
2 , 5.28 , 6.0 , 6 , 6
2 , 5.28 , 6.0 , 6 , 6
2 , 5.28 , 6.0 , 6 , 6
2 , 5.26 , 6.0 , 6 , 6
2 , 5.26 , 6.0 , 6 , 6
2 , 5.26 , 6.0 , 6 , 6
2 , 5.26 , 6.0 , 6 , 6
2 , 5.26 , 6.0 , 6 , 6
2 , 5.26 , 6.0 , 6 , 6
2 , 5.26 , 6.0 , 6 , 6
2 , 5.26 , 6.0 , 6 , 6
2 , 5.26 , 6.0 , 6 , 6
2 , 5.24 , 6.0 , 6 , 6
2 , 5.24 , 6.0 , 6 , 6
2 , 5.24 , 6.0 , 6 , 6
2 , 5.24 , 6.0 , 6 , 6
2 , 5.24 , 6.0 , 6 , 6
2 , 5.24 , 6.0 , 6 , 6
2 , 5.24 , 6.0 , 6 , 6
2 , 5.24 , 6.0 , 6 , 6
2 , 5.24 , 6.0 , 6 , 6
2 , 5.24 , 6.0 , 6 , 6
2 , 5.24 , 6.0 , 6 , 6
2 , 5.24 , 6.0 , 6 , 6
2 , 5.24 , 6.0 , 6 , 6
2 , 5.24 , 6.0 , 6 , 6
2 , 5.24 , 6.0 , 6 , 6
2 , 5.24 , 6.0 , 6 , 6
2 , 5.22 , 6.0 , 6 , 6
2 , 5.22 , 6.0 , 6 , 6
2 , 5.22 , 6.0 , 6 , 6
2 , 5.22 , 6.0 , 6 , 6
2 , 5.22 , 6.0 , 6 , 6
2 , 5.22 , 6.0 , 6 , 6
2 , 5.2 , 6.0 , 6 , 6
2 , 5.2 , 6.0 , 6 , 6
2 , 5.2 , 6.0 , 6 , 6
2 , 5.2 , 6.0 , 6 , 6
2 , 5.2 , 6.0 , 6 , 6
2 , 5.2 , 6.0 , 6 , 6
2 , 5.2 , 6.0 , 6 , 6
2 , 5.2 , 6.0 , 6 , 6
2 , 5.2 , 6.0 , 6 , 6
2 , 5.2 , 6.0 , 6 , 6
2 , 5.2 , 6.0 , 6 , 6
2 , 5.2 , 6.0 , 6 , 6
2 , 5.2 , 6.0 , 6 , 6
2 , 5.2 , 6.0 , 6 , 6
2 , 5.2 , 6.0 , 6 , 6
2 , 5.2 , 6.0 , 6 , 6
2 , 5.2 , 6.0 , 6 , 6
2 , 5.2 , 6.0 , 6 , 6
2 , 5.2 , 6.0 , 6 , 6
2 , 5.2 , 6.0 , 6 , 6
2 , 5.2 , 6.0 , 6 , 6
2 , 5.2 , 6.0 , 6 , 6
2 , 5.2 , 6.0 , 6 , 6
2 , 5.2 , 6.0 , 6 , 6
2 , 5.2 , 6.0 , 6 , 6
2 , 5.2 , 6.0 , 6 , 6
2 , 5.2 , 6.0 , 6 , 6
2 , 5.2 , 6.0 , 6 , 6
2 , 5.2 , 6.0 , 6 , 6
2 , 5.2 , 6.0 , 6 , 6
2 , 5.2 , 6.0 , 6 , 6
2 , 5.18 , 6.0 , 6 , 6
2 , 5.18 , 6.0 , 6 , 6
2 , 5.18 , 6.0 , 6 , 6
2 , 5.18 , 6.0 , 6 , 6
2 , 5.18 , 6.0 , 6 , 6
2 , 5.18 , 6.0 , 6 , 6
2 , 5.18 , 6.0 , 6 , 6
2 , 5.16 , 6.0 , 6 , 6
2 , 5.16 , 6.0 , 6 , 6
2 , 5.14 , 6.0 , 6 , 6
2 , 5.14 , 6.0 , 6 , 6
2 , 5.14 , 6.0 , 6 , 6
2 , 5.14 , 6.0 , 6 , 6
2 , 5.14 , 6.0 , 6 , 6
2 , 5.14 , 6.0 , 6 , 6
2 , 5.14 , 6.0 , 6 , 6
2 , 5.14 , 6.0 , 6 , 6
2 , 5.14 , 6.0 , 6 , 6
2 , 5.14 , 6.0 , 6 , 6
2 , 5.14 , 6.0 , 6 , 6
2 , 5.12 , 6.0 , 6 , 6
2 , 5.12 , 6.0 , 6 , 6
2 , 5.12 , 6.0 , 6 , 6
2 , 5.1 , 6.0 , 6 , 6
2 , 5.1 , 6.0 , 6 , 6
2 , 5.1 , 6.0 , 6 , 6
2 , 5.1 , 6.0 , 6 , 6
2 , 5.1 , 6.0 , 6 , 6
2 , 5.1 , 6.0 , 6 , 6
2 , 5.1 , 6.0 , 6 , 6
2 , 5.1 , 6.0 , 6 , 6
2 , 5.1 , 6.0 , 6 , 6
2 , 5.1 , 6.0 , 6 , 6
2 , 5.1 , 6.0 , 6 , 6
2 , 5.1 , 6.0 , 6 , 6
2 , 5.1 , 6.0 , 6 , 6
2 , 5.1 , 6.0 , 6 , 6
2 , 5.1 , 6.0 , 6 , 6
2 , 5.1 , 6.0 , 6 , 6
2 , 5.1 , 6.0 , 6 , 6
2 , 5.1 , 6.0 , 6 , 6
2 , 5.06 , 6.0 , 6 , 6
2 , 5.06 , 6.0 , 6 , 6
2 , 5.06 , 6.0 , 6 , 6
2 , 5.06 , 6.0 , 6 , 6
2 , 5.06 , 6.0 , 6 , 6
2 , 5.06 , 6.0 , 6 , 6
2 , 5.06 , 6.0 , 6 , 6
2 , 5.06 , 6.0 , 6 , 6
2 , 5.06 , 6.0 , 6 , 6
2 , 5.06 , 6.0 , 6 , 6
2 , 5.06 , 6.0 , 6 , 6
2 , 5.06 , 6.0 , 6 , 6
2 , 5.06 , 6.0 , 6 , 6
2 , 5.06 , 6.0 , 6 , 6
2 , 5.06 , 6.0 , 6 , 6
2 , 5.06 , 6.0 , 6 , 6
2 , 5.06 , 6.0 , 6 , 6
2 , 5.06 , 6.0 , 6 , 6
2 , 5.06 , 6.0 , 6 , 6
2 , 5.06 , 6.0 , 6 , 6
2 , 5.02 , 6.0 , 6 , 6
2 , 5.0 , 6.0 , 6 , 6
2 , 5.0 , 6.0 , 6 , 6
2 , 5.0 , 6.0 , 6 , 6
2 , 5.0 , 6.0 , 6 , 6
2 , 5.0 , 6.0 , 6 , 6
2 , 5.0 , 6.0 , 6 , 6
2 , 5.0 , 6.0 , 6 , 6
2 , 5.0 , 6.0 , 6 , 6
2 , 5.0 , 6.0 , 6 , 6
2 , 5.0 , 6.0 , 6 , 6
2 , 5.0 , 6.0 , 6 , 6
2 , 5.0 , 6.0 , 6 , 6
2 , 5.0 , 6.0 , 6 , 6
2 , 5.0 , 6.0 , 6 , 6
2 , 5.0 , 6.0 , 6 , 6
2 , 5.0 , 6.0 , 6 , 6
2 , 5.0 , 6.0 , 6 , 6
2 , 5.0 , 6.0 , 6 , 6
2 , 5.0 , 6.0 , 6 , 6
2 , 5.0 , 6.0 , 6 , 6
2 , 5.0 , 6.0 , 6 , 6
2 , 5.0 , 6.0 , 6 , 6
2 , 5.0 , 6.0 , 6 , 6
2 , 5.0 , 6.0 , 6 , 6
2 , 5.0 , 6.0 , 6 , 6
2 , 5.0 , 6.0 , 6 , 6
2 , 5.0 , 6.0 , 6 , 6
2 , 4.96 , 6.0 , 6 , 6
2 , 4.96 , 6.0 , 6 , 6
2 , 4.96 , 6.0 , 6 , 6
2 , 4.96 , 6.0 , 6 , 6
2 , 4.96 , 6.0 , 6 , 6
2 , 4.96 , 6.0 , 6 , 6
2 , 4.96 , 6.0 , 6 , 6
2 , 4.96 , 6.0 , 6 , 6
2 , 4.92 , 6.0 , 6 , 6
2 , 4.92 , 6.0 , 6 , 6
2 , 4.9 , 6.0 , 6 , 6
2 , 4.9 , 6.0 , 6 , 6
2 , 4.9 , 6.0 , 6 , 6
2 , 4.9 , 6.0 , 6 , 6
2 , 4.9 , 6.0 , 6 , 6
2 , 4.9 , 6.0 , 6 , 6
2 , 4.9 , 6.0 , 6 , 6
2 , 4.9 , 6.0 , 6 , 6
2 , 4.88 , 6.0 , 6 , 6
2 , 4.88 , 6.0 , 6 , 6
2 , 4.88 , 6.0 , 6 , 6
2 , 4.86 , 5.0 , 6 , 6
2 , 4.86 , 5.0 , 6 , 6
2 , 4.86 , 5.0 , 6 , 6
2 , 4.86 , 5.0 , 6 , 6
2 , 4.86 , 5.0 , 6 , 6
2 , 4.84 , 4.0 , 6 , 6
2 , 4.84 , 4.0 , 6 , 6
2 , 4.84 , 4.0 , 6 , 6
2 , 4.84 , 4.0 , 6 , 6
2 , 4.84 , 4.0 , 6 , 6
2 , 4.84 , 4.0 , 6 , 6
2 , 4.84 , 4.0 , 6 , 6
2 , 4.84 , 4.0 , 6 , 6
2 , 4.84 , 4.0 , 6 , 6
2 , 4.84 , 4.0 , 6 , 6
2 , 4.84 , 4.0 , 6 , 6
2 , 4.84 , 4.0 , 6 , 6
2 , 4.84 , 4.0 , 6 , 6
2 , 4.8 , 4.0 , 6 , 6
2 , 4.8 , 4.0 , 6 , 6
2 , 4.8 , 4.0 , 6 , 6
2 , 4.8 , 4.0 , 6 , 6
2 , 4.8 , 4.0 , 6 , 6
2 , 4.8 , 4.0 , 6 , 6
2 , 4.8 , 4.0 , 6 , 6
2 , 4.78 , 4.0 , 6 , 6
2 , 4.78 , 4.0 , 6 , 6
2 , 4.78 , 4.0 , 6 , 6
2 , 4.78 , 4.0 , 6 , 6
2 , 4.78 , 4.0 , 6 , 6
2 , 4.78 , 4.0 , 6 , 6
2 , 4.78 , 4.0 , 6 , 6
2 , 4.78 , 4.0 , 6 , 6
2 , 4.78 , 4.0 , 6 , 6
2 , 4.78 , 4.0 , 6 , 6
2 , 4.78 , 4.0 , 6 , 6
2 , 4.78 , 4.0 , 6 , 6
2 , 4.78 , 4.0 , 6 , 6
2 , 4.78 , 4.0 , 6 , 6
2 , 4.76 , 4.0 , 4 , 6
2 , 4.76 , 4.0 , 4 , 6
2 , 4.76 , 4.0 , 4 , 6
2 , 4.76 , 4.0 , 4 , 6
2 , 4.76 , 4.0 , 4 , 6
2 , 4.76 , 4.0 , 4 , 6
2 , 4.76 , 4.0 , 4 , 6
2 , 4.72 , 4.0 , 4 , 6
2 , 4.7 , 4.0 , 4 , 6
2 , 4.7 , 4.0 , 4 , 6
2 , 4.7 , 4.0 , 4 , 6
2 , 4.7 , 4.0 , 4 , 6
2 , 4.68 , 4.0 , 4 , 6
2 , 4.68 , 4.0 , 4 , 6
2 , 4.68 , 4.0 , 4 , 6
2 , 4.68 , 4.0 , 4 , 6
2 , 4.66 , 4.0 , 4 , 6
2 , 4.66 , 4.0 , 4 , 6
2 , 4.64 , 4.0 , 4 , 6
2 , 4.64 , 4.0 , 4 , 6
2 , 4.64 , 4.0 , 4 , 6
2 , 4.64 , 4.0 , 4 , 6
2 , 4.64 , 4.0 , 4 , 6
2 , 4.64 , 4.0 , 4 , 6
2 , 4.64 , 4.0 , 4 , 6
2 , 4.64 , 4.0 , 4 , 6
2 , 4.64 , 4.0 , 4 , 6
2 , 4.62 , 4.0 , 4 , 6
2 , 4.62 , 4.0 , 4 , 6
2 , 4.62 , 4.0 , 4 , 6
2 , 4.62 , 4.0 , 4 , 6
2 , 4.62 , 4.0 , 4 , 6
2 , 4.6 , 4.0 , 4 , 6
2 , 4.6 , 4.0 , 4 , 6
2 , 4.58 , 4.0 , 4 , 6
2 , 4.58 , 4.0 , 4 , 6
2 , 4.58 , 4.0 , 4 , 6
2 , 4.58 , 4.0 , 4 , 6
2 , 4.58 , 4.0 , 4 , 6
2 , 4.56 , 4.0 , 4 , 6
2 , 4.56 , 4.0 , 4 , 6
2 , 4.56 , 4.0 , 4 , 6
2 , 4.56 , 4.0 , 4 , 6
2 , 4.56 , 4.0 , 4 , 6
2 , 4.52 , 4.0 , 4 , 6
0  Perfect solutions
perfect solution individuals []
