2 , 9.26 , 10.0 , 6 , 22
2 , 9.04 , 9.0 , 6 , 18
2 , 8.86 , 8.0 , 6 , 18
2 , 8.8 , 8.0 , 6 , 18
2 , 8.62 , 8.0 , 6 , 16
2 , 8.44 , 8.0 , 6 , 16
2 , 8.26 , 8.0 , 6 , 14
2 , 8.12 , 8.0 , 6 , 14
2 , 8.12 , 8.0 , 6 , 14
2 , 8.0 , 8.0 , 6 , 14
2 , 7.96 , 8.0 , 6 , 14
2 , 7.8 , 8.0 , 6 , 14
2 , 7.72 , 8.0 , 6 , 14
2 , 7.64 , 7.0 , 6 , 14
2 , 7.58 , 7.0 , 6 , 12
2 , 7.56 , 7.0 , 6 , 12
2 , 7.46 , 6.0 , 6 , 12
2 , 7.42 , 6.0 , 6 , 12
2 , 7.42 , 6.0 , 6 , 12
2 , 7.34 , 6.0 , 6 , 12
2 , 7.3 , 6.0 , 6 , 12
2 , 7.3 , 6.0 , 6 , 12
2 , 7.26 , 6.0 , 6 , 12
2 , 7.16 , 6.0 , 6 , 12
2 , 7.04 , 6.0 , 6 , 12
2 , 6.88 , 6.0 , 6 , 10
2 , 6.8 , 6.0 , 6 , 10
2 , 6.8 , 6.0 , 6 , 10
2 , 6.78 , 6.0 , 6 , 10
2 , 6.76 , 6.0 , 6 , 10
2 , 6.72 , 6.0 , 6 , 10
2 , 6.66 , 6.0 , 6 , 10
2 , 6.64 , 6.0 , 6 , 10
2 , 6.6 , 6.0 , 6 , 10
2 , 6.6 , 6.0 , 6 , 10
2 , 6.54 , 6.0 , 6 , 10
2 , 6.5 , 6.0 , 6 , 10
2 , 6.4 , 6.0 , 6 , 10
2 , 6.38 , 6.0 , 6 , 10
2 , 6.38 , 6.0 , 6 , 10
2 , 6.36 , 6.0 , 6 , 10
2 , 6.34 , 6.0 , 6 , 10
2 , 6.32 , 6.0 , 6 , 10
2 , 6.28 , 6.0 , 6 , 10
2 , 6.28 , 6.0 , 6 , 10
2 , 6.26 , 6.0 , 6 , 10
2 , 6.2 , 6.0 , 6 , 10
2 , 6.18 , 6.0 , 6 , 10
2 , 6.14 , 6.0 , 6 , 10
2 , 6.1 , 6.0 , 6 , 10
2 , 6.08 , 6.0 , 6 , 10
2 , 6.06 , 6.0 , 6 , 10
2 , 6.04 , 6.0 , 6 , 10
2 , 6.04 , 6.0 , 6 , 10
2 , 5.98 , 6.0 , 6 , 10
2 , 5.94 , 6.0 , 6 , 10
2 , 5.88 , 6.0 , 6 , 8
2 , 5.88 , 6.0 , 6 , 8
2 , 5.88 , 6.0 , 6 , 8
2 , 5.88 , 6.0 , 6 , 8
2 , 5.84 , 6.0 , 6 , 8
2 , 5.78 , 6.0 , 6 , 8
2 , 5.74 , 6.0 , 6 , 8
2 , 5.74 , 6.0 , 6 , 8
2 , 5.74 , 6.0 , 6 , 8
2 , 5.72 , 6.0 , 6 , 8
2 , 5.68 , 6.0 , 6 , 8
2 , 5.68 , 6.0 , 6 , 8
2 , 5.64 , 6.0 , 6 , 8
2 , 5.64 , 6.0 , 6 , 8
2 , 5.62 , 6.0 , 6 , 8
2 , 5.62 , 6.0 , 6 , 8
2 , 5.58 , 6.0 , 6 , 8
2 , 5.56 , 6.0 , 6 , 8
2 , 5.46 , 6.0 , 6 , 8
2 , 5.42 , 6.0 , 6 , 8
2 , 5.38 , 6.0 , 6 , 8
2 , 5.38 , 6.0 , 6 , 8
2 , 5.36 , 6.0 , 6 , 8
2 , 5.36 , 6.0 , 6 , 8
2 , 5.34 , 6.0 , 6 , 8
2 , 5.32 , 6.0 , 6 , 8
2 , 5.32 , 6.0 , 6 , 8
2 , 5.32 , 6.0 , 6 , 8
2 , 5.32 , 6.0 , 6 , 8
2 , 5.32 , 6.0 , 6 , 8
2 , 5.32 , 6.0 , 6 , 8
2 , 5.32 , 6.0 , 6 , 8
2 , 5.32 , 6.0 , 6 , 8
2 , 5.32 , 6.0 , 6 , 8
2 , 5.32 , 6.0 , 6 , 8
2 , 5.32 , 6.0 , 6 , 8
2 , 5.32 , 6.0 , 6 , 8
2 , 5.3 , 6.0 , 6 , 8
2 , 5.3 , 6.0 , 6 , 8
2 , 5.26 , 6.0 , 6 , 8
2 , 5.26 , 6.0 , 6 , 8
2 , 5.22 , 6.0 , 6 , 8
2 , 5.22 , 6.0 , 6 , 8
2 , 5.22 , 6.0 , 6 , 8
2 , 5.2 , 6.0 , 6 , 8
2 , 5.16 , 6.0 , 6 , 8
2 , 5.16 , 6.0 , 6 , 8
2 , 5.16 , 6.0 , 6 , 8
2 , 5.16 , 6.0 , 6 , 8
2 , 5.16 , 6.0 , 6 , 8
2 , 5.16 , 6.0 , 6 , 8
2 , 5.16 , 6.0 , 6 , 8
2 , 5.16 , 6.0 , 6 , 8
2 , 5.12 , 6.0 , 6 , 8
2 , 5.06 , 6.0 , 6 , 8
2 , 5.06 , 6.0 , 6 , 8
2 , 5.06 , 6.0 , 6 , 8
2 , 5.06 , 6.0 , 6 , 8
2 , 5.06 , 6.0 , 6 , 8
2 , 5.06 , 6.0 , 6 , 8
2 , 5.06 , 6.0 , 6 , 8
2 , 5.04 , 6.0 , 6 , 8
2 , 5.04 , 6.0 , 6 , 8
2 , 5.04 , 6.0 , 6 , 8
2 , 5.04 , 6.0 , 6 , 8
2 , 4.98 , 6.0 , 6 , 6
2 , 4.98 , 6.0 , 6 , 6
2 , 4.96 , 6.0 , 6 , 6
2 , 4.96 , 6.0 , 6 , 6
2 , 4.94 , 6.0 , 6 , 6
2 , 4.94 , 6.0 , 6 , 6
2 , 4.94 , 6.0 , 6 , 6
2 , 4.94 , 6.0 , 6 , 6
2 , 4.94 , 6.0 , 6 , 6
2 , 4.94 , 6.0 , 6 , 6
2 , 4.94 , 6.0 , 6 , 6
2 , 4.94 , 6.0 , 6 , 6
2 , 4.92 , 6.0 , 6 , 6
2 , 4.92 , 6.0 , 6 , 6
2 , 4.92 , 6.0 , 6 , 6
2 , 4.92 , 6.0 , 6 , 6
2 , 4.92 , 6.0 , 6 , 6
2 , 4.92 , 6.0 , 6 , 6
2 , 4.92 , 6.0 , 6 , 6
2 , 4.92 , 6.0 , 6 , 6
2 , 4.92 , 6.0 , 6 , 6
2 , 4.92 , 6.0 , 6 , 6
2 , 4.9 , 6.0 , 6 , 6
2 , 4.88 , 6.0 , 6 , 6
2 , 4.88 , 6.0 , 6 , 6
2 , 4.88 , 6.0 , 6 , 6
2 , 4.88 , 6.0 , 6 , 6
2 , 4.88 , 6.0 , 6 , 6
2 , 4.88 , 6.0 , 6 , 6
2 , 4.84 , 6.0 , 6 , 6
2 , 4.82 , 6.0 , 6 , 6
2 , 4.8 , 6.0 , 6 , 6
2 , 4.8 , 6.0 , 6 , 6
2 , 4.8 , 6.0 , 6 , 6
2 , 4.8 , 6.0 , 6 , 6
2 , 4.8 , 6.0 , 6 , 6
2 , 4.8 , 6.0 , 6 , 6
2 , 4.8 , 6.0 , 6 , 6
2 , 4.8 , 6.0 , 6 , 6
2 , 4.8 , 6.0 , 6 , 6
2 , 4.8 , 6.0 , 6 , 6
2 , 4.8 , 6.0 , 6 , 6
2 , 4.8 , 6.0 , 6 , 6
2 , 4.78 , 5.0 , 6 , 6
2 , 4.78 , 5.0 , 6 , 6
2 , 4.78 , 5.0 , 6 , 6
2 , 4.78 , 5.0 , 6 , 6
2 , 4.78 , 5.0 , 6 , 6
2 , 4.78 , 5.0 , 6 , 6
2 , 4.78 , 5.0 , 6 , 6
2 , 4.78 , 5.0 , 6 , 6
2 , 4.78 , 5.0 , 6 , 6
2 , 4.78 , 5.0 , 6 , 6
2 , 4.76 , 4.0 , 6 , 6
2 , 4.76 , 4.0 , 6 , 6
2 , 4.76 , 4.0 , 6 , 6
2 , 4.76 , 4.0 , 6 , 6
2 , 4.74 , 4.0 , 6 , 6
2 , 4.72 , 4.0 , 6 , 6
2 , 4.72 , 4.0 , 6 , 6
2 , 4.72 , 4.0 , 6 , 6
2 , 4.72 , 4.0 , 6 , 6
2 , 4.72 , 4.0 , 6 , 6
2 , 4.68 , 4.0 , 6 , 6
2 , 4.68 , 4.0 , 6 , 6
2 , 4.66 , 4.0 , 6 , 6
2 , 4.66 , 4.0 , 6 , 6
2 , 4.62 , 4.0 , 6 , 6
2 , 4.6 , 4.0 , 4 , 6
2 , 4.6 , 4.0 , 4 , 6
2 , 4.58 , 4.0 , 4 , 6
2 , 4.58 , 4.0 , 4 , 6
2 , 4.58 , 4.0 , 4 , 6
2 , 4.54 , 4.0 , 4 , 6
2 , 4.5 , 4.0 , 4 , 6
2 , 4.5 , 4.0 , 4 , 6
2 , 4.48 , 4.0 , 4 , 6
2 , 4.46 , 4.0 , 4 , 6
2 , 4.46 , 4.0 , 4 , 6
2 , 4.46 , 4.0 , 4 , 6
2 , 4.46 , 4.0 , 4 , 6
2 , 4.46 , 4.0 , 4 , 6
2 , 4.46 , 4.0 , 4 , 6
2 , 4.46 , 4.0 , 4 , 6
2 , 4.46 , 4.0 , 4 , 6
2 , 4.46 , 4.0 , 4 , 6
2 , 4.42 , 4.0 , 4 , 6
2 , 4.42 , 4.0 , 4 , 6
2 , 4.4 , 4.0 , 4 , 6
2 , 4.38 , 4.0 , 4 , 6
2 , 4.38 , 4.0 , 4 , 6
2 , 4.38 , 4.0 , 4 , 6
2 , 4.38 , 4.0 , 4 , 6
2 , 4.36 , 4.0 , 4 , 6
2 , 4.36 , 4.0 , 4 , 6
2 , 4.36 , 4.0 , 4 , 6
2 , 4.36 , 4.0 , 4 , 6
2 , 4.36 , 4.0 , 4 , 6
2 , 4.34 , 4.0 , 4 , 6
2 , 4.34 , 4.0 , 4 , 6
2 , 4.34 , 4.0 , 4 , 6
2 , 4.34 , 4.0 , 4 , 6
2 , 4.32 , 4.0 , 4 , 6
2 , 4.3 , 4.0 , 4 , 6
2 , 4.3 , 4.0 , 4 , 6
2 , 4.28 , 4.0 , 4 , 6
2 , 4.28 , 4.0 , 4 , 6
2 , 4.26 , 4.0 , 4 , 6
2 , 4.26 , 4.0 , 4 , 6
2 , 4.24 , 4.0 , 4 , 6
2 , 4.24 , 4.0 , 4 , 6
2 , 4.24 , 4.0 , 4 , 6
2 , 4.24 , 4.0 , 4 , 6
2 , 4.24 , 4.0 , 4 , 6
2 , 4.24 , 4.0 , 4 , 6
2 , 4.22 , 4.0 , 4 , 6
2 , 4.2 , 4.0 , 4 , 6
2 , 4.16 , 4.0 , 4 , 6
2 , 4.16 , 4.0 , 4 , 6
2 , 4.16 , 4.0 , 4 , 6
2 , 4.16 , 4.0 , 4 , 6
2 , 4.14 , 4.0 , 4 , 6
2 , 4.12 , 4.0 , 4 , 6
2 , 4.12 , 4.0 , 4 , 6
2 , 4.12 , 4.0 , 4 , 6
2 , 4.12 , 4.0 , 4 , 6
2 , 4.12 , 4.0 , 4 , 6
2 , 4.12 , 4.0 , 4 , 6
2 , 4.1 , 4.0 , 4 , 6
2 , 4.1 , 4.0 , 4 , 6
2 , 4.1 , 4.0 , 4 , 6
2 , 4.08 , 4.0 , 4 , 6
2 , 4.08 , 4.0 , 4 , 6
2 , 4.08 , 4.0 , 4 , 6
2 , 4.08 , 4.0 , 4 , 6
2 , 4.04 , 4.0 , 4 , 6
2 , 4.04 , 4.0 , 4 , 6
2 , 4.0 , 4.0 , 4 , 6
2 , 4.0 , 4.0 , 4 , 6
2 , 4.0 , 4.0 , 4 , 6
2 , 4.0 , 4.0 , 4 , 6
2 , 4.0 , 4.0 , 4 , 6
2 , 4.0 , 4.0 , 4 , 6
2 , 4.0 , 4.0 , 4 , 6
2 , 4.0 , 4.0 , 4 , 6
2 , 3.98 , 4.0 , 4 , 6
2 , 3.98 , 4.0 , 4 , 6
2 , 3.94 , 4.0 , 4 , 6
2 , 3.94 , 4.0 , 4 , 6
2 , 3.94 , 4.0 , 4 , 6
2 , 3.94 , 4.0 , 4 , 6
2 , 3.94 , 4.0 , 4 , 6
2 , 3.94 , 4.0 , 4 , 6
2 , 3.92 , 4.0 , 4 , 6
2 , 3.9 , 4.0 , 4 , 6
2 , 3.9 , 4.0 , 4 , 6
2 , 3.9 , 4.0 , 4 , 6
2 , 3.9 , 4.0 , 4 , 6
2 , 3.9 , 4.0 , 4 , 6
2 , 3.88 , 4.0 , 4 , 6
2 , 3.88 , 4.0 , 4 , 6
2 , 3.82 , 4.0 , 4 , 6
2 , 3.82 , 4.0 , 4 , 6
2 , 3.78 , 4.0 , 4 , 6
2 , 3.78 , 4.0 , 4 , 6
2 , 3.78 , 4.0 , 4 , 6
2 , 3.78 , 4.0 , 4 , 6
2 , 3.78 , 4.0 , 4 , 6
2 , 3.76 , 4.0 , 4 , 6
2 , 3.76 , 4.0 , 4 , 6
2 , 3.76 , 4.0 , 4 , 6
2 , 3.76 , 4.0 , 4 , 6
2 , 3.76 , 4.0 , 4 , 6
2 , 3.74 , 4.0 , 4 , 6
2 , 3.74 , 4.0 , 4 , 6
2 , 3.72 , 4.0 , 4 , 6
2 , 3.72 , 4.0 , 4 , 6
2 , 3.72 , 4.0 , 4 , 6
2 , 3.72 , 4.0 , 4 , 6
2 , 3.68 , 4.0 , 4 , 6
2 , 3.68 , 4.0 , 4 , 6
2 , 3.68 , 4.0 , 4 , 6
2 , 3.68 , 4.0 , 4 , 6
2 , 3.68 , 4.0 , 4 , 6
2 , 3.68 , 4.0 , 4 , 6
2 , 3.68 , 4.0 , 4 , 6
2 , 3.68 , 4.0 , 4 , 6
2 , 3.68 , 4.0 , 4 , 6
2 , 3.68 , 4.0 , 4 , 6
2 , 3.68 , 4.0 , 4 , 6
2 , 3.66 , 4.0 , 4 , 6
2 , 3.64 , 4.0 , 4 , 6
2 , 3.6 , 4.0 , 4 , 6
2 , 3.6 , 4.0 , 4 , 6
2 , 3.6 , 4.0 , 4 , 6
2 , 3.6 , 4.0 , 4 , 6
2 , 3.58 , 4.0 , 4 , 6
2 , 3.58 , 4.0 , 4 , 6
2 , 3.58 , 4.0 , 4 , 6
2 , 3.58 , 4.0 , 4 , 6
2 , 3.58 , 4.0 , 4 , 6
2 , 3.58 , 4.0 , 4 , 6
2 , 3.54 , 4.0 , 4 , 4
2 , 3.54 , 4.0 , 4 , 4
2 , 3.52 , 4.0 , 4 , 4
2 , 3.52 , 4.0 , 4 , 4
2 , 3.52 , 4.0 , 4 , 4
2 , 3.52 , 4.0 , 4 , 4
2 , 3.52 , 4.0 , 4 , 4
2 , 3.52 , 4.0 , 4 , 4
2 , 3.52 , 4.0 , 4 , 4
2 , 3.52 , 4.0 , 4 , 4
2 , 3.5 , 4.0 , 4 , 4
2 , 3.5 , 4.0 , 4 , 4
2 , 3.5 , 4.0 , 4 , 4
2 , 3.5 , 4.0 , 4 , 4
2 , 3.5 , 4.0 , 4 , 4
2 , 3.5 , 4.0 , 4 , 4
2 , 3.48 , 4.0 , 4 , 4
2 , 3.48 , 4.0 , 4 , 4
2 , 3.48 , 4.0 , 4 , 4
2 , 3.48 , 4.0 , 4 , 4
2 , 3.48 , 4.0 , 4 , 4
2 , 3.48 , 4.0 , 4 , 4
2 , 3.48 , 4.0 , 4 , 4
2 , 3.48 , 4.0 , 4 , 4
2 , 3.48 , 4.0 , 4 , 4
2 , 3.48 , 4.0 , 4 , 4
2 , 3.48 , 4.0 , 4 , 4
2 , 3.48 , 4.0 , 4 , 4
2 , 3.48 , 4.0 , 4 , 4
2 , 3.48 , 4.0 , 4 , 4
2 , 3.48 , 4.0 , 4 , 4
2 , 3.48 , 4.0 , 4 , 4
2 , 3.48 , 4.0 , 4 , 4
2 , 3.48 , 4.0 , 4 , 4
2 , 3.48 , 4.0 , 4 , 4
2 , 3.48 , 4.0 , 4 , 4
2 , 3.48 , 4.0 , 4 , 4
2 , 3.48 , 4.0 , 4 , 4
2 , 3.48 , 4.0 , 4 , 4
2 , 3.48 , 4.0 , 4 , 4
2 , 3.48 , 4.0 , 4 , 4
2 , 3.48 , 4.0 , 4 , 4
2 , 3.48 , 4.0 , 4 , 4
2 , 3.48 , 4.0 , 4 , 4
2 , 3.48 , 4.0 , 4 , 4
2 , 3.48 , 4.0 , 4 , 4
2 , 3.48 , 4.0 , 4 , 4
2 , 3.48 , 4.0 , 4 , 4
2 , 3.48 , 4.0 , 4 , 4
2 , 3.48 , 4.0 , 4 , 4
2 , 3.48 , 4.0 , 4 , 4
2 , 3.48 , 4.0 , 4 , 4
2 , 3.48 , 4.0 , 4 , 4
2 , 3.48 , 4.0 , 4 , 4
2 , 3.48 , 4.0 , 4 , 4
2 , 3.48 , 4.0 , 4 , 4
2 , 3.48 , 4.0 , 4 , 4
2 , 3.48 , 4.0 , 4 , 4
2 , 3.48 , 4.0 , 4 , 4
2 , 3.48 , 4.0 , 4 , 4
2 , 3.48 , 4.0 , 4 , 4
2 , 3.48 , 4.0 , 4 , 4
2 , 3.46 , 4.0 , 4 , 4
2 , 3.44 , 4.0 , 4 , 4
2 , 3.44 , 4.0 , 4 , 4
2 , 3.44 , 4.0 , 4 , 4
2 , 3.42 , 4.0 , 4 , 4
2 , 3.42 , 4.0 , 4 , 4
2 , 3.42 , 4.0 , 4 , 4
2 , 3.42 , 4.0 , 4 , 4
2 , 3.4 , 4.0 , 4 , 4
2 , 3.4 , 4.0 , 4 , 4
2 , 3.4 , 4.0 , 4 , 4
2 , 3.4 , 4.0 , 4 , 4
2 , 3.4 , 4.0 , 4 , 4
2 , 3.4 , 4.0 , 4 , 4
2 , 3.4 , 4.0 , 4 , 4
2 , 3.4 , 4.0 , 4 , 4
2 , 3.4 , 4.0 , 4 , 4
2 , 3.4 , 4.0 , 4 , 4
2 , 3.38 , 4.0 , 4 , 4
2 , 3.38 , 4.0 , 4 , 4
2 , 3.38 , 4.0 , 4 , 4
2 , 3.38 , 4.0 , 4 , 4
2 , 3.38 , 4.0 , 4 , 4
2 , 3.38 , 4.0 , 4 , 4
2 , 3.38 , 4.0 , 4 , 4
2 , 3.38 , 4.0 , 4 , 4
2 , 3.38 , 4.0 , 4 , 4
2 , 3.38 , 4.0 , 4 , 4
2 , 3.38 , 4.0 , 4 , 4
2 , 3.38 , 4.0 , 4 , 4
2 , 3.38 , 4.0 , 4 , 4
2 , 3.38 , 4.0 , 4 , 4
2 , 3.38 , 4.0 , 4 , 4
0 , 3.34 , 4.0 , 4 , 4
0 , 3.34 , 4.0 , 4 , 4
0 , 3.34 , 4.0 , 4 , 4
0 , 3.34 , 4.0 , 4 , 4
0 , 3.34 , 4.0 , 4 , 4
0 , 3.34 , 4.0 , 4 , 4
0 , 3.34 , 4.0 , 4 , 4
0 , 3.34 , 4.0 , 4 , 4
0 , 3.34 , 4.0 , 4 , 4
0 , 3.34 , 4.0 , 4 , 4
0 , 3.34 , 4.0 , 4 , 4
0 , 3.34 , 4.0 , 4 , 4
0 , 3.32 , 4.0 , 4 , 4
0 , 3.32 , 4.0 , 4 , 4
0 , 3.32 , 4.0 , 4 , 4
0 , 3.32 , 4.0 , 4 , 4
0 , 3.32 , 4.0 , 4 , 4
0 , 3.32 , 4.0 , 4 , 4
0 , 3.32 , 4.0 , 4 , 4
0 , 3.32 , 4.0 , 4 , 4
0 , 3.32 , 4.0 , 4 , 4
0 , 3.32 , 4.0 , 4 , 4
0 , 3.32 , 4.0 , 4 , 4
0 , 3.32 , 4.0 , 4 , 4
0 , 3.32 , 4.0 , 4 , 4
0 , 3.32 , 4.0 , 4 , 4
0 , 3.32 , 4.0 , 4 , 4
0 , 3.3 , 4.0 , 4 , 4
0 , 3.3 , 4.0 , 4 , 4
0 , 3.3 , 4.0 , 4 , 4
0 , 3.28 , 4.0 , 4 , 4
0 , 3.28 , 4.0 , 4 , 4
0 , 3.28 , 4.0 , 4 , 4
0 , 3.28 , 4.0 , 4 , 4
0 , 3.28 , 4.0 , 4 , 4
0 , 3.28 , 4.0 , 4 , 4
0 , 3.28 , 4.0 , 4 , 4
0 , 3.26 , 4.0 , 4 , 4
0 , 3.26 , 4.0 , 4 , 4
0 , 3.26 , 4.0 , 4 , 4
0 , 3.24 , 4.0 , 4 , 4
0 , 3.24 , 4.0 , 4 , 4
0 , 3.24 , 4.0 , 4 , 4
0 , 3.22 , 4.0 , 4 , 4
0 , 3.22 , 4.0 , 4 , 4
0 , 3.22 , 4.0 , 4 , 4
0 , 3.22 , 4.0 , 4 , 4
0 , 3.2 , 4.0 , 4 , 4
0 , 3.2 , 4.0 , 4 , 4
0 , 3.2 , 4.0 , 4 , 4
0 , 3.2 , 4.0 , 4 , 4
0 , 3.2 , 4.0 , 4 , 4
0 , 3.2 , 4.0 , 4 , 4
0 , 3.2 , 4.0 , 4 , 4
0 , 3.2 , 4.0 , 4 , 4
0 , 3.2 , 4.0 , 4 , 4
0 , 3.2 , 4.0 , 4 , 4
0 , 3.2 , 4.0 , 4 , 4
0 , 3.2 , 4.0 , 4 , 4
0 , 3.2 , 4.0 , 4 , 4
0 , 3.2 , 4.0 , 4 , 4
0 , 3.2 , 4.0 , 4 , 4
0 , 3.18 , 4.0 , 4 , 4
0 , 3.18 , 4.0 , 4 , 4
0 , 3.18 , 4.0 , 4 , 4
0 , 3.16 , 4.0 , 4 , 4
0 , 3.16 , 4.0 , 4 , 4
0 , 3.16 , 4.0 , 4 , 4
0 , 3.16 , 4.0 , 4 , 4
0 , 3.16 , 4.0 , 4 , 4
0 , 3.14 , 4.0 , 4 , 4
0 , 3.14 , 4.0 , 4 , 4
0 , 3.14 , 4.0 , 4 , 4
0 , 3.14 , 4.0 , 4 , 4
0 , 3.14 , 4.0 , 4 , 4
0 , 3.14 , 4.0 , 4 , 4
0 , 3.14 , 4.0 , 4 , 4
0 , 3.14 , 4.0 , 4 , 4
0 , 3.14 , 4.0 , 4 , 4
0 , 3.14 , 4.0 , 4 , 4
0 , 3.14 , 4.0 , 4 , 4
0 , 3.14 , 4.0 , 4 , 4
0 , 3.14 , 4.0 , 4 , 4
0 , 3.14 , 4.0 , 4 , 4
0 , 3.14 , 4.0 , 4 , 4
0 , 3.14 , 4.0 , 4 , 4
0 , 3.14 , 4.0 , 4 , 4
0 , 3.14 , 4.0 , 4 , 4
0 , 3.12 , 4.0 , 4 , 4
0 , 3.12 , 4.0 , 4 , 4
0 , 3.12 , 4.0 , 4 , 4
0 , 3.12 , 4.0 , 4 , 4
0 , 3.12 , 4.0 , 4 , 4
0 , 3.12 , 4.0 , 4 , 4
0 , 3.12 , 4.0 , 4 , 4
0 , 3.12 , 4.0 , 4 , 4
0 , 3.12 , 4.0 , 4 , 4
0 , 3.12 , 4.0 , 4 , 4
0 , 3.12 , 4.0 , 4 , 4
0 , 3.12 , 4.0 , 4 , 4
0 , 3.12 , 4.0 , 4 , 4
0 , 3.1 , 4.0 , 4 , 4
0 , 3.1 , 4.0 , 4 , 4
0 , 3.1 , 4.0 , 4 , 4
0 , 3.1 , 4.0 , 4 , 4
0 , 3.1 , 4.0 , 4 , 4
0 , 3.1 , 4.0 , 4 , 4
0 , 3.1 , 4.0 , 4 , 4
0 , 3.1 , 4.0 , 4 , 4
0 , 3.1 , 4.0 , 4 , 4
0 , 3.1 , 4.0 , 4 , 4
0 , 3.1 , 4.0 , 4 , 4
0 , 3.1 , 4.0 , 4 , 4
0 , 3.1 , 4.0 , 4 , 4
0 , 3.1 , 4.0 , 4 , 4
0 , 3.1 , 4.0 , 4 , 4
0 , 3.1 , 4.0 , 4 , 4
0 , 3.1 , 4.0 , 4 , 4
0 , 3.1 , 4.0 , 4 , 4
0 , 3.1 , 4.0 , 4 , 4
0 , 3.1 , 4.0 , 4 , 4
0 , 3.08 , 4.0 , 4 , 4
0 , 3.08 , 4.0 , 4 , 4
0 , 3.08 , 4.0 , 4 , 4
0 , 3.08 , 4.0 , 4 , 4
0 , 3.08 , 4.0 , 4 , 4
0 , 3.08 , 4.0 , 4 , 4
0 , 3.08 , 4.0 , 4 , 4
0 , 3.08 , 4.0 , 4 , 4
0 , 3.08 , 4.0 , 4 , 4
0 , 3.08 , 4.0 , 4 , 4
0 , 3.08 , 4.0 , 4 , 4
0 , 3.08 , 4.0 , 4 , 4
0 , 3.08 , 4.0 , 4 , 4
0 , 3.08 , 4.0 , 4 , 4
0 , 3.08 , 4.0 , 4 , 4
0 , 3.08 , 4.0 , 4 , 4
0 , 3.08 , 4.0 , 4 , 4
0 , 3.08 , 4.0 , 4 , 4
0 , 3.08 , 4.0 , 4 , 4
0 , 3.08 , 4.0 , 4 , 4
0 , 3.08 , 4.0 , 4 , 4
0 , 3.08 , 4.0 , 4 , 4
0 , 3.08 , 4.0 , 4 , 4
0 , 3.08 , 4.0 , 4 , 4
0 , 3.08 , 4.0 , 4 , 4
0 , 3.08 , 4.0 , 4 , 4
0 , 3.08 , 4.0 , 4 , 4
0 , 3.08 , 4.0 , 4 , 4
0 , 3.08 , 4.0 , 4 , 4
0 , 3.08 , 4.0 , 4 , 4
0 , 3.08 , 4.0 , 4 , 4
0 , 3.08 , 4.0 , 4 , 4
0 , 3.08 , 4.0 , 4 , 4
0 , 3.08 , 4.0 , 4 , 4
0 , 3.08 , 4.0 , 4 , 4
0 , 3.08 , 4.0 , 4 , 4
0 , 3.08 , 4.0 , 4 , 4
0 , 3.08 , 4.0 , 4 , 4
0 , 3.08 , 4.0 , 4 , 4
0 , 3.08 , 4.0 , 4 , 4
0 , 3.06 , 4.0 , 4 , 4
0 , 3.06 , 4.0 , 4 , 4
0 , 3.06 , 4.0 , 4 , 4
0 , 3.06 , 4.0 , 4 , 4
0 , 3.06 , 4.0 , 4 , 4
0 , 3.04 , 4.0 , 4 , 4
0 , 3.04 , 4.0 , 4 , 4
0 , 3.04 , 4.0 , 4 , 4
0 , 3.04 , 4.0 , 4 , 4
0 , 3.04 , 4.0 , 4 , 4
0 , 3.02 , 4.0 , 4 , 4
0 , 3.02 , 4.0 , 4 , 4
0 , 3.02 , 4.0 , 4 , 4
0 , 3.02 , 4.0 , 4 , 4
0 , 3.02 , 4.0 , 4 , 4
0 , 3.02 , 4.0 , 4 , 4
0 , 3.02 , 4.0 , 4 , 4
0 , 3.02 , 4.0 , 4 , 4
0 , 3.02 , 4.0 , 4 , 4
0 , 3.02 , 4.0 , 4 , 4
0 , 3.02 , 4.0 , 4 , 4
0 , 3.02 , 4.0 , 4 , 4
0 , 3.02 , 4.0 , 4 , 4
0 , 3.02 , 4.0 , 4 , 4
0 , 3.02 , 4.0 , 4 , 4
0 , 3.02 , 4.0 , 4 , 4
0 , 3.02 , 4.0 , 4 , 4
0 , 3.02 , 4.0 , 4 , 4
0 , 3.02 , 4.0 , 4 , 4
0 , 3.02 , 4.0 , 4 , 4
0 , 3.02 , 4.0 , 4 , 4
0 , 3.02 , 4.0 , 4 , 4
0 , 3.0 , 4.0 , 4 , 4
0 , 3.0 , 4.0 , 4 , 4
0 , 3.0 , 4.0 , 4 , 4
0 , 3.0 , 4.0 , 4 , 4
0 , 3.0 , 4.0 , 4 , 4
0 , 3.0 , 4.0 , 4 , 4
0 , 3.0 , 4.0 , 4 , 4
0 , 3.0 , 4.0 , 4 , 4
0 , 2.98 , 3.0 , 4 , 4
0 , 2.98 , 3.0 , 4 , 4
0 , 2.98 , 3.0 , 4 , 4
0 , 2.98 , 3.0 , 4 , 4
0 , 2.96 , 2.0 , 2 , 4
0 , 2.96 , 2.0 , 2 , 4
0 , 2.96 , 2.0 , 2 , 4
0 , 2.94 , 2.0 , 2 , 4
0 , 2.94 , 2.0 , 2 , 4
0 , 2.94 , 2.0 , 2 , 4
0 , 2.94 , 2.0 , 2 , 4
0 , 2.94 , 2.0 , 2 , 4
0 , 2.94 , 2.0 , 2 , 4
0 , 2.94 , 2.0 , 2 , 4
0 , 2.94 , 2.0 , 2 , 4
0 , 2.94 , 2.0 , 2 , 4
0 , 2.94 , 2.0 , 2 , 4
0 , 2.94 , 2.0 , 2 , 4
0 , 2.94 , 2.0 , 2 , 4
0 , 2.94 , 2.0 , 2 , 4
0 , 2.94 , 2.0 , 2 , 4
0 , 2.94 , 2.0 , 2 , 4
0 , 2.94 , 2.0 , 2 , 4
0 , 2.94 , 2.0 , 2 , 4
0 , 2.94 , 2.0 , 2 , 4
0 , 2.92 , 2.0 , 2 , 4
0 , 2.92 , 2.0 , 2 , 4
0 , 2.92 , 2.0 , 2 , 4
0 , 2.92 , 2.0 , 2 , 4
0 , 2.92 , 2.0 , 2 , 4
0 , 2.92 , 2.0 , 2 , 4
0 , 2.92 , 2.0 , 2 , 4
0 , 2.92 , 2.0 , 2 , 4
0 , 2.92 , 2.0 , 2 , 4
0 , 2.92 , 2.0 , 2 , 4
0 , 2.92 , 2.0 , 2 , 4
0 , 2.92 , 2.0 , 2 , 4
0 , 2.92 , 2.0 , 2 , 4
0 , 2.92 , 2.0 , 2 , 4
0 , 2.92 , 2.0 , 2 , 4
0 , 2.92 , 2.0 , 2 , 4
0 , 2.92 , 2.0 , 2 , 4
0 , 2.92 , 2.0 , 2 , 4
0 , 2.92 , 2.0 , 2 , 4
0 , 2.92 , 2.0 , 2 , 4
0 , 2.92 , 2.0 , 2 , 4
0 , 2.92 , 2.0 , 2 , 4
0 , 2.92 , 2.0 , 2 , 4
0 , 2.92 , 2.0 , 2 , 4
0 , 2.92 , 2.0 , 2 , 4
0 , 2.92 , 2.0 , 2 , 4
0 , 2.92 , 2.0 , 2 , 4
0 , 2.92 , 2.0 , 2 , 4
0 , 2.92 , 2.0 , 2 , 4
0 , 2.92 , 2.0 , 2 , 4
0 , 2.92 , 2.0 , 2 , 4
0 , 2.92 , 2.0 , 2 , 4
0 , 2.92 , 2.0 , 2 , 4
0 , 2.92 , 2.0 , 2 , 4
0 , 2.9 , 2.0 , 2 , 4
0 , 2.9 , 2.0 , 2 , 4
0 , 2.9 , 2.0 , 2 , 4
0 , 2.9 , 2.0 , 2 , 4
0 , 2.9 , 2.0 , 2 , 4
0 , 2.9 , 2.0 , 2 , 4
0 , 2.9 , 2.0 , 2 , 4
0 , 2.9 , 2.0 , 2 , 4
0 , 2.9 , 2.0 , 2 , 4
0 , 2.88 , 2.0 , 2 , 4
0 , 2.88 , 2.0 , 2 , 4
0 , 2.88 , 2.0 , 2 , 4
0 , 2.88 , 2.0 , 2 , 4
0 , 2.88 , 2.0 , 2 , 4
0 , 2.88 , 2.0 , 2 , 4
0 , 2.88 , 2.0 , 2 , 4
0 , 2.88 , 2.0 , 2 , 4
0 , 2.86 , 2.0 , 2 , 4
0 , 2.86 , 2.0 , 2 , 4
0 , 2.84 , 2.0 , 2 , 4
0 , 2.84 , 2.0 , 2 , 4
0 , 2.84 , 2.0 , 2 , 4
0 , 2.84 , 2.0 , 2 , 4
0 , 2.84 , 2.0 , 2 , 4
0 , 2.84 , 2.0 , 2 , 4
0 , 2.84 , 2.0 , 2 , 4
0 , 2.84 , 2.0 , 2 , 4
0 , 2.82 , 2.0 , 2 , 4
0 , 2.82 , 2.0 , 2 , 4
0 , 2.82 , 2.0 , 2 , 4
0 , 2.8 , 2.0 , 2 , 4
0 , 2.8 , 2.0 , 2 , 4
0 , 2.8 , 2.0 , 2 , 4
0 , 2.8 , 2.0 , 2 , 4
0 , 2.8 , 2.0 , 2 , 4
0 , 2.8 , 2.0 , 2 , 4
0 , 2.8 , 2.0 , 2 , 4
0 , 2.8 , 2.0 , 2 , 4
0 , 2.8 , 2.0 , 2 , 4
0 , 2.8 , 2.0 , 2 , 4
0 , 2.8 , 2.0 , 2 , 4
0 , 2.8 , 2.0 , 2 , 4
0 , 2.8 , 2.0 , 2 , 4
0 , 2.8 , 2.0 , 2 , 4
0 , 2.8 , 2.0 , 2 , 4
0 , 2.8 , 2.0 , 2 , 4
0 , 2.8 , 2.0 , 2 , 4
0 , 2.8 , 2.0 , 2 , 4
0 , 2.8 , 2.0 , 2 , 4
0 , 2.78 , 2.0 , 2 , 4
0 , 2.78 , 2.0 , 2 , 4
0 , 2.78 , 2.0 , 2 , 4
0 , 2.78 , 2.0 , 2 , 4
0 , 2.78 , 2.0 , 2 , 4
0 , 2.78 , 2.0 , 2 , 4
0 , 2.78 , 2.0 , 2 , 4
0 , 2.78 , 2.0 , 2 , 4
0 , 2.78 , 2.0 , 2 , 4
0 , 2.78 , 2.0 , 2 , 4
0 , 2.78 , 2.0 , 2 , 4
0 , 2.78 , 2.0 , 2 , 4
0 , 2.78 , 2.0 , 2 , 4
0 , 2.78 , 2.0 , 2 , 4
0 , 2.78 , 2.0 , 2 , 4
0 , 2.78 , 2.0 , 2 , 4
0 , 2.78 , 2.0 , 2 , 4
0 , 2.78 , 2.0 , 2 , 4
0 , 2.78 , 2.0 , 2 , 4
0 , 2.78 , 2.0 , 2 , 4
0 , 2.78 , 2.0 , 2 , 4
0 , 2.78 , 2.0 , 2 , 4
0 , 2.78 , 2.0 , 2 , 4
0 , 2.78 , 2.0 , 2 , 4
0 , 2.74 , 2.0 , 2 , 4
0 , 2.74 , 2.0 , 2 , 4
0 , 2.74 , 2.0 , 2 , 4
0 , 2.74 , 2.0 , 2 , 4
0 , 2.74 , 2.0 , 2 , 4
0 , 2.74 , 2.0 , 2 , 4
0 , 2.74 , 2.0 , 2 , 4
0 , 2.74 , 2.0 , 2 , 4
0 , 2.74 , 2.0 , 2 , 4
0 , 2.74 , 2.0 , 2 , 4
0 , 2.74 , 2.0 , 2 , 4
0 , 2.72 , 2.0 , 2 , 4
0 , 2.72 , 2.0 , 2 , 4
0 , 2.72 , 2.0 , 2 , 4
0 , 2.7 , 2.0 , 2 , 4
0 , 2.7 , 2.0 , 2 , 4
0 , 2.7 , 2.0 , 2 , 4
0 , 2.7 , 2.0 , 2 , 4
0 , 2.7 , 2.0 , 2 , 4
0 , 2.7 , 2.0 , 2 , 4
0 , 2.7 , 2.0 , 2 , 4
0 , 2.7 , 2.0 , 2 , 4
0 , 2.7 , 2.0 , 2 , 4
0 , 2.68 , 2.0 , 2 , 4
0 , 2.68 , 2.0 , 2 , 4
0 , 2.68 , 2.0 , 2 , 4
0 , 2.68 , 2.0 , 2 , 4
0 , 2.68 , 2.0 , 2 , 4
0 , 2.68 , 2.0 , 2 , 4
0 , 2.68 , 2.0 , 2 , 4
0 , 2.68 , 2.0 , 2 , 4
0 , 2.68 , 2.0 , 2 , 4
0 , 2.66 , 2.0 , 2 , 4
0 , 2.66 , 2.0 , 2 , 4
0 , 2.66 , 2.0 , 2 , 4
0 , 2.66 , 2.0 , 2 , 4
0 , 2.66 , 2.0 , 2 , 4
0 , 2.66 , 2.0 , 2 , 4
0 , 2.66 , 2.0 , 2 , 4
0 , 2.66 , 2.0 , 2 , 4
0 , 2.66 , 2.0 , 2 , 4
0 , 2.66 , 2.0 , 2 , 4
0 , 2.64 , 2.0 , 2 , 4
0 , 2.64 , 2.0 , 2 , 4
0 , 2.64 , 2.0 , 2 , 4
0 , 2.64 , 2.0 , 2 , 4
0 , 2.64 , 2.0 , 2 , 4
0 , 2.64 , 2.0 , 2 , 4
0 , 2.64 , 2.0 , 2 , 4
0 , 2.64 , 2.0 , 2 , 4
0 , 2.64 , 2.0 , 2 , 4
0 , 2.64 , 2.0 , 2 , 4
0 , 2.64 , 2.0 , 2 , 4
0 , 2.64 , 2.0 , 2 , 4
0 , 2.64 , 2.0 , 2 , 4
0 , 2.64 , 2.0 , 2 , 4
0 , 2.64 , 2.0 , 2 , 4
0 , 2.64 , 2.0 , 2 , 4
0 , 2.64 , 2.0 , 2 , 4
0 , 2.64 , 2.0 , 2 , 4
0 , 2.64 , 2.0 , 2 , 4
0 , 2.64 , 2.0 , 2 , 4
0 , 2.64 , 2.0 , 2 , 4
0 , 2.64 , 2.0 , 2 , 4
0 , 2.64 , 2.0 , 2 , 4
0 , 2.64 , 2.0 , 2 , 4
0 , 2.64 , 2.0 , 2 , 4
0 , 2.64 , 2.0 , 2 , 4
0 , 2.64 , 2.0 , 2 , 4
0 , 2.64 , 2.0 , 2 , 4
0 , 2.64 , 2.0 , 2 , 4
0 , 2.64 , 2.0 , 2 , 4
0 , 2.64 , 2.0 , 2 , 4
0 , 2.64 , 2.0 , 2 , 4
0 , 2.64 , 2.0 , 2 , 4
0 , 2.64 , 2.0 , 2 , 4
0 , 2.64 , 2.0 , 2 , 4
0 , 2.64 , 2.0 , 2 , 4
0 , 2.64 , 2.0 , 2 , 4
0 , 2.64 , 2.0 , 2 , 4
0 , 2.64 , 2.0 , 2 , 4
0 , 2.64 , 2.0 , 2 , 4
0 , 2.64 , 2.0 , 2 , 4
0 , 2.62 , 2.0 , 2 , 4
0 , 2.62 , 2.0 , 2 , 4
0 , 2.62 , 2.0 , 2 , 4
0 , 2.62 , 2.0 , 2 , 4
0 , 2.62 , 2.0 , 2 , 4
0 , 2.62 , 2.0 , 2 , 4
0 , 2.62 , 2.0 , 2 , 4
0 , 2.58 , 2.0 , 2 , 4
0 , 2.58 , 2.0 , 2 , 4
0 , 2.58 , 2.0 , 2 , 4
0 , 2.58 , 2.0 , 2 , 4
0 , 2.58 , 2.0 , 2 , 4
0 , 2.58 , 2.0 , 2 , 4
0 , 2.58 , 2.0 , 2 , 4
0 , 2.58 , 2.0 , 2 , 4
0 , 2.58 , 2.0 , 2 , 4
0 , 2.58 , 2.0 , 2 , 4
0 , 2.56 , 2.0 , 2 , 4
0 , 2.56 , 2.0 , 2 , 4
0 , 2.56 , 2.0 , 2 , 4
0 , 2.56 , 2.0 , 2 , 4
0 , 2.56 , 2.0 , 2 , 4
0 , 2.56 , 2.0 , 2 , 4
0 , 2.56 , 2.0 , 2 , 4
0 , 2.56 , 2.0 , 2 , 4
0 , 2.56 , 2.0 , 2 , 4
0 , 2.56 , 2.0 , 2 , 4
0 , 2.56 , 2.0 , 2 , 4
0 , 2.56 , 2.0 , 2 , 4
0 , 2.56 , 2.0 , 2 , 4
0 , 2.56 , 2.0 , 2 , 4
0 , 2.56 , 2.0 , 2 , 4
0 , 2.56 , 2.0 , 2 , 4
0 , 2.56 , 2.0 , 2 , 4
0 , 2.54 , 2.0 , 2 , 4
0 , 2.54 , 2.0 , 2 , 4
0 , 2.54 , 2.0 , 2 , 4
0 , 2.54 , 2.0 , 2 , 4
0 , 2.54 , 2.0 , 2 , 4
0 , 2.54 , 2.0 , 2 , 4
0 , 2.54 , 2.0 , 2 , 4
0 , 2.54 , 2.0 , 2 , 4
0 , 2.54 , 2.0 , 2 , 4
0 , 2.54 , 2.0 , 2 , 4
0 , 2.54 , 2.0 , 2 , 4
0 , 2.54 , 2.0 , 2 , 4
0 , 2.54 , 2.0 , 2 , 4
0 , 2.54 , 2.0 , 2 , 4
0 , 2.54 , 2.0 , 2 , 4
0 , 2.54 , 2.0 , 2 , 4
0 , 2.54 , 2.0 , 2 , 4
0 , 2.54 , 2.0 , 2 , 4
0 , 2.54 , 2.0 , 2 , 4
0 , 2.54 , 2.0 , 2 , 4
0 , 2.52 , 2.0 , 2 , 4
0 , 2.52 , 2.0 , 2 , 4
0 , 2.5 , 2.0 , 2 , 4
0 , 2.5 , 2.0 , 2 , 4
0 , 2.5 , 2.0 , 2 , 4
0 , 2.5 , 2.0 , 2 , 4
0 , 2.5 , 2.0 , 2 , 4
0 , 2.5 , 2.0 , 2 , 4
0 , 2.48 , 2.0 , 2 , 4
0 , 2.48 , 2.0 , 2 , 4
0 , 2.48 , 2.0 , 2 , 4
0 , 2.48 , 2.0 , 2 , 4
0 , 2.48 , 2.0 , 2 , 4
0 , 2.48 , 2.0 , 2 , 4
0 , 2.48 , 2.0 , 2 , 4
0 , 2.48 , 2.0 , 2 , 4
0 , 2.48 , 2.0 , 2 , 4
0 , 2.48 , 2.0 , 2 , 4
0 , 2.48 , 2.0 , 2 , 4
0 , 2.48 , 2.0 , 2 , 4
0 , 2.48 , 2.0 , 2 , 4
0 , 2.48 , 2.0 , 2 , 4
0 , 2.48 , 2.0 , 2 , 4
0 , 2.48 , 2.0 , 2 , 4
0 , 2.48 , 2.0 , 2 , 4
0 , 2.48 , 2.0 , 2 , 4
0 , 2.48 , 2.0 , 2 , 4
0 , 2.48 , 2.0 , 2 , 4
0 , 2.48 , 2.0 , 2 , 4
0 , 2.48 , 2.0 , 2 , 4
0 , 2.48 , 2.0 , 2 , 4
0 , 2.48 , 2.0 , 2 , 4
0 , 2.48 , 2.0 , 2 , 4
0 , 2.48 , 2.0 , 2 , 4
0 , 2.48 , 2.0 , 2 , 4
0 , 2.48 , 2.0 , 2 , 4
0 , 2.48 , 2.0 , 2 , 4
0 , 2.48 , 2.0 , 2 , 4
0 , 2.48 , 2.0 , 2 , 4
0 , 2.48 , 2.0 , 2 , 4
0 , 2.48 , 2.0 , 2 , 4
0 , 2.48 , 2.0 , 2 , 4
0 , 2.48 , 2.0 , 2 , 4
0 , 2.48 , 2.0 , 2 , 4
0 , 2.48 , 2.0 , 2 , 4
0 , 2.48 , 2.0 , 2 , 4
0 , 2.48 , 2.0 , 2 , 4
0 , 2.48 , 2.0 , 2 , 4
0 , 2.48 , 2.0 , 2 , 4
0 , 2.48 , 2.0 , 2 , 4
0 , 2.48 , 2.0 , 2 , 4
0 , 2.48 , 2.0 , 2 , 4
0 , 2.48 , 2.0 , 2 , 4
0 , 2.46 , 2.0 , 2 , 4
0 , 2.46 , 2.0 , 2 , 4
0 , 2.46 , 2.0 , 2 , 4
0 , 2.46 , 2.0 , 2 , 4
0 , 2.46 , 2.0 , 2 , 4
0 , 2.46 , 2.0 , 2 , 4
0 , 2.46 , 2.0 , 2 , 4
0 , 2.46 , 2.0 , 2 , 4
0 , 2.46 , 2.0 , 2 , 4
0 , 2.46 , 2.0 , 2 , 4
0 , 2.46 , 2.0 , 2 , 4
0 , 2.46 , 2.0 , 2 , 4
0 , 2.46 , 2.0 , 2 , 4
0 , 2.46 , 2.0 , 2 , 4
0 , 2.46 , 2.0 , 2 , 4
0 , 2.46 , 2.0 , 2 , 4
0 , 2.44 , 2.0 , 2 , 4
0 , 2.44 , 2.0 , 2 , 4
0 , 2.44 , 2.0 , 2 , 4
0 , 2.44 , 2.0 , 2 , 4
0 , 2.44 , 2.0 , 2 , 4
0 , 2.44 , 2.0 , 2 , 4
0 , 2.44 , 2.0 , 2 , 4
0 , 2.44 , 2.0 , 2 , 4
0 , 2.44 , 2.0 , 2 , 4
0 , 2.44 , 2.0 , 2 , 4
0 , 2.44 , 2.0 , 2 , 4
0 , 2.44 , 2.0 , 2 , 4
0 , 2.44 , 2.0 , 2 , 4
0 , 2.44 , 2.0 , 2 , 4
0 , 2.44 , 2.0 , 2 , 4
0 , 2.44 , 2.0 , 2 , 4
0 , 2.44 , 2.0 , 2 , 4
0 , 2.44 , 2.0 , 2 , 4
0 , 2.44 , 2.0 , 2 , 4
0 , 2.44 , 2.0 , 2 , 4
0 , 2.44 , 2.0 , 2 , 4
0 , 2.44 , 2.0 , 2 , 4
0 , 2.44 , 2.0 , 2 , 4
0 , 2.4 , 2.0 , 2 , 4
0 , 2.4 , 2.0 , 2 , 4
0 , 2.4 , 2.0 , 2 , 4
0 , 2.4 , 2.0 , 2 , 4
0 , 2.4 , 2.0 , 2 , 4
0 , 2.4 , 2.0 , 2 , 4
0 , 2.4 , 2.0 , 2 , 4
0 , 2.4 , 2.0 , 2 , 4
0 , 2.4 , 2.0 , 2 , 4
0 , 2.4 , 2.0 , 2 , 4
0 , 2.4 , 2.0 , 2 , 4
0 , 2.4 , 2.0 , 2 , 4
0 , 2.38 , 2.0 , 2 , 4
0 , 2.38 , 2.0 , 2 , 4
0 , 2.36 , 2.0 , 2 , 4
0 , 2.36 , 2.0 , 2 , 4
0 , 2.34 , 2.0 , 2 , 4
0 , 2.34 , 2.0 , 2 , 4
0 , 2.34 , 2.0 , 2 , 4
0 , 2.34 , 2.0 , 2 , 4
3  Perfect solutions
perfect solution individuals [[1, 4, 6, 3, 0, 7, 5, 2], [5, 2, 0, 7, 3, 1, 6, 4], [2, 6, 1, 7, 4, 0, 3, 5]]
