2 , 9.16 , 8.0 , 8 , 20
2 , 9.0 , 8.0 , 8 , 18
2 , 8.82 , 8.0 , 8 , 16
2 , 8.58 , 8.0 , 8 , 16
2 , 8.38 , 8.0 , 8 , 14
2 , 8.28 , 8.0 , 8 , 14
2 , 8.24 , 8.0 , 8 , 14
2 , 8.18 , 8.0 , 8 , 14
2 , 8.08 , 8.0 , 8 , 14
2 , 8.02 , 8.0 , 8 , 12
2 , 7.94 , 8.0 , 8 , 12
2 , 7.94 , 8.0 , 8 , 12
2 , 7.9 , 8.0 , 8 , 12
2 , 7.84 , 8.0 , 8 , 12
2 , 7.7 , 8.0 , 8 , 12
2 , 7.7 , 8.0 , 8 , 12
2 , 7.66 , 8.0 , 8 , 12
2 , 7.54 , 8.0 , 8 , 12
2 , 7.48 , 8.0 , 8 , 12
2 , 7.46 , 8.0 , 8 , 12
2 , 7.46 , 8.0 , 8 , 12
2 , 7.34 , 8.0 , 8 , 12
2 , 7.34 , 8.0 , 8 , 12
2 , 7.28 , 8.0 , 8 , 10
2 , 7.22 , 8.0 , 8 , 10
2 , 7.22 , 8.0 , 8 , 10
2 , 7.18 , 8.0 , 8 , 10
2 , 7.12 , 8.0 , 8 , 10
2 , 7.04 , 8.0 , 8 , 10
2 , 6.9 , 8.0 , 8 , 10
2 , 6.84 , 8.0 , 8 , 10
2 , 6.82 , 8.0 , 8 , 10
2 , 6.78 , 8.0 , 8 , 10
2 , 6.78 , 8.0 , 8 , 10
2 , 6.72 , 8.0 , 8 , 10
2 , 6.72 , 8.0 , 8 , 10
2 , 6.72 , 8.0 , 8 , 10
2 , 6.7 , 8.0 , 8 , 10
2 , 6.68 , 8.0 , 8 , 10
2 , 6.64 , 8.0 , 8 , 10
2 , 6.62 , 8.0 , 8 , 10
2 , 6.58 , 7.0 , 8 , 10
2 , 6.58 , 7.0 , 8 , 10
2 , 6.56 , 7.0 , 8 , 10
2 , 6.52 , 6.0 , 8 , 8
2 , 6.52 , 6.0 , 8 , 8
2 , 6.48 , 6.0 , 8 , 8
2 , 6.48 , 6.0 , 8 , 8
2 , 6.42 , 6.0 , 8 , 8
2 , 6.42 , 6.0 , 8 , 8
2 , 6.36 , 6.0 , 8 , 8
2 , 6.3 , 6.0 , 8 , 8
2 , 6.3 , 6.0 , 8 , 8
2 , 6.3 , 6.0 , 8 , 8
2 , 6.24 , 6.0 , 8 , 8
2 , 6.24 , 6.0 , 8 , 8
2 , 6.22 , 6.0 , 8 , 8
2 , 6.22 , 6.0 , 8 , 8
2 , 6.22 , 6.0 , 8 , 8
2 , 6.22 , 6.0 , 8 , 8
2 , 6.22 , 6.0 , 8 , 8
2 , 6.22 , 6.0 , 8 , 8
2 , 6.18 , 6.0 , 8 , 8
2 , 6.18 , 6.0 , 8 , 8
2 , 6.14 , 6.0 , 8 , 8
2 , 6.14 , 6.0 , 8 , 8
2 , 6.14 , 6.0 , 8 , 8
2 , 6.1 , 6.0 , 6 , 8
2 , 6.1 , 6.0 , 6 , 8
2 , 6.1 , 6.0 , 6 , 8
2 , 6.06 , 6.0 , 6 , 8
2 , 6.04 , 6.0 , 6 , 8
2 , 6.04 , 6.0 , 6 , 8
2 , 6.02 , 6.0 , 6 , 8
2 , 6.0 , 6.0 , 6 , 8
2 , 5.98 , 6.0 , 6 , 8
2 , 5.98 , 6.0 , 6 , 8
2 , 5.98 , 6.0 , 6 , 8
2 , 5.94 , 6.0 , 6 , 8
2 , 5.92 , 6.0 , 6 , 8
2 , 5.9 , 6.0 , 6 , 8
2 , 5.9 , 6.0 , 6 , 8
2 , 5.88 , 6.0 , 6 , 8
2 , 5.86 , 6.0 , 6 , 8
2 , 5.86 , 6.0 , 6 , 8
2 , 5.86 , 6.0 , 6 , 8
2 , 5.86 , 6.0 , 6 , 8
2 , 5.82 , 6.0 , 6 , 8
2 , 5.82 , 6.0 , 6 , 8
2 , 5.78 , 6.0 , 6 , 8
2 , 5.78 , 6.0 , 6 , 8
2 , 5.78 , 6.0 , 6 , 8
2 , 5.74 , 6.0 , 6 , 8
2 , 5.7 , 6.0 , 6 , 8
2 , 5.7 , 6.0 , 6 , 8
2 , 5.68 , 6.0 , 6 , 8
2 , 5.68 , 6.0 , 6 , 8
2 , 5.66 , 6.0 , 6 , 8
2 , 5.58 , 6.0 , 6 , 8
2 , 5.58 , 6.0 , 6 , 8
2 , 5.58 , 6.0 , 6 , 8
2 , 5.58 , 6.0 , 6 , 8
2 , 5.54 , 6.0 , 6 , 8
2 , 5.54 , 6.0 , 6 , 8
2 , 5.52 , 6.0 , 6 , 8
2 , 5.52 , 6.0 , 6 , 8
2 , 5.5 , 6.0 , 6 , 8
2 , 5.5 , 6.0 , 6 , 8
2 , 5.5 , 6.0 , 6 , 8
2 , 5.46 , 6.0 , 6 , 8
2 , 5.46 , 6.0 , 6 , 8
2 , 5.46 , 6.0 , 6 , 8
2 , 5.42 , 6.0 , 6 , 8
2 , 5.42 , 6.0 , 6 , 8
2 , 5.42 , 6.0 , 6 , 8
2 , 5.42 , 6.0 , 6 , 8
2 , 5.4 , 6.0 , 6 , 8
2 , 5.4 , 6.0 , 6 , 8
2 , 5.38 , 6.0 , 6 , 8
2 , 5.34 , 6.0 , 6 , 8
2 , 5.3 , 6.0 , 6 , 8
2 , 5.28 , 6.0 , 6 , 8
2 , 5.28 , 6.0 , 6 , 8
2 , 5.28 , 6.0 , 6 , 8
2 , 5.28 , 6.0 , 6 , 8
2 , 5.28 , 6.0 , 6 , 8
2 , 5.26 , 6.0 , 6 , 8
2 , 5.26 , 6.0 , 6 , 8
2 , 5.24 , 6.0 , 6 , 8
2 , 5.24 , 6.0 , 6 , 8
2 , 5.24 , 6.0 , 6 , 8
2 , 5.24 , 6.0 , 6 , 8
2 , 5.22 , 6.0 , 6 , 8
2 , 5.22 , 6.0 , 6 , 8
2 , 5.2 , 6.0 , 6 , 8
2 , 5.14 , 6.0 , 6 , 8
2 , 5.14 , 6.0 , 6 , 8
2 , 5.14 , 6.0 , 6 , 8
2 , 5.14 , 6.0 , 6 , 8
2 , 5.14 , 6.0 , 6 , 8
2 , 5.14 , 6.0 , 6 , 8
2 , 5.12 , 6.0 , 6 , 6
2 , 5.08 , 6.0 , 6 , 6
2 , 5.06 , 6.0 , 6 , 6
2 , 5.06 , 6.0 , 6 , 6
2 , 5.06 , 6.0 , 6 , 6
2 , 5.02 , 6.0 , 6 , 6
2 , 5.02 , 6.0 , 6 , 6
2 , 4.98 , 6.0 , 6 , 6
2 , 4.98 , 6.0 , 6 , 6
2 , 4.98 , 6.0 , 6 , 6
2 , 4.98 , 6.0 , 6 , 6
2 , 4.98 , 6.0 , 6 , 6
2 , 4.98 , 6.0 , 6 , 6
2 , 4.98 , 6.0 , 6 , 6
2 , 4.98 , 6.0 , 6 , 6
2 , 4.98 , 6.0 , 6 , 6
2 , 4.98 , 6.0 , 6 , 6
2 , 4.98 , 6.0 , 6 , 6
2 , 4.96 , 6.0 , 6 , 6
2 , 4.96 , 6.0 , 6 , 6
2 , 4.96 , 6.0 , 6 , 6
2 , 4.96 , 6.0 , 6 , 6
2 , 4.96 , 6.0 , 6 , 6
2 , 4.94 , 6.0 , 6 , 6
2 , 4.92 , 6.0 , 6 , 6
2 , 4.92 , 6.0 , 6 , 6
2 , 4.92 , 6.0 , 6 , 6
2 , 4.92 , 6.0 , 6 , 6
2 , 4.92 , 6.0 , 6 , 6
2 , 4.92 , 6.0 , 6 , 6
2 , 4.9 , 6.0 , 6 , 6
2 , 4.9 , 6.0 , 6 , 6
2 , 4.9 , 6.0 , 6 , 6
2 , 4.9 , 6.0 , 6 , 6
2 , 4.9 , 6.0 , 6 , 6
2 , 4.9 , 6.0 , 6 , 6
2 , 4.9 , 6.0 , 6 , 6
2 , 4.88 , 6.0 , 6 , 6
2 , 4.88 , 6.0 , 6 , 6
2 , 4.88 , 6.0 , 6 , 6
2 , 4.88 , 6.0 , 6 , 6
2 , 4.88 , 6.0 , 6 , 6
2 , 4.88 , 6.0 , 6 , 6
2 , 4.88 , 6.0 , 6 , 6
2 , 4.86 , 6.0 , 6 , 6
2 , 4.86 , 6.0 , 6 , 6
2 , 4.86 , 6.0 , 6 , 6
2 , 4.86 , 6.0 , 6 , 6
2 , 4.86 , 6.0 , 6 , 6
2 , 4.86 , 6.0 , 6 , 6
2 , 4.86 , 6.0 , 6 , 6
2 , 4.86 , 6.0 , 6 , 6
2 , 4.86 , 6.0 , 6 , 6
2 , 4.86 , 6.0 , 6 , 6
2 , 4.86 , 6.0 , 6 , 6
2 , 4.82 , 6.0 , 6 , 6
2 , 4.82 , 6.0 , 6 , 6
2 , 4.82 , 6.0 , 6 , 6
2 , 4.82 , 6.0 , 6 , 6
2 , 4.8 , 6.0 , 6 , 6
2 , 4.8 , 6.0 , 6 , 6
2 , 4.8 , 6.0 , 6 , 6
2 , 4.8 , 6.0 , 6 , 6
2 , 4.8 , 6.0 , 6 , 6
2 , 4.8 , 6.0 , 6 , 6
2 , 4.78 , 6.0 , 6 , 6
2 , 4.78 , 6.0 , 6 , 6
2 , 4.78 , 6.0 , 6 , 6
2 , 4.78 , 6.0 , 6 , 6
2 , 4.78 , 6.0 , 6 , 6
2 , 4.78 , 6.0 , 6 , 6
2 , 4.74 , 5.0 , 6 , 6
2 , 4.74 , 5.0 , 6 , 6
2 , 4.74 , 5.0 , 6 , 6
2 , 4.7 , 4.0 , 6 , 6
2 , 4.7 , 4.0 , 6 , 6
2 , 4.7 , 4.0 , 6 , 6
2 , 4.7 , 4.0 , 6 , 6
2 , 4.7 , 4.0 , 6 , 6
2 , 4.7 , 4.0 , 6 , 6
2 , 4.66 , 4.0 , 6 , 6
2 , 4.66 , 4.0 , 6 , 6
2 , 4.66 , 4.0 , 6 , 6
2 , 4.66 , 4.0 , 6 , 6
2 , 4.64 , 4.0 , 6 , 6
2 , 4.62 , 4.0 , 6 , 6
2 , 4.62 , 4.0 , 6 , 6
2 , 4.62 , 4.0 , 6 , 6
2 , 4.62 , 4.0 , 6 , 6
2 , 4.62 , 4.0 , 6 , 6
2 , 4.62 , 4.0 , 6 , 6
2 , 4.62 , 4.0 , 6 , 6
2 , 4.6 , 4.0 , 6 , 6
2 , 4.6 , 4.0 , 6 , 6
2 , 4.6 , 4.0 , 6 , 6
2 , 4.58 , 4.0 , 6 , 6
2 , 4.58 , 4.0 , 6 , 6
2 , 4.58 , 4.0 , 6 , 6
2 , 4.58 , 4.0 , 6 , 6
2 , 4.58 , 4.0 , 6 , 6
2 , 4.58 , 4.0 , 6 , 6
2 , 4.58 , 4.0 , 6 , 6
2 , 4.58 , 4.0 , 6 , 6
2 , 4.58 , 4.0 , 6 , 6
2 , 4.58 , 4.0 , 6 , 6
2 , 4.58 , 4.0 , 6 , 6
2 , 4.58 , 4.0 , 6 , 6
2 , 4.54 , 4.0 , 6 , 6
2 , 4.54 , 4.0 , 6 , 6
2 , 4.54 , 4.0 , 6 , 6
2 , 4.54 , 4.0 , 6 , 6
2 , 4.52 , 4.0 , 4 , 6
2 , 4.5 , 4.0 , 4 , 6
2 , 4.5 , 4.0 , 4 , 6
2 , 4.5 , 4.0 , 4 , 6
2 , 4.5 , 4.0 , 4 , 6
2 , 4.5 , 4.0 , 4 , 6
2 , 4.5 , 4.0 , 4 , 6
2 , 4.5 , 4.0 , 4 , 6
2 , 4.5 , 4.0 , 4 , 6
2 , 4.5 , 4.0 , 4 , 6
2 , 4.5 , 4.0 , 4 , 6
2 , 4.48 , 4.0 , 4 , 6
2 , 4.48 , 4.0 , 4 , 6
2 , 4.48 , 4.0 , 4 , 6
2 , 4.48 , 4.0 , 4 , 6
2 , 4.48 , 4.0 , 4 , 6
2 , 4.44 , 4.0 , 4 , 6
2 , 4.44 , 4.0 , 4 , 6
2 , 4.44 , 4.0 , 4 , 6
2 , 4.42 , 4.0 , 4 , 6
2 , 4.42 , 4.0 , 4 , 6
2 , 4.42 , 4.0 , 4 , 6
2 , 4.42 , 4.0 , 4 , 6
2 , 4.42 , 4.0 , 4 , 6
2 , 4.42 , 4.0 , 4 , 6
2 , 4.42 , 4.0 , 4 , 6
2 , 4.42 , 4.0 , 4 , 6
2 , 4.42 , 4.0 , 4 , 6
2 , 4.42 , 4.0 , 4 , 6
2 , 4.42 , 4.0 , 4 , 6
2 , 4.42 , 4.0 , 4 , 6
2 , 4.42 , 4.0 , 4 , 6
2 , 4.42 , 4.0 , 4 , 6
2 , 4.42 , 4.0 , 4 , 6
2 , 4.42 , 4.0 , 4 , 6
2 , 4.42 , 4.0 , 4 , 6
2 , 4.42 , 4.0 , 4 , 6
2 , 4.42 , 4.0 , 4 , 6
2 , 4.42 , 4.0 , 4 , 6
2 , 4.42 , 4.0 , 4 , 6
2 , 4.42 , 4.0 , 4 , 6
2 , 4.42 , 4.0 , 4 , 6
2 , 4.38 , 4.0 , 4 , 6
2 , 4.36 , 4.0 , 4 , 6
2 , 4.36 , 4.0 , 4 , 6
2 , 4.36 , 4.0 , 4 , 6
2 , 4.36 , 4.0 , 4 , 6
2 , 4.36 , 4.0 , 4 , 6
2 , 4.34 , 4.0 , 4 , 6
2 , 4.34 , 4.0 , 4 , 6
2 , 4.34 , 4.0 , 4 , 6
2 , 4.34 , 4.0 , 4 , 6
2 , 4.34 , 4.0 , 4 , 6
2 , 4.34 , 4.0 , 4 , 6
2 , 4.34 , 4.0 , 4 , 6
2 , 4.32 , 4.0 , 4 , 6
2 , 4.32 , 4.0 , 4 , 6
2 , 4.32 , 4.0 , 4 , 6
2 , 4.32 , 4.0 , 4 , 6
2 , 4.32 , 4.0 , 4 , 6
2 , 4.32 , 4.0 , 4 , 6
2 , 4.32 , 4.0 , 4 , 6
2 , 4.32 , 4.0 , 4 , 6
2 , 4.32 , 4.0 , 4 , 6
2 , 4.32 , 4.0 , 4 , 6
2 , 4.32 , 4.0 , 4 , 6
2 , 4.32 , 4.0 , 4 , 6
2 , 4.32 , 4.0 , 4 , 6
2 , 4.32 , 4.0 , 4 , 6
2 , 4.32 , 4.0 , 4 , 6
2 , 4.32 , 4.0 , 4 , 6
2 , 4.3 , 4.0 , 4 , 6
2 , 4.3 , 4.0 , 4 , 6
2 , 4.3 , 4.0 , 4 , 6
2 , 4.28 , 4.0 , 4 , 6
2 , 4.28 , 4.0 , 4 , 6
2 , 4.26 , 4.0 , 4 , 6
2 , 4.24 , 4.0 , 4 , 6
2 , 4.24 , 4.0 , 4 , 6
2 , 4.24 , 4.0 , 4 , 6
2 , 4.2 , 4.0 , 4 , 6
2 , 4.2 , 4.0 , 4 , 6
2 , 4.2 , 4.0 , 4 , 6
2 , 4.2 , 4.0 , 4 , 6
2 , 4.2 , 4.0 , 4 , 6
2 , 4.2 , 4.0 , 4 , 6
2 , 4.2 , 4.0 , 4 , 6
2 , 4.2 , 4.0 , 4 , 6
2 , 4.2 , 4.0 , 4 , 6
2 , 4.2 , 4.0 , 4 , 6
2 , 4.18 , 4.0 , 4 , 6
2 , 4.16 , 4.0 , 4 , 6
2 , 4.16 , 4.0 , 4 , 6
2 , 4.16 , 4.0 , 4 , 6
2 , 4.16 , 4.0 , 4 , 6
2 , 4.16 , 4.0 , 4 , 6
2 , 4.12 , 4.0 , 4 , 6
2 , 4.12 , 4.0 , 4 , 6
2 , 4.12 , 4.0 , 4 , 6
2 , 4.08 , 4.0 , 4 , 6
2 , 4.08 , 4.0 , 4 , 6
2 , 4.08 , 4.0 , 4 , 6
2 , 4.04 , 4.0 , 4 , 6
2 , 4.04 , 4.0 , 4 , 6
2 , 4.02 , 4.0 , 4 , 6
2 , 3.96 , 4.0 , 4 , 6
2 , 3.96 , 4.0 , 4 , 6
2 , 3.96 , 4.0 , 4 , 6
2 , 3.96 , 4.0 , 4 , 6
2 , 3.96 , 4.0 , 4 , 6
2 , 3.96 , 4.0 , 4 , 6
2 , 3.96 , 4.0 , 4 , 6
2 , 3.96 , 4.0 , 4 , 6
2 , 3.96 , 4.0 , 4 , 6
2 , 3.96 , 4.0 , 4 , 6
2 , 3.96 , 4.0 , 4 , 6
2 , 3.92 , 4.0 , 4 , 6
2 , 3.9 , 4.0 , 4 , 6
2 , 3.9 , 4.0 , 4 , 6
2 , 3.9 , 4.0 , 4 , 6
2 , 3.9 , 4.0 , 4 , 6
2 , 3.88 , 4.0 , 4 , 6
2 , 3.88 , 4.0 , 4 , 6
2 , 3.88 , 4.0 , 4 , 6
2 , 3.86 , 4.0 , 4 , 6
2 , 3.86 , 4.0 , 4 , 6
2 , 3.86 , 4.0 , 4 , 6
2 , 3.86 , 4.0 , 4 , 6
2 , 3.86 , 4.0 , 4 , 6
2 , 3.86 , 4.0 , 4 , 6
2 , 3.86 , 4.0 , 4 , 6
2 , 3.84 , 4.0 , 4 , 6
2 , 3.84 , 4.0 , 4 , 6
2 , 3.84 , 4.0 , 4 , 6
2 , 3.84 , 4.0 , 4 , 6
2 , 3.84 , 4.0 , 4 , 6
2 , 3.84 , 4.0 , 4 , 6
2 , 3.84 , 4.0 , 4 , 6
0 , 3.78 , 4.0 , 4 , 6
0 , 3.74 , 4.0 , 4 , 6
0 , 3.74 , 4.0 , 4 , 6
0 , 3.74 , 4.0 , 4 , 6
0 , 3.74 , 4.0 , 4 , 6
0 , 3.74 , 4.0 , 4 , 6
0 , 3.74 , 4.0 , 4 , 6
0 , 3.74 , 4.0 , 4 , 6
0 , 3.74 , 4.0 , 4 , 6
0 , 3.74 , 4.0 , 4 , 6
0 , 3.7 , 4.0 , 4 , 6
0 , 3.7 , 4.0 , 4 , 6
0 , 3.7 , 4.0 , 4 , 6
0 , 3.7 , 4.0 , 4 , 6
0 , 3.7 , 4.0 , 4 , 6
0 , 3.7 , 4.0 , 4 , 6
0 , 3.7 , 4.0 , 4 , 6
0 , 3.7 , 4.0 , 4 , 6
0 , 3.66 , 4.0 , 4 , 6
0 , 3.66 , 4.0 , 4 , 6
0 , 3.64 , 4.0 , 4 , 6
0 , 3.64 , 4.0 , 4 , 6
0 , 3.64 , 4.0 , 4 , 6
0 , 3.64 , 4.0 , 4 , 6
0 , 3.64 , 4.0 , 4 , 6
0 , 3.64 , 4.0 , 4 , 6
0 , 3.64 , 4.0 , 4 , 6
0 , 3.64 , 4.0 , 4 , 6
0 , 3.64 , 4.0 , 4 , 6
0 , 3.64 , 4.0 , 4 , 6
0 , 3.64 , 4.0 , 4 , 6
0 , 3.64 , 4.0 , 4 , 6
0 , 3.62 , 4.0 , 4 , 6
0 , 3.56 , 4.0 , 4 , 6
0 , 3.56 , 4.0 , 4 , 6
0 , 3.56 , 4.0 , 4 , 6
0 , 3.56 , 4.0 , 4 , 6
0 , 3.56 , 4.0 , 4 , 6
0 , 3.56 , 4.0 , 4 , 6
0 , 3.56 , 4.0 , 4 , 6
0 , 3.54 , 4.0 , 4 , 6
0 , 3.54 , 4.0 , 4 , 6
0 , 3.54 , 4.0 , 4 , 6
0 , 3.54 , 4.0 , 4 , 6
0 , 3.52 , 4.0 , 4 , 6
0 , 3.52 , 4.0 , 4 , 6
0 , 3.5 , 4.0 , 4 , 6
0 , 3.46 , 4.0 , 4 , 6
0 , 3.46 , 4.0 , 4 , 6
0 , 3.46 , 4.0 , 4 , 6
0 , 3.46 , 4.0 , 4 , 6
0 , 3.46 , 4.0 , 4 , 6
0 , 3.46 , 4.0 , 4 , 6
0 , 3.46 , 4.0 , 4 , 6
0 , 3.44 , 4.0 , 4 , 6
0 , 3.44 , 4.0 , 4 , 6
0 , 3.44 , 4.0 , 4 , 6
0 , 3.4 , 4.0 , 4 , 6
0 , 3.4 , 4.0 , 4 , 6
0 , 3.4 , 4.0 , 4 , 6
0 , 3.4 , 4.0 , 4 , 6
0 , 3.4 , 4.0 , 4 , 6
0 , 3.4 , 4.0 , 4 , 6
0 , 3.4 , 4.0 , 4 , 6
0 , 3.4 , 4.0 , 4 , 6
0 , 3.4 , 4.0 , 4 , 6
0 , 3.4 , 4.0 , 4 , 6
0 , 3.4 , 4.0 , 4 , 6
0 , 3.36 , 4.0 , 4 , 4
0 , 3.36 , 4.0 , 4 , 4
0 , 3.36 , 4.0 , 4 , 4
0 , 3.36 , 4.0 , 4 , 4
0 , 3.36 , 4.0 , 4 , 4
0 , 3.36 , 4.0 , 4 , 4
0 , 3.36 , 4.0 , 4 , 4
0 , 3.36 , 4.0 , 4 , 4
0 , 3.36 , 4.0 , 4 , 4
0 , 3.36 , 4.0 , 4 , 4
0 , 3.36 , 4.0 , 4 , 4
0 , 3.36 , 4.0 , 4 , 4
0 , 3.36 , 4.0 , 4 , 4
0 , 3.36 , 4.0 , 4 , 4
0 , 3.36 , 4.0 , 4 , 4
0 , 3.36 , 4.0 , 4 , 4
0 , 3.36 , 4.0 , 4 , 4
0 , 3.34 , 4.0 , 4 , 4
0 , 3.34 , 4.0 , 4 , 4
0 , 3.34 , 4.0 , 4 , 4
0 , 3.32 , 4.0 , 4 , 4
0 , 3.32 , 4.0 , 4 , 4
0 , 3.32 , 4.0 , 4 , 4
0 , 3.32 , 4.0 , 4 , 4
0 , 3.32 , 4.0 , 4 , 4
0 , 3.32 , 4.0 , 4 , 4
0 , 3.32 , 4.0 , 4 , 4
0 , 3.32 , 4.0 , 4 , 4
0 , 3.32 , 4.0 , 4 , 4
0 , 3.32 , 4.0 , 4 , 4
0 , 3.32 , 4.0 , 4 , 4
0 , 3.32 , 4.0 , 4 , 4
0 , 3.32 , 4.0 , 4 , 4
0 , 3.32 , 4.0 , 4 , 4
0 , 3.32 , 4.0 , 4 , 4
0 , 3.32 , 4.0 , 4 , 4
0 , 3.32 , 4.0 , 4 , 4
0 , 3.32 , 4.0 , 4 , 4
0 , 3.32 , 4.0 , 4 , 4
0 , 3.32 , 4.0 , 4 , 4
0 , 3.32 , 4.0 , 4 , 4
0 , 3.32 , 4.0 , 4 , 4
0 , 3.32 , 4.0 , 4 , 4
0 , 3.32 , 4.0 , 4 , 4
0 , 3.32 , 4.0 , 4 , 4
0 , 3.32 , 4.0 , 4 , 4
0 , 3.32 , 4.0 , 4 , 4
0 , 3.32 , 4.0 , 4 , 4
0 , 3.32 , 4.0 , 4 , 4
0 , 3.32 , 4.0 , 4 , 4
0 , 3.32 , 4.0 , 4 , 4
0 , 3.32 , 4.0 , 4 , 4
0 , 3.32 , 4.0 , 4 , 4
0 , 3.32 , 4.0 , 4 , 4
0 , 3.32 , 4.0 , 4 , 4
0 , 3.32 , 4.0 , 4 , 4
0 , 3.32 , 4.0 , 4 , 4
0 , 3.32 , 4.0 , 4 , 4
0 , 3.3 , 4.0 , 4 , 4
0 , 3.3 , 4.0 , 4 , 4
0 , 3.3 , 4.0 , 4 , 4
0 , 3.3 , 4.0 , 4 , 4
0 , 3.3 , 4.0 , 4 , 4
0 , 3.3 , 4.0 , 4 , 4
0 , 3.3 , 4.0 , 4 , 4
0 , 3.3 , 4.0 , 4 , 4
0 , 3.3 , 4.0 , 4 , 4
0 , 3.3 , 4.0 , 4 , 4
0 , 3.3 , 4.0 , 4 , 4
0 , 3.28 , 4.0 , 4 , 4
0 , 3.28 , 4.0 , 4 , 4
0 , 3.28 , 4.0 , 4 , 4
0 , 3.28 , 4.0 , 4 , 4
0 , 3.28 , 4.0 , 4 , 4
0 , 3.28 , 4.0 , 4 , 4
0 , 3.28 , 4.0 , 4 , 4
0 , 3.28 , 4.0 , 4 , 4
0 , 3.28 , 4.0 , 4 , 4
0 , 3.28 , 4.0 , 4 , 4
0 , 3.28 , 4.0 , 4 , 4
0 , 3.24 , 4.0 , 4 , 4
0 , 3.24 , 4.0 , 4 , 4
0 , 3.24 , 4.0 , 4 , 4
0 , 3.24 , 4.0 , 4 , 4
0 , 3.24 , 4.0 , 4 , 4
0 , 3.22 , 4.0 , 4 , 4
0 , 3.22 , 4.0 , 4 , 4
0 , 3.22 , 4.0 , 4 , 4
0 , 3.22 , 4.0 , 4 , 4
0 , 3.22 , 4.0 , 4 , 4
0 , 3.22 , 4.0 , 4 , 4
0 , 3.22 , 4.0 , 4 , 4
0 , 3.22 , 4.0 , 4 , 4
0 , 3.22 , 4.0 , 4 , 4
0 , 3.22 , 4.0 , 4 , 4
0 , 3.22 , 4.0 , 4 , 4
0 , 3.22 , 4.0 , 4 , 4
0 , 3.22 , 4.0 , 4 , 4
0 , 3.22 , 4.0 , 4 , 4
0 , 3.22 , 4.0 , 4 , 4
0 , 3.22 , 4.0 , 4 , 4
0 , 3.22 , 4.0 , 4 , 4
0 , 3.22 , 4.0 , 4 , 4
0 , 3.22 , 4.0 , 4 , 4
0 , 3.22 , 4.0 , 4 , 4
0 , 3.22 , 4.0 , 4 , 4
0 , 3.22 , 4.0 , 4 , 4
0 , 3.22 , 4.0 , 4 , 4
0 , 3.22 , 4.0 , 4 , 4
0 , 3.22 , 4.0 , 4 , 4
0 , 3.2 , 4.0 , 4 , 4
0 , 3.2 , 4.0 , 4 , 4
0 , 3.2 , 4.0 , 4 , 4
0 , 3.2 , 4.0 , 4 , 4
0 , 3.2 , 4.0 , 4 , 4
0 , 3.2 , 4.0 , 4 , 4
0 , 3.2 , 4.0 , 4 , 4
0 , 3.2 , 4.0 , 4 , 4
0 , 3.2 , 4.0 , 4 , 4
0 , 3.2 , 4.0 , 4 , 4
0 , 3.2 , 4.0 , 4 , 4
0 , 3.2 , 4.0 , 4 , 4
0 , 3.2 , 4.0 , 4 , 4
0 , 3.2 , 4.0 , 4 , 4
0 , 3.2 , 4.0 , 4 , 4
0 , 3.18 , 4.0 , 4 , 4
0 , 3.16 , 4.0 , 4 , 4
0 , 3.16 , 4.0 , 4 , 4
0 , 3.16 , 4.0 , 4 , 4
0 , 3.16 , 4.0 , 4 , 4
0 , 3.16 , 4.0 , 4 , 4
0 , 3.16 , 4.0 , 4 , 4
0 , 3.16 , 4.0 , 4 , 4
0 , 3.16 , 4.0 , 4 , 4
0 , 3.16 , 4.0 , 4 , 4
0 , 3.16 , 4.0 , 4 , 4
0 , 3.16 , 4.0 , 4 , 4
0 , 3.16 , 4.0 , 4 , 4
0 , 3.16 , 4.0 , 4 , 4
0 , 3.16 , 4.0 , 4 , 4
0 , 3.16 , 4.0 , 4 , 4
0 , 3.16 , 4.0 , 4 , 4
0 , 3.16 , 4.0 , 4 , 4
0 , 3.14 , 4.0 , 4 , 4
0 , 3.14 , 4.0 , 4 , 4
0 , 3.14 , 4.0 , 4 , 4
0 , 3.14 , 4.0 , 4 , 4
0 , 3.14 , 4.0 , 4 , 4
0 , 3.12 , 4.0 , 4 , 4
0 , 3.12 , 4.0 , 4 , 4
0 , 3.12 , 4.0 , 4 , 4
0 , 3.12 , 4.0 , 4 , 4
0 , 3.12 , 4.0 , 4 , 4
0 , 3.12 , 4.0 , 4 , 4
0 , 3.12 , 4.0 , 4 , 4
0 , 3.12 , 4.0 , 4 , 4
0 , 3.12 , 4.0 , 4 , 4
0 , 3.12 , 4.0 , 4 , 4
0 , 3.12 , 4.0 , 4 , 4
0 , 3.12 , 4.0 , 4 , 4
0 , 3.12 , 4.0 , 4 , 4
0 , 3.12 , 4.0 , 4 , 4
0 , 3.08 , 4.0 , 4 , 4
0 , 3.08 , 4.0 , 4 , 4
0 , 3.08 , 4.0 , 4 , 4
0 , 3.08 , 4.0 , 4 , 4
0 , 3.08 , 4.0 , 4 , 4
0 , 3.08 , 4.0 , 4 , 4
0 , 3.08 , 4.0 , 4 , 4
0 , 3.08 , 4.0 , 4 , 4
0 , 3.08 , 4.0 , 4 , 4
0 , 3.08 , 4.0 , 4 , 4
0 , 3.08 , 4.0 , 4 , 4
0 , 3.08 , 4.0 , 4 , 4
0 , 3.08 , 4.0 , 4 , 4
0 , 3.08 , 4.0 , 4 , 4
0 , 3.08 , 4.0 , 4 , 4
0 , 3.08 , 4.0 , 4 , 4
0 , 3.08 , 4.0 , 4 , 4
0 , 3.08 , 4.0 , 4 , 4
0 , 3.08 , 4.0 , 4 , 4
0 , 3.08 , 4.0 , 4 , 4
0 , 3.08 , 4.0 , 4 , 4
0 , 3.08 , 4.0 , 4 , 4
0 , 3.08 , 4.0 , 4 , 4
0 , 3.08 , 4.0 , 4 , 4
0 , 3.08 , 4.0 , 4 , 4
0 , 3.08 , 4.0 , 4 , 4
0 , 3.08 , 4.0 , 4 , 4
0 , 3.08 , 4.0 , 4 , 4
0 , 3.08 , 4.0 , 4 , 4
0 , 3.08 , 4.0 , 4 , 4
0 , 3.08 , 4.0 , 4 , 4
0 , 3.08 , 4.0 , 4 , 4
0 , 3.06 , 4.0 , 4 , 4
0 , 3.06 , 4.0 , 4 , 4
0 , 3.06 , 4.0 , 4 , 4
0 , 3.06 , 4.0 , 4 , 4
0 , 3.06 , 4.0 , 4 , 4
0 , 3.06 , 4.0 , 4 , 4
0 , 3.06 , 4.0 , 4 , 4
0 , 3.06 , 4.0 , 4 , 4
0 , 3.06 , 4.0 , 4 , 4
0 , 3.06 , 4.0 , 4 , 4
0 , 3.04 , 4.0 , 4 , 4
0 , 3.02 , 4.0 , 4 , 4
0 , 3.02 , 4.0 , 4 , 4
0 , 3.02 , 4.0 , 4 , 4
0 , 3.02 , 4.0 , 4 , 4
0 , 3.02 , 4.0 , 4 , 4
0 , 3.02 , 4.0 , 4 , 4
0 , 3.02 , 4.0 , 4 , 4
0 , 3.02 , 4.0 , 4 , 4
0 , 3.02 , 4.0 , 4 , 4
0 , 3.02 , 4.0 , 4 , 4
0 , 3.0 , 4.0 , 4 , 4
0 , 3.0 , 4.0 , 4 , 4
0 , 3.0 , 4.0 , 4 , 4
0 , 3.0 , 4.0 , 4 , 4
0 , 3.0 , 4.0 , 4 , 4
0 , 3.0 , 4.0 , 4 , 4
0 , 3.0 , 4.0 , 4 , 4
0 , 2.98 , 4.0 , 4 , 4
0 , 2.98 , 4.0 , 4 , 4
0 , 2.96 , 4.0 , 4 , 4
0 , 2.96 , 4.0 , 4 , 4
0 , 2.96 , 4.0 , 4 , 4
0 , 2.96 , 4.0 , 4 , 4
0 , 2.96 , 4.0 , 4 , 4
0 , 2.96 , 4.0 , 4 , 4
0 , 2.96 , 4.0 , 4 , 4
0 , 2.96 , 4.0 , 4 , 4
0 , 2.96 , 4.0 , 4 , 4
0 , 2.96 , 4.0 , 4 , 4
0 , 2.96 , 4.0 , 4 , 4
0 , 2.94 , 4.0 , 4 , 4
0 , 2.94 , 4.0 , 4 , 4
0 , 2.94 , 4.0 , 4 , 4
0 , 2.94 , 4.0 , 4 , 4
0 , 2.94 , 4.0 , 4 , 4
0 , 2.94 , 4.0 , 4 , 4
0 , 2.94 , 4.0 , 4 , 4
0 , 2.94 , 4.0 , 4 , 4
0 , 2.94 , 4.0 , 4 , 4
0 , 2.94 , 4.0 , 4 , 4
0 , 2.94 , 4.0 , 4 , 4
0 , 2.94 , 4.0 , 4 , 4
0 , 2.94 , 4.0 , 4 , 4
0 , 2.94 , 4.0 , 4 , 4
0 , 2.94 , 4.0 , 4 , 4
0 , 2.94 , 4.0 , 4 , 4
0 , 2.94 , 4.0 , 4 , 4
0 , 2.94 , 4.0 , 4 , 4
0 , 2.94 , 4.0 , 4 , 4
0 , 2.94 , 4.0 , 4 , 4
0 , 2.94 , 4.0 , 4 , 4
0 , 2.94 , 4.0 , 4 , 4
0 , 2.94 , 4.0 , 4 , 4
0 , 2.94 , 4.0 , 4 , 4
0 , 2.92 , 3.0 , 4 , 4
0 , 2.92 , 3.0 , 4 , 4
0 , 2.92 , 3.0 , 4 , 4
0 , 2.92 , 3.0 , 4 , 4
0 , 2.92 , 3.0 , 4 , 4
0 , 2.92 , 3.0 , 4 , 4
0 , 2.92 , 3.0 , 4 , 4
0 , 2.9 , 2.0 , 4 , 4
0 , 2.9 , 2.0 , 4 , 4
0 , 2.9 , 2.0 , 4 , 4
0 , 2.9 , 2.0 , 4 , 4
0 , 2.9 , 2.0 , 4 , 4
0 , 2.88 , 2.0 , 2 , 4
0 , 2.88 , 2.0 , 2 , 4
0 , 2.88 , 2.0 , 2 , 4
0 , 2.86 , 2.0 , 2 , 4
0 , 2.86 , 2.0 , 2 , 4
0 , 2.86 , 2.0 , 2 , 4
0 , 2.86 , 2.0 , 2 , 4
0 , 2.86 , 2.0 , 2 , 4
0 , 2.86 , 2.0 , 2 , 4
0 , 2.86 , 2.0 , 2 , 4
0 , 2.86 , 2.0 , 2 , 4
0 , 2.86 , 2.0 , 2 , 4
0 , 2.86 , 2.0 , 2 , 4
0 , 2.86 , 2.0 , 2 , 4
0 , 2.86 , 2.0 , 2 , 4
0 , 2.86 , 2.0 , 2 , 4
0 , 2.84 , 2.0 , 2 , 4
0 , 2.84 , 2.0 , 2 , 4
0 , 2.84 , 2.0 , 2 , 4
0 , 2.84 , 2.0 , 2 , 4
0 , 2.84 , 2.0 , 2 , 4
0 , 2.84 , 2.0 , 2 , 4
0 , 2.84 , 2.0 , 2 , 4
0 , 2.84 , 2.0 , 2 , 4
0 , 2.84 , 2.0 , 2 , 4
0 , 2.84 , 2.0 , 2 , 4
0 , 2.84 , 2.0 , 2 , 4
0 , 2.84 , 2.0 , 2 , 4
0 , 2.84 , 2.0 , 2 , 4
0 , 2.84 , 2.0 , 2 , 4
0 , 2.84 , 2.0 , 2 , 4
0 , 2.84 , 2.0 , 2 , 4
0 , 2.84 , 2.0 , 2 , 4
0 , 2.84 , 2.0 , 2 , 4
0 , 2.84 , 2.0 , 2 , 4
0 , 2.82 , 2.0 , 2 , 4
0 , 2.82 , 2.0 , 2 , 4
0 , 2.82 , 2.0 , 2 , 4
0 , 2.82 , 2.0 , 2 , 4
0 , 2.82 , 2.0 , 2 , 4
0 , 2.78 , 2.0 , 2 , 4
0 , 2.78 , 2.0 , 2 , 4
0 , 2.76 , 2.0 , 2 , 4
0 , 2.76 , 2.0 , 2 , 4
0 , 2.76 , 2.0 , 2 , 4
0 , 2.76 , 2.0 , 2 , 4
0 , 2.76 , 2.0 , 2 , 4
0 , 2.76 , 2.0 , 2 , 4
0 , 2.76 , 2.0 , 2 , 4
0 , 2.76 , 2.0 , 2 , 4
0 , 2.76 , 2.0 , 2 , 4
0 , 2.76 , 2.0 , 2 , 4
0 , 2.76 , 2.0 , 2 , 4
0 , 2.76 , 2.0 , 2 , 4
0 , 2.76 , 2.0 , 2 , 4
0 , 2.76 , 2.0 , 2 , 4
0 , 2.76 , 2.0 , 2 , 4
0 , 2.76 , 2.0 , 2 , 4
0 , 2.76 , 2.0 , 2 , 4
0 , 2.76 , 2.0 , 2 , 4
0 , 2.76 , 2.0 , 2 , 4
0 , 2.76 , 2.0 , 2 , 4
0 , 2.76 , 2.0 , 2 , 4
0 , 2.76 , 2.0 , 2 , 4
0 , 2.76 , 2.0 , 2 , 4
0 , 2.76 , 2.0 , 2 , 4
0 , 2.76 , 2.0 , 2 , 4
0 , 2.76 , 2.0 , 2 , 4
0 , 2.76 , 2.0 , 2 , 4
0 , 2.74 , 2.0 , 2 , 4
0 , 2.74 , 2.0 , 2 , 4
0 , 2.72 , 2.0 , 2 , 4
0 , 2.72 , 2.0 , 2 , 4
0 , 2.72 , 2.0 , 2 , 4
0 , 2.72 , 2.0 , 2 , 4
0 , 2.72 , 2.0 , 2 , 4
0 , 2.72 , 2.0 , 2 , 4
0 , 2.72 , 2.0 , 2 , 4
0 , 2.72 , 2.0 , 2 , 4
0 , 2.72 , 2.0 , 2 , 4
0 , 2.72 , 2.0 , 2 , 4
0 , 2.72 , 2.0 , 2 , 4
0 , 2.72 , 2.0 , 2 , 4
0 , 2.72 , 2.0 , 2 , 4
0 , 2.72 , 2.0 , 2 , 4
0 , 2.72 , 2.0 , 2 , 4
0 , 2.72 , 2.0 , 2 , 4
0 , 2.72 , 2.0 , 2 , 4
0 , 2.72 , 2.0 , 2 , 4
0 , 2.72 , 2.0 , 2 , 4
0 , 2.72 , 2.0 , 2 , 4
0 , 2.72 , 2.0 , 2 , 4
0 , 2.72 , 2.0 , 2 , 4
0 , 2.7 , 2.0 , 2 , 4
0 , 2.7 , 2.0 , 2 , 4
0 , 2.7 , 2.0 , 2 , 4
0 , 2.7 , 2.0 , 2 , 4
0 , 2.7 , 2.0 , 2 , 4
0 , 2.7 , 2.0 , 2 , 4
0 , 2.7 , 2.0 , 2 , 4
0 , 2.68 , 2.0 , 2 , 4
0 , 2.68 , 2.0 , 2 , 4
0 , 2.68 , 2.0 , 2 , 4
0 , 2.68 , 2.0 , 2 , 4
0 , 2.68 , 2.0 , 2 , 4
0 , 2.68 , 2.0 , 2 , 4
0 , 2.66 , 2.0 , 2 , 4
0 , 2.64 , 2.0 , 2 , 4
0 , 2.64 , 2.0 , 2 , 4
0 , 2.64 , 2.0 , 2 , 4
0 , 2.64 , 2.0 , 2 , 4
0 , 2.64 , 2.0 , 2 , 4
0 , 2.64 , 2.0 , 2 , 4
0 , 2.6 , 2.0 , 2 , 4
0 , 2.6 , 2.0 , 2 , 4
0 , 2.6 , 2.0 , 2 , 4
0 , 2.6 , 2.0 , 2 , 4
0 , 2.6 , 2.0 , 2 , 4
0 , 2.6 , 2.0 , 2 , 4
0 , 2.6 , 2.0 , 2 , 4
0 , 2.6 , 2.0 , 2 , 4
0 , 2.6 , 2.0 , 2 , 4
0 , 2.6 , 2.0 , 2 , 4
0 , 2.6 , 2.0 , 2 , 4
0 , 2.6 , 2.0 , 2 , 4
0 , 2.6 , 2.0 , 2 , 4
0 , 2.6 , 2.0 , 2 , 4
0 , 2.6 , 2.0 , 2 , 4
0 , 2.6 , 2.0 , 2 , 4
0 , 2.6 , 2.0 , 2 , 4
0 , 2.6 , 2.0 , 2 , 4
0 , 2.6 , 2.0 , 2 , 4
0 , 2.6 , 2.0 , 2 , 4
0 , 2.58 , 2.0 , 2 , 4
0 , 2.58 , 2.0 , 2 , 4
0 , 2.58 , 2.0 , 2 , 4
0 , 2.58 , 2.0 , 2 , 4
0 , 2.58 , 2.0 , 2 , 4
0 , 2.58 , 2.0 , 2 , 4
0 , 2.58 , 2.0 , 2 , 4
0 , 2.58 , 2.0 , 2 , 4
0 , 2.58 , 2.0 , 2 , 4
0 , 2.58 , 2.0 , 2 , 4
0 , 2.58 , 2.0 , 2 , 4
0 , 2.56 , 2.0 , 2 , 4
0 , 2.56 , 2.0 , 2 , 4
0 , 2.56 , 2.0 , 2 , 4
0 , 2.56 , 2.0 , 2 , 4
0 , 2.52 , 2.0 , 2 , 4
0 , 2.52 , 2.0 , 2 , 4
0 , 2.52 , 2.0 , 2 , 4
0 , 2.52 , 2.0 , 2 , 4
0 , 2.52 , 2.0 , 2 , 4
0 , 2.52 , 2.0 , 2 , 4
0 , 2.52 , 2.0 , 2 , 4
0 , 2.52 , 2.0 , 2 , 4
0 , 2.52 , 2.0 , 2 , 4
0 , 2.52 , 2.0 , 2 , 4
0 , 2.52 , 2.0 , 2 , 4
0 , 2.52 , 2.0 , 2 , 4
0 , 2.52 , 2.0 , 2 , 4
0 , 2.52 , 2.0 , 2 , 4
0 , 2.52 , 2.0 , 2 , 4
0 , 2.52 , 2.0 , 2 , 4
0 , 2.52 , 2.0 , 2 , 4
0 , 2.52 , 2.0 , 2 , 4
0 , 2.5 , 2.0 , 2 , 4
0 , 2.5 , 2.0 , 2 , 4
0 , 2.5 , 2.0 , 2 , 4
0 , 2.5 , 2.0 , 2 , 4
0 , 2.48 , 2.0 , 2 , 4
0 , 2.48 , 2.0 , 2 , 4
0 , 2.46 , 2.0 , 2 , 4
0 , 2.46 , 2.0 , 2 , 4
0 , 2.46 , 2.0 , 2 , 4
0 , 2.46 , 2.0 , 2 , 4
0 , 2.46 , 2.0 , 2 , 4
0 , 2.46 , 2.0 , 2 , 4
0 , 2.44 , 2.0 , 2 , 4
0 , 2.44 , 2.0 , 2 , 4
0 , 2.44 , 2.0 , 2 , 4
0 , 2.44 , 2.0 , 2 , 4
0 , 2.42 , 2.0 , 2 , 4
0 , 2.42 , 2.0 , 2 , 4
0 , 2.42 , 2.0 , 2 , 4
0 , 2.42 , 2.0 , 2 , 4
0 , 2.42 , 2.0 , 2 , 4
0 , 2.42 , 2.0 , 2 , 4
0 , 2.42 , 2.0 , 2 , 4
0 , 2.42 , 2.0 , 2 , 4
0 , 2.42 , 2.0 , 2 , 4
0 , 2.42 , 2.0 , 2 , 4
0 , 2.42 , 2.0 , 2 , 4
0 , 2.42 , 2.0 , 2 , 4
0 , 2.42 , 2.0 , 2 , 4
0 , 2.42 , 2.0 , 2 , 4
0 , 2.4 , 2.0 , 2 , 4
0 , 2.4 , 2.0 , 2 , 4
0 , 2.4 , 2.0 , 2 , 4
0 , 2.4 , 2.0 , 2 , 4
0 , 2.4 , 2.0 , 2 , 4
0 , 2.4 , 2.0 , 2 , 4
0 , 2.4 , 2.0 , 2 , 4
0 , 2.4 , 2.0 , 2 , 4
0 , 2.38 , 2.0 , 2 , 4
0 , 2.38 , 2.0 , 2 , 4
0 , 2.38 , 2.0 , 2 , 4
0 , 2.38 , 2.0 , 2 , 4
0 , 2.38 , 2.0 , 2 , 4
0 , 2.38 , 2.0 , 2 , 4
0 , 2.38 , 2.0 , 2 , 4
0 , 2.38 , 2.0 , 2 , 4
0 , 2.38 , 2.0 , 2 , 4
0 , 2.38 , 2.0 , 2 , 4
0 , 2.38 , 2.0 , 2 , 4
0 , 2.38 , 2.0 , 2 , 4
0 , 2.38 , 2.0 , 2 , 4
0 , 2.38 , 2.0 , 2 , 4
0 , 2.38 , 2.0 , 2 , 4
0 , 2.38 , 2.0 , 2 , 4
0 , 2.38 , 2.0 , 2 , 4
0 , 2.38 , 2.0 , 2 , 4
0 , 2.38 , 2.0 , 2 , 4
0 , 2.38 , 2.0 , 2 , 4
0 , 2.38 , 2.0 , 2 , 4
0 , 2.38 , 2.0 , 2 , 4
0 , 2.38 , 2.0 , 2 , 4
0 , 2.38 , 2.0 , 2 , 4
0 , 2.38 , 2.0 , 2 , 4
0 , 2.38 , 2.0 , 2 , 4
0 , 2.38 , 2.0 , 2 , 4
0 , 2.38 , 2.0 , 2 , 4
0 , 2.38 , 2.0 , 2 , 4
0 , 2.38 , 2.0 , 2 , 4
0 , 2.38 , 2.0 , 2 , 4
0 , 2.38 , 2.0 , 2 , 4
0 , 2.38 , 2.0 , 2 , 4
0 , 2.38 , 2.0 , 2 , 4
0 , 2.38 , 2.0 , 2 , 4
0 , 2.38 , 2.0 , 2 , 4
0 , 2.38 , 2.0 , 2 , 4
0 , 2.38 , 2.0 , 2 , 4
0 , 2.38 , 2.0 , 2 , 4
0 , 2.38 , 2.0 , 2 , 4
0 , 2.38 , 2.0 , 2 , 4
0 , 2.38 , 2.0 , 2 , 4
0 , 2.38 , 2.0 , 2 , 4
0 , 2.38 , 2.0 , 2 , 4
0 , 2.38 , 2.0 , 2 , 4
0 , 2.38 , 2.0 , 2 , 4
0 , 2.38 , 2.0 , 2 , 4
0 , 2.38 , 2.0 , 2 , 4
0 , 2.38 , 2.0 , 2 , 4
0 , 2.38 , 2.0 , 2 , 4
0 , 2.38 , 2.0 , 2 , 4
0 , 2.36 , 2.0 , 2 , 4
0 , 2.36 , 2.0 , 2 , 4
0 , 2.36 , 2.0 , 2 , 4
0 , 2.36 , 2.0 , 2 , 4
0 , 2.36 , 2.0 , 2 , 4
0 , 2.36 , 2.0 , 2 , 4
0 , 2.36 , 2.0 , 2 , 4
0 , 2.36 , 2.0 , 2 , 4
0 , 2.36 , 2.0 , 2 , 4
0 , 2.34 , 2.0 , 2 , 4
0 , 2.34 , 2.0 , 2 , 4
0 , 2.32 , 2.0 , 2 , 4
0 , 2.32 , 2.0 , 2 , 4
0 , 2.32 , 2.0 , 2 , 4
0 , 2.32 , 2.0 , 2 , 4
0 , 2.3 , 2.0 , 2 , 4
7  Perfect solutions
perfect solution individuals [[4, 2, 7, 3, 6, 0, 5, 1], [6, 2, 7, 1, 4, 0, 5, 3], [1, 7, 5, 0, 2, 4, 6, 3], [3, 5, 7, 1, 6, 0, 2, 4], [5, 2, 0, 6, 4, 7, 1, 3], [4, 0, 7, 5, 2, 6, 1, 3], [6, 2, 0, 5, 7, 4, 1, 3]]
