2 , 9.24 , 8.0 , 8 , 18
2 , 9.02 , 8.0 , 8 , 16
2 , 8.84 , 8.0 , 8 , 16
2 , 8.66 , 8.0 , 8 , 16
2 , 8.66 , 8.0 , 8 , 16
2 , 8.64 , 8.0 , 8 , 16
2 , 8.5 , 8.0 , 8 , 16
2 , 8.4 , 8.0 , 8 , 16
2 , 8.28 , 8.0 , 8 , 14
2 , 8.28 , 8.0 , 8 , 14
2 , 8.14 , 8.0 , 8 , 14
2 , 8.04 , 8.0 , 8 , 14
2 , 7.86 , 8.0 , 8 , 12
2 , 7.82 , 8.0 , 8 , 12
2 , 7.8 , 8.0 , 8 , 12
2 , 7.76 , 8.0 , 8 , 12
2 , 7.72 , 8.0 , 8 , 12
2 , 7.62 , 8.0 , 8 , 12
2 , 7.52 , 8.0 , 8 , 12
2 , 7.48 , 8.0 , 8 , 12
2 , 7.42 , 8.0 , 8 , 10
2 , 7.42 , 8.0 , 8 , 10
2 , 7.42 , 8.0 , 8 , 10
2 , 7.36 , 8.0 , 8 , 10
2 , 7.32 , 8.0 , 8 , 10
2 , 7.26 , 8.0 , 8 , 10
2 , 7.16 , 8.0 , 8 , 10
2 , 7.12 , 8.0 , 8 , 10
2 , 7.1 , 8.0 , 8 , 10
2 , 7.1 , 8.0 , 8 , 10
0 , 7.0 , 8.0 , 8 , 10
0 , 6.98 , 8.0 , 8 , 10
0 , 6.9 , 8.0 , 8 , 10
0 , 6.88 , 8.0 , 8 , 10
0 , 6.8 , 8.0 , 8 , 10
0 , 6.72 , 8.0 , 8 , 10
0 , 6.6 , 8.0 , 8 , 10
0 , 6.56 , 7.0 , 8 , 10
0 , 6.56 , 7.0 , 8 , 10
0 , 6.54 , 7.0 , 8 , 10
0 , 6.5 , 7.0 , 8 , 10
0 , 6.44 , 6.0 , 8 , 10
0 , 6.44 , 6.0 , 8 , 10
0 , 6.44 , 6.0 , 8 , 10
0 , 6.36 , 6.0 , 8 , 8
0 , 6.34 , 6.0 , 8 , 8
0 , 6.28 , 6.0 , 8 , 8
0 , 6.28 , 6.0 , 8 , 8
0 , 6.28 , 6.0 , 8 , 8
0 , 6.26 , 6.0 , 8 , 8
0 , 6.24 , 6.0 , 8 , 8
0 , 6.22 , 6.0 , 8 , 8
0 , 6.2 , 6.0 , 8 , 8
0 , 6.18 , 6.0 , 8 , 8
0 , 6.16 , 6.0 , 8 , 8
0 , 6.12 , 6.0 , 8 , 8
0 , 6.12 , 6.0 , 8 , 8
0 , 6.12 , 6.0 , 8 , 8
0 , 6.1 , 6.0 , 6 , 8
0 , 6.1 , 6.0 , 6 , 8
0 , 6.06 , 6.0 , 6 , 8
0 , 6.06 , 6.0 , 6 , 8
0 , 6.06 , 6.0 , 6 , 8
0 , 6.06 , 6.0 , 6 , 8
0 , 6.06 , 6.0 , 6 , 8
0 , 6.06 , 6.0 , 6 , 8
0 , 6.06 , 6.0 , 6 , 8
0 , 6.04 , 6.0 , 6 , 8
0 , 6.0 , 6.0 , 6 , 8
0 , 6.0 , 6.0 , 6 , 8
0 , 5.98 , 6.0 , 6 , 8
0 , 5.92 , 6.0 , 6 , 8
0 , 5.9 , 6.0 , 6 , 8
0 , 5.88 , 6.0 , 6 , 8
0 , 5.86 , 6.0 , 6 , 8
0 , 5.86 , 6.0 , 6 , 8
0 , 5.86 , 6.0 , 6 , 8
0 , 5.86 , 6.0 , 6 , 8
0 , 5.86 , 6.0 , 6 , 8
0 , 5.84 , 6.0 , 6 , 8
0 , 5.84 , 6.0 , 6 , 8
0 , 5.82 , 6.0 , 6 , 8
0 , 5.78 , 6.0 , 6 , 8
0 , 5.78 , 6.0 , 6 , 8
0 , 5.78 , 6.0 , 6 , 8
0 , 5.78 , 6.0 , 6 , 8
0 , 5.78 , 6.0 , 6 , 8
0 , 5.7 , 6.0 , 6 , 8
0 , 5.7 , 6.0 , 6 , 8
0 , 5.68 , 6.0 , 6 , 8
0 , 5.68 , 6.0 , 6 , 8
0 , 5.68 , 6.0 , 6 , 8
0 , 5.66 , 6.0 , 6 , 8
0 , 5.6 , 6.0 , 6 , 8
0 , 5.6 , 6.0 , 6 , 8
0 , 5.58 , 6.0 , 6 , 8
0 , 5.58 , 6.0 , 6 , 8
0 , 5.56 , 6.0 , 6 , 8
0 , 5.56 , 6.0 , 6 , 8
0 , 5.56 , 6.0 , 6 , 8
0 , 5.56 , 6.0 , 6 , 8
0 , 5.56 , 6.0 , 6 , 8
0 , 5.56 , 6.0 , 6 , 8
0 , 5.56 , 6.0 , 6 , 8
0 , 5.54 , 6.0 , 6 , 8
0 , 5.52 , 6.0 , 6 , 8
0 , 5.5 , 6.0 , 6 , 8
0 , 5.44 , 6.0 , 6 , 8
0 , 5.42 , 6.0 , 6 , 8
0 , 5.42 , 6.0 , 6 , 8
0 , 5.42 , 6.0 , 6 , 8
0 , 5.4 , 6.0 , 6 , 8
0 , 5.34 , 6.0 , 6 , 8
0 , 5.34 , 6.0 , 6 , 8
0 , 5.34 , 6.0 , 6 , 8
0 , 5.32 , 6.0 , 6 , 8
0 , 5.26 , 6.0 , 6 , 8
0 , 5.26 , 6.0 , 6 , 8
0 , 5.22 , 6.0 , 6 , 8
0 , 5.16 , 6.0 , 6 , 8
0 , 5.16 , 6.0 , 6 , 8
0 , 5.16 , 6.0 , 6 , 8
0 , 5.12 , 6.0 , 6 , 8
0 , 5.1 , 6.0 , 6 , 8
0 , 5.08 , 6.0 , 6 , 8
0 , 5.08 , 6.0 , 6 , 8
0 , 5.06 , 6.0 , 6 , 8
0 , 5.0 , 6.0 , 6 , 8
0 , 4.98 , 6.0 , 6 , 6
0 , 4.94 , 6.0 , 6 , 6
0 , 4.94 , 6.0 , 6 , 6
0 , 4.94 , 6.0 , 6 , 6
0 , 4.94 , 6.0 , 6 , 6
0 , 4.94 , 6.0 , 6 , 6
0 , 4.92 , 6.0 , 6 , 6
0 , 4.92 , 6.0 , 6 , 6
0 , 4.92 , 6.0 , 6 , 6
0 , 4.92 , 6.0 , 6 , 6
0 , 4.92 , 6.0 , 6 , 6
0 , 4.92 , 6.0 , 6 , 6
0 , 4.92 , 6.0 , 6 , 6
0 , 4.92 , 6.0 , 6 , 6
0 , 4.9 , 6.0 , 6 , 6
0 , 4.9 , 6.0 , 6 , 6
0 , 4.9 , 6.0 , 6 , 6
0 , 4.9 , 6.0 , 6 , 6
0 , 4.9 , 6.0 , 6 , 6
0 , 4.88 , 6.0 , 6 , 6
0 , 4.88 , 6.0 , 6 , 6
0 , 4.88 , 6.0 , 6 , 6
0 , 4.88 , 6.0 , 6 , 6
0 , 4.88 , 6.0 , 6 , 6
0 , 4.88 , 6.0 , 6 , 6
0 , 4.88 , 6.0 , 6 , 6
0 , 4.88 , 6.0 , 6 , 6
0 , 4.84 , 6.0 , 6 , 6
0 , 4.84 , 6.0 , 6 , 6
0 , 4.84 , 6.0 , 6 , 6
0 , 4.84 , 6.0 , 6 , 6
0 , 4.84 , 6.0 , 6 , 6
0 , 4.84 , 6.0 , 6 , 6
0 , 4.84 , 6.0 , 6 , 6
0 , 4.84 , 6.0 , 6 , 6
0 , 4.84 , 6.0 , 6 , 6
0 , 4.84 , 6.0 , 6 , 6
0 , 4.84 , 6.0 , 6 , 6
0 , 4.84 , 6.0 , 6 , 6
0 , 4.84 , 6.0 , 6 , 6
0 , 4.84 , 6.0 , 6 , 6
0 , 4.84 , 6.0 , 6 , 6
0 , 4.82 , 6.0 , 6 , 6
0 , 4.82 , 6.0 , 6 , 6
0 , 4.82 , 6.0 , 6 , 6
0 , 4.82 , 6.0 , 6 , 6
0 , 4.78 , 6.0 , 6 , 6
0 , 4.76 , 6.0 , 6 , 6
0 , 4.76 , 6.0 , 6 , 6
0 , 4.74 , 6.0 , 6 , 6
0 , 4.72 , 6.0 , 6 , 6
0 , 4.7 , 6.0 , 6 , 6
0 , 4.7 , 6.0 , 6 , 6
0 , 4.7 , 6.0 , 6 , 6
0 , 4.7 , 6.0 , 6 , 6
0 , 4.7 , 6.0 , 6 , 6
0 , 4.68 , 6.0 , 6 , 6
0 , 4.66 , 6.0 , 6 , 6
0 , 4.66 , 6.0 , 6 , 6
0 , 4.64 , 6.0 , 6 , 6
0 , 4.64 , 6.0 , 6 , 6
0 , 4.64 , 6.0 , 6 , 6
0 , 4.6 , 5.0 , 6 , 6
0 , 4.6 , 5.0 , 6 , 6
0 , 4.56 , 4.0 , 6 , 6
0 , 4.56 , 4.0 , 6 , 6
0 , 4.56 , 4.0 , 6 , 6
0 , 4.56 , 4.0 , 6 , 6
0 , 4.52 , 4.0 , 6 , 6
0 , 4.52 , 4.0 , 6 , 6
0 , 4.46 , 4.0 , 6 , 6
0 , 4.46 , 4.0 , 6 , 6
0 , 4.42 , 4.0 , 6 , 6
0 , 4.42 , 4.0 , 6 , 6
0 , 4.42 , 4.0 , 6 , 6
0 , 4.42 , 4.0 , 6 , 6
0 , 4.42 , 4.0 , 6 , 6
0 , 4.4 , 4.0 , 6 , 6
0 , 4.4 , 4.0 , 6 , 6
0 , 4.4 , 4.0 , 6 , 6
0 , 4.4 , 4.0 , 6 , 6
0 , 4.4 , 4.0 , 6 , 6
0 , 4.4 , 4.0 , 6 , 6
0 , 4.4 , 4.0 , 6 , 6
0 , 4.4 , 4.0 , 6 , 6
0 , 4.4 , 4.0 , 6 , 6
0 , 4.4 , 4.0 , 6 , 6
0 , 4.4 , 4.0 , 6 , 6
0 , 4.38 , 4.0 , 6 , 6
0 , 4.38 , 4.0 , 6 , 6
0 , 4.38 , 4.0 , 6 , 6
0 , 4.38 , 4.0 , 6 , 6
0 , 4.38 , 4.0 , 6 , 6
0 , 4.32 , 4.0 , 6 , 6
0 , 4.32 , 4.0 , 6 , 6
0 , 4.32 , 4.0 , 6 , 6
0 , 4.28 , 4.0 , 6 , 6
0 , 4.28 , 4.0 , 6 , 6
0 , 4.28 , 4.0 , 6 , 6
0 , 4.26 , 4.0 , 6 , 6
0 , 4.26 , 4.0 , 6 , 6
0 , 4.26 , 4.0 , 6 , 6
0 , 4.26 , 4.0 , 6 , 6
0 , 4.26 , 4.0 , 6 , 6
0 , 4.26 , 4.0 , 6 , 6
0 , 4.24 , 4.0 , 4 , 6
0 , 4.24 , 4.0 , 4 , 6
0 , 4.18 , 4.0 , 4 , 6
0 , 4.18 , 4.0 , 4 , 6
0 , 4.18 , 4.0 , 4 , 6
0 , 4.18 , 4.0 , 4 , 6
0 , 4.18 , 4.0 , 4 , 6
0 , 4.16 , 4.0 , 4 , 6
0 , 4.16 , 4.0 , 4 , 6
0 , 4.16 , 4.0 , 4 , 6
0 , 4.16 , 4.0 , 4 , 6
0 , 4.16 , 4.0 , 4 , 6
0 , 4.12 , 4.0 , 4 , 6
0 , 4.12 , 4.0 , 4 , 6
0 , 4.12 , 4.0 , 4 , 6
0 , 4.12 , 4.0 , 4 , 6
0 , 4.12 , 4.0 , 4 , 6
0 , 4.08 , 4.0 , 4 , 6
0 , 4.08 , 4.0 , 4 , 6
0 , 4.08 , 4.0 , 4 , 6
0 , 4.06 , 4.0 , 4 , 6
0 , 4.06 , 4.0 , 4 , 6
0 , 4.06 , 4.0 , 4 , 6
0 , 4.06 , 4.0 , 4 , 6
0 , 4.06 , 4.0 , 4 , 6
0 , 4.06 , 4.0 , 4 , 6
0 , 4.06 , 4.0 , 4 , 6
0 , 4.06 , 4.0 , 4 , 6
0 , 4.06 , 4.0 , 4 , 6
0 , 4.06 , 4.0 , 4 , 6
0 , 4.06 , 4.0 , 4 , 6
0 , 4.06 , 4.0 , 4 , 6
0 , 4.06 , 4.0 , 4 , 6
0 , 4.06 , 4.0 , 4 , 6
0 , 4.06 , 4.0 , 4 , 6
0 , 4.06 , 4.0 , 4 , 6
0 , 4.06 , 4.0 , 4 , 6
0 , 4.04 , 4.0 , 4 , 6
0 , 4.02 , 4.0 , 4 , 6
0 , 4.02 , 4.0 , 4 , 6
0 , 4.02 , 4.0 , 4 , 6
0 , 4.02 , 4.0 , 4 , 6
0 , 4.02 , 4.0 , 4 , 6
0 , 4.02 , 4.0 , 4 , 6
0 , 4.02 , 4.0 , 4 , 6
0 , 4.02 , 4.0 , 4 , 6
0 , 3.98 , 4.0 , 4 , 6
0 , 3.98 , 4.0 , 4 , 6
0 , 3.98 , 4.0 , 4 , 6
0 , 3.98 , 4.0 , 4 , 6
0 , 3.96 , 4.0 , 4 , 6
0 , 3.94 , 4.0 , 4 , 6
0 , 3.94 , 4.0 , 4 , 6
0 , 3.94 , 4.0 , 4 , 6
0 , 3.94 , 4.0 , 4 , 6
0 , 3.94 , 4.0 , 4 , 6
0 , 3.94 , 4.0 , 4 , 6
0 , 3.92 , 4.0 , 4 , 6
0 , 3.92 , 4.0 , 4 , 6
0 , 3.92 , 4.0 , 4 , 6
0 , 3.92 , 4.0 , 4 , 6
0 , 3.92 , 4.0 , 4 , 6
0 , 3.92 , 4.0 , 4 , 6
0 , 3.92 , 4.0 , 4 , 6
0 , 3.92 , 4.0 , 4 , 6
0 , 3.92 , 4.0 , 4 , 6
0 , 3.92 , 4.0 , 4 , 6
0 , 3.92 , 4.0 , 4 , 6
0 , 3.92 , 4.0 , 4 , 6
0 , 3.92 , 4.0 , 4 , 6
0 , 3.92 , 4.0 , 4 , 6
0 , 3.92 , 4.0 , 4 , 6
0 , 3.92 , 4.0 , 4 , 6
0 , 3.92 , 4.0 , 4 , 6
0 , 3.92 , 4.0 , 4 , 6
0 , 3.92 , 4.0 , 4 , 6
0 , 3.92 , 4.0 , 4 , 6
0 , 3.9 , 4.0 , 4 , 6
0 , 3.9 , 4.0 , 4 , 6
0 , 3.9 , 4.0 , 4 , 6
0 , 3.9 , 4.0 , 4 , 6
0 , 3.9 , 4.0 , 4 , 6
0 , 3.86 , 4.0 , 4 , 6
0 , 3.86 , 4.0 , 4 , 6
0 , 3.86 , 4.0 , 4 , 6
0 , 3.86 , 4.0 , 4 , 6
0 , 3.86 , 4.0 , 4 , 6
0 , 3.86 , 4.0 , 4 , 6
0 , 3.86 , 4.0 , 4 , 6
0 , 3.86 , 4.0 , 4 , 6
0 , 3.84 , 4.0 , 4 , 6
0 , 3.84 , 4.0 , 4 , 6
0 , 3.82 , 4.0 , 4 , 6
0 , 3.82 , 4.0 , 4 , 6
0 , 3.82 , 4.0 , 4 , 6
0 , 3.82 , 4.0 , 4 , 6
0 , 3.82 , 4.0 , 4 , 6
0 , 3.82 , 4.0 , 4 , 6
0 , 3.82 , 4.0 , 4 , 6
0 , 3.82 , 4.0 , 4 , 6
0 , 3.78 , 4.0 , 4 , 6
0 , 3.74 , 4.0 , 4 , 6
0 , 3.74 , 4.0 , 4 , 6
0 , 3.74 , 4.0 , 4 , 6
0 , 3.74 , 4.0 , 4 , 6
0 , 3.74 , 4.0 , 4 , 6
0 , 3.74 , 4.0 , 4 , 6
0 , 3.74 , 4.0 , 4 , 6
0 , 3.74 , 4.0 , 4 , 6
0 , 3.74 , 4.0 , 4 , 6
0 , 3.74 , 4.0 , 4 , 6
0 , 3.74 , 4.0 , 4 , 6
0 , 3.74 , 4.0 , 4 , 6
0 , 3.74 , 4.0 , 4 , 6
0 , 3.74 , 4.0 , 4 , 6
0 , 3.74 , 4.0 , 4 , 6
0 , 3.72 , 4.0 , 4 , 6
0 , 3.7 , 4.0 , 4 , 6
0 , 3.7 , 4.0 , 4 , 6
0 , 3.7 , 4.0 , 4 , 6
0 , 3.68 , 4.0 , 4 , 6
0 , 3.68 , 4.0 , 4 , 6
0 , 3.66 , 4.0 , 4 , 6
0 , 3.64 , 4.0 , 4 , 6
0 , 3.6 , 4.0 , 4 , 6
0 , 3.6 , 4.0 , 4 , 6
0 , 3.6 , 4.0 , 4 , 6
0 , 3.6 , 4.0 , 4 , 6
0 , 3.6 , 4.0 , 4 , 6
0 , 3.6 , 4.0 , 4 , 6
0 , 3.58 , 4.0 , 4 , 6
0 , 3.58 , 4.0 , 4 , 6
0 , 3.58 , 4.0 , 4 , 6
0 , 3.56 , 4.0 , 4 , 6
0 , 3.56 , 4.0 , 4 , 6
0 , 3.56 , 4.0 , 4 , 6
0 , 3.56 , 4.0 , 4 , 6
0 , 3.54 , 4.0 , 4 , 6
0 , 3.54 , 4.0 , 4 , 6
0 , 3.54 , 4.0 , 4 , 6
0 , 3.54 , 4.0 , 4 , 6
0 , 3.54 , 4.0 , 4 , 6
0 , 3.54 , 4.0 , 4 , 6
0 , 3.54 , 4.0 , 4 , 6
0 , 3.5 , 4.0 , 4 , 6
0 , 3.46 , 4.0 , 4 , 6
0 , 3.46 , 4.0 , 4 , 6
0 , 3.46 , 4.0 , 4 , 6
0 , 3.46 , 4.0 , 4 , 6
0 , 3.46 , 4.0 , 4 , 6
0 , 3.46 , 4.0 , 4 , 6
0 , 3.42 , 4.0 , 4 , 6
0 , 3.42 , 4.0 , 4 , 6
0 , 3.4 , 4.0 , 4 , 6
0 , 3.4 , 4.0 , 4 , 6
0 , 3.4 , 4.0 , 4 , 6
0 , 3.38 , 4.0 , 4 , 6
0 , 3.38 , 4.0 , 4 , 6
0 , 3.34 , 4.0 , 4 , 6
0 , 3.3 , 4.0 , 4 , 6
0 , 3.28 , 4.0 , 4 , 6
0 , 3.26 , 4.0 , 4 , 6
0 , 3.24 , 4.0 , 4 , 4
0 , 3.24 , 4.0 , 4 , 4
0 , 3.24 , 4.0 , 4 , 4
0 , 3.22 , 4.0 , 4 , 4
0 , 3.22 , 4.0 , 4 , 4
0 , 3.22 , 4.0 , 4 , 4
0 , 3.22 , 4.0 , 4 , 4
0 , 3.22 , 4.0 , 4 , 4
0 , 3.22 , 4.0 , 4 , 4
0 , 3.22 , 4.0 , 4 , 4
0 , 3.22 , 4.0 , 4 , 4
0 , 3.22 , 4.0 , 4 , 4
0 , 3.22 , 4.0 , 4 , 4
0 , 3.2 , 4.0 , 4 , 4
0 , 3.2 , 4.0 , 4 , 4
0 , 3.2 , 4.0 , 4 , 4
0 , 3.2 , 4.0 , 4 , 4
0 , 3.2 , 4.0 , 4 , 4
0 , 3.2 , 4.0 , 4 , 4
0 , 3.2 , 4.0 , 4 , 4
0 , 3.2 , 4.0 , 4 , 4
0 , 3.2 , 4.0 , 4 , 4
0 , 3.2 , 4.0 , 4 , 4
0 , 3.2 , 4.0 , 4 , 4
0 , 3.2 , 4.0 , 4 , 4
0 , 3.2 , 4.0 , 4 , 4
0 , 3.2 , 4.0 , 4 , 4
0 , 3.2 , 4.0 , 4 , 4
0 , 3.2 , 4.0 , 4 , 4
0 , 3.2 , 4.0 , 4 , 4
0 , 3.2 , 4.0 , 4 , 4
0 , 3.2 , 4.0 , 4 , 4
0 , 3.2 , 4.0 , 4 , 4
0 , 3.2 , 4.0 , 4 , 4
0 , 3.18 , 4.0 , 4 , 4
0 , 3.18 , 4.0 , 4 , 4
0 , 3.16 , 4.0 , 4 , 4
0 , 3.16 , 4.0 , 4 , 4
0 , 3.16 , 4.0 , 4 , 4
0 , 3.16 , 4.0 , 4 , 4
0 , 3.16 , 4.0 , 4 , 4
0 , 3.14 , 4.0 , 4 , 4
0 , 3.14 , 4.0 , 4 , 4
0 , 3.14 , 4.0 , 4 , 4
0 , 3.14 , 4.0 , 4 , 4
0 , 3.14 , 4.0 , 4 , 4
0 , 3.14 , 4.0 , 4 , 4
0 , 3.14 , 4.0 , 4 , 4
0 , 3.14 , 4.0 , 4 , 4
0 , 3.14 , 4.0 , 4 , 4
0 , 3.14 , 4.0 , 4 , 4
0 , 3.14 , 4.0 , 4 , 4
0 , 3.14 , 4.0 , 4 , 4
0 , 3.14 , 4.0 , 4 , 4
0 , 3.14 , 4.0 , 4 , 4
0 , 3.14 , 4.0 , 4 , 4
0 , 3.14 , 4.0 , 4 , 4
0 , 3.14 , 4.0 , 4 , 4
0 , 3.14 , 4.0 , 4 , 4
0 , 3.14 , 4.0 , 4 , 4
0 , 3.14 , 4.0 , 4 , 4
0 , 3.14 , 4.0 , 4 , 4
0 , 3.14 , 4.0 , 4 , 4
0 , 3.14 , 4.0 , 4 , 4
0 , 3.14 , 4.0 , 4 , 4
0 , 3.14 , 4.0 , 4 , 4
0 , 3.12 , 4.0 , 4 , 4
0 , 3.12 , 4.0 , 4 , 4
0 , 3.12 , 4.0 , 4 , 4
0 , 3.1 , 4.0 , 4 , 4
0 , 3.1 , 4.0 , 4 , 4
0 , 3.1 , 4.0 , 4 , 4
0 , 3.1 , 4.0 , 4 , 4
0 , 3.1 , 4.0 , 4 , 4
0 , 3.1 , 4.0 , 4 , 4
0 , 3.1 , 4.0 , 4 , 4
0 , 3.1 , 4.0 , 4 , 4
0 , 3.08 , 4.0 , 4 , 4
0 , 3.08 , 4.0 , 4 , 4
0 , 3.08 , 4.0 , 4 , 4
0 , 3.08 , 4.0 , 4 , 4
0 , 3.08 , 4.0 , 4 , 4
0 , 3.08 , 4.0 , 4 , 4
0 , 3.08 , 4.0 , 4 , 4
0 , 3.08 , 4.0 , 4 , 4
0 , 3.08 , 4.0 , 4 , 4
0 , 3.06 , 4.0 , 4 , 4
0 , 3.06 , 4.0 , 4 , 4
0 , 3.04 , 4.0 , 4 , 4
0 , 3.04 , 4.0 , 4 , 4
0 , 3.04 , 4.0 , 4 , 4
0 , 3.04 , 4.0 , 4 , 4
0 , 3.04 , 4.0 , 4 , 4
0 , 3.04 , 4.0 , 4 , 4
0 , 3.04 , 4.0 , 4 , 4
0 , 3.02 , 4.0 , 4 , 4
0 , 3.02 , 4.0 , 4 , 4
0 , 3.02 , 4.0 , 4 , 4
0 , 3.02 , 4.0 , 4 , 4
0 , 2.98 , 4.0 , 4 , 4
0 , 2.98 , 4.0 , 4 , 4
0 , 2.98 , 4.0 , 4 , 4
0 , 2.98 , 4.0 , 4 , 4
0 , 2.98 , 4.0 , 4 , 4
0 , 2.98 , 4.0 , 4 , 4
0 , 2.98 , 4.0 , 4 , 4
0 , 2.98 , 4.0 , 4 , 4
0 , 2.98 , 4.0 , 4 , 4
0 , 2.98 , 4.0 , 4 , 4
0 , 2.98 , 4.0 , 4 , 4
0 , 2.98 , 4.0 , 4 , 4
0 , 2.98 , 4.0 , 4 , 4
0 , 2.98 , 4.0 , 4 , 4
0 , 2.98 , 4.0 , 4 , 4
0 , 2.98 , 4.0 , 4 , 4
0 , 2.98 , 4.0 , 4 , 4
0 , 2.98 , 4.0 , 4 , 4
0 , 2.98 , 4.0 , 4 , 4
0 , 2.98 , 4.0 , 4 , 4
0 , 2.98 , 4.0 , 4 , 4
0 , 2.98 , 4.0 , 4 , 4
0 , 2.98 , 4.0 , 4 , 4
0 , 2.98 , 4.0 , 4 , 4
0 , 2.98 , 4.0 , 4 , 4
0 , 2.98 , 4.0 , 4 , 4
0 , 2.98 , 4.0 , 4 , 4
0 , 2.98 , 4.0 , 4 , 4
0 , 2.98 , 4.0 , 4 , 4
0 , 2.98 , 4.0 , 4 , 4
0 , 2.98 , 4.0 , 4 , 4
0 , 2.98 , 4.0 , 4 , 4
0 , 2.98 , 4.0 , 4 , 4
0 , 2.98 , 4.0 , 4 , 4
0 , 2.98 , 4.0 , 4 , 4
0 , 2.98 , 4.0 , 4 , 4
0 , 2.98 , 4.0 , 4 , 4
0 , 2.98 , 4.0 , 4 , 4
0 , 2.98 , 4.0 , 4 , 4
0 , 2.98 , 4.0 , 4 , 4
0 , 2.98 , 4.0 , 4 , 4
0 , 2.98 , 4.0 , 4 , 4
0 , 2.98 , 4.0 , 4 , 4
0 , 2.98 , 4.0 , 4 , 4
0 , 2.96 , 4.0 , 4 , 4
0 , 2.96 , 4.0 , 4 , 4
0 , 2.94 , 3.0 , 4 , 4
0 , 2.94 , 3.0 , 4 , 4
0 , 2.94 , 3.0 , 4 , 4
0 , 2.92 , 2.0 , 4 , 4
0 , 2.92 , 2.0 , 4 , 4
0 , 2.92 , 2.0 , 4 , 4
0 , 2.9 , 2.0 , 2 , 4
0 , 2.9 , 2.0 , 2 , 4
0 , 2.88 , 2.0 , 2 , 4
0 , 2.88 , 2.0 , 2 , 4
0 , 2.86 , 2.0 , 2 , 4
0 , 2.86 , 2.0 , 2 , 4
0 , 2.86 , 2.0 , 2 , 4
0 , 2.86 , 2.0 , 2 , 4
0 , 2.86 , 2.0 , 2 , 4
0 , 2.86 , 2.0 , 2 , 4
0 , 2.86 , 2.0 , 2 , 4
0 , 2.86 , 2.0 , 2 , 4
0 , 2.86 , 2.0 , 2 , 4
0 , 2.86 , 2.0 , 2 , 4
0 , 2.86 , 2.0 , 2 , 4
0 , 2.86 , 2.0 , 2 , 4
0 , 2.86 , 2.0 , 2 , 4
0 , 2.84 , 2.0 , 2 , 4
0 , 2.84 , 2.0 , 2 , 4
0 , 2.84 , 2.0 , 2 , 4
0 , 2.84 , 2.0 , 2 , 4
0 , 2.84 , 2.0 , 2 , 4
0 , 2.84 , 2.0 , 2 , 4
0 , 2.82 , 2.0 , 2 , 4
0 , 2.82 , 2.0 , 2 , 4
0 , 2.82 , 2.0 , 2 , 4
0 , 2.82 , 2.0 , 2 , 4
0 , 2.82 , 2.0 , 2 , 4
0 , 2.82 , 2.0 , 2 , 4
0 , 2.82 , 2.0 , 2 , 4
0 , 2.82 , 2.0 , 2 , 4
0 , 2.82 , 2.0 , 2 , 4
0 , 2.82 , 2.0 , 2 , 4
0 , 2.82 , 2.0 , 2 , 4
0 , 2.8 , 2.0 , 2 , 4
0 , 2.8 , 2.0 , 2 , 4
0 , 2.8 , 2.0 , 2 , 4
0 , 2.8 , 2.0 , 2 , 4
0 , 2.8 , 2.0 , 2 , 4
0 , 2.8 , 2.0 , 2 , 4
0 , 2.8 , 2.0 , 2 , 4
0 , 2.8 , 2.0 , 2 , 4
0 , 2.8 , 2.0 , 2 , 4
0 , 2.8 , 2.0 , 2 , 4
0 , 2.8 , 2.0 , 2 , 4
0 , 2.8 , 2.0 , 2 , 4
0 , 2.8 , 2.0 , 2 , 4
0 , 2.8 , 2.0 , 2 , 4
0 , 2.8 , 2.0 , 2 , 4
0 , 2.8 , 2.0 , 2 , 4
0 , 2.8 , 2.0 , 2 , 4
0 , 2.8 , 2.0 , 2 , 4
0 , 2.8 , 2.0 , 2 , 4
0 , 2.8 , 2.0 , 2 , 4
0 , 2.8 , 2.0 , 2 , 4
0 , 2.8 , 2.0 , 2 , 4
0 , 2.78 , 2.0 , 2 , 4
0 , 2.78 , 2.0 , 2 , 4
0 , 2.74 , 2.0 , 2 , 4
0 , 2.74 , 2.0 , 2 , 4
0 , 2.74 , 2.0 , 2 , 4
0 , 2.74 , 2.0 , 2 , 4
0 , 2.7 , 2.0 , 2 , 4
0 , 2.7 , 2.0 , 2 , 4
0 , 2.7 , 2.0 , 2 , 4
0 , 2.7 , 2.0 , 2 , 4
0 , 2.7 , 2.0 , 2 , 4
0 , 2.7 , 2.0 , 2 , 4
0 , 2.7 , 2.0 , 2 , 4
0 , 2.7 , 2.0 , 2 , 4
0 , 2.7 , 2.0 , 2 , 4
0 , 2.7 , 2.0 , 2 , 4
0 , 2.7 , 2.0 , 2 , 4
0 , 2.7 , 2.0 , 2 , 4
0 , 2.7 , 2.0 , 2 , 4
0 , 2.7 , 2.0 , 2 , 4
0 , 2.7 , 2.0 , 2 , 4
0 , 2.7 , 2.0 , 2 , 4
0 , 2.7 , 2.0 , 2 , 4
0 , 2.7 , 2.0 , 2 , 4
0 , 2.7 , 2.0 , 2 , 4
0 , 2.7 , 2.0 , 2 , 4
0 , 2.7 , 2.0 , 2 , 4
0 , 2.7 , 2.0 , 2 , 4
0 , 2.7 , 2.0 , 2 , 4
0 , 2.7 , 2.0 , 2 , 4
0 , 2.7 , 2.0 , 2 , 4
0 , 2.7 , 2.0 , 2 , 4
0 , 2.7 , 2.0 , 2 , 4
0 , 2.7 , 2.0 , 2 , 4
0 , 2.7 , 2.0 , 2 , 4
0 , 2.7 , 2.0 , 2 , 4
0 , 2.7 , 2.0 , 2 , 4
0 , 2.7 , 2.0 , 2 , 4
0 , 2.7 , 2.0 , 2 , 4
0 , 2.7 , 2.0 , 2 , 4
0 , 2.7 , 2.0 , 2 , 4
0 , 2.7 , 2.0 , 2 , 4
0 , 2.7 , 2.0 , 2 , 4
0 , 2.66 , 2.0 , 2 , 4
0 , 2.66 , 2.0 , 2 , 4
0 , 2.66 , 2.0 , 2 , 4
0 , 2.66 , 2.0 , 2 , 4
0 , 2.66 , 2.0 , 2 , 4
0 , 2.66 , 2.0 , 2 , 4
0 , 2.66 , 2.0 , 2 , 4
0 , 2.66 , 2.0 , 2 , 4
0 , 2.66 , 2.0 , 2 , 4
0 , 2.64 , 2.0 , 2 , 4
0 , 2.64 , 2.0 , 2 , 4
0 , 2.64 , 2.0 , 2 , 4
0 , 2.64 , 2.0 , 2 , 4
0 , 2.64 , 2.0 , 2 , 4
0 , 2.64 , 2.0 , 2 , 4
0 , 2.64 , 2.0 , 2 , 4
0 , 2.64 , 2.0 , 2 , 4
0 , 2.64 , 2.0 , 2 , 4
0 , 2.64 , 2.0 , 2 , 4
0 , 2.62 , 2.0 , 2 , 4
0 , 2.62 , 2.0 , 2 , 4
0 , 2.6 , 2.0 , 2 , 4
0 , 2.6 , 2.0 , 2 , 4
0 , 2.6 , 2.0 , 2 , 4
0 , 2.58 , 2.0 , 2 , 4
0 , 2.58 , 2.0 , 2 , 4
0 , 2.58 , 2.0 , 2 , 4
0 , 2.58 , 2.0 , 2 , 4
0 , 2.58 , 2.0 , 2 , 4
0 , 2.58 , 2.0 , 2 , 4
0 , 2.58 , 2.0 , 2 , 4
0 , 2.58 , 2.0 , 2 , 4
0 , 2.58 , 2.0 , 2 , 4
0 , 2.58 , 2.0 , 2 , 4
0 , 2.56 , 2.0 , 2 , 4
0 , 2.56 , 2.0 , 2 , 4
0 , 2.56 , 2.0 , 2 , 4
0 , 2.54 , 2.0 , 2 , 4
0 , 2.52 , 2.0 , 2 , 4
0 , 2.52 , 2.0 , 2 , 4
0 , 2.52 , 2.0 , 2 , 4
0 , 2.52 , 2.0 , 2 , 4
0 , 2.52 , 2.0 , 2 , 4
0 , 2.52 , 2.0 , 2 , 4
0 , 2.52 , 2.0 , 2 , 4
0 , 2.52 , 2.0 , 2 , 4
0 , 2.52 , 2.0 , 2 , 4
0 , 2.52 , 2.0 , 2 , 4
0 , 2.52 , 2.0 , 2 , 4
0 , 2.52 , 2.0 , 2 , 4
0 , 2.52 , 2.0 , 2 , 4
0 , 2.52 , 2.0 , 2 , 4
0 , 2.52 , 2.0 , 2 , 4
0 , 2.52 , 2.0 , 2 , 4
0 , 2.52 , 2.0 , 2 , 4
0 , 2.52 , 2.0 , 2 , 4
0 , 2.52 , 2.0 , 2 , 4
0 , 2.52 , 2.0 , 2 , 4
0 , 2.52 , 2.0 , 2 , 4
0 , 2.52 , 2.0 , 2 , 4
0 , 2.52 , 2.0 , 2 , 4
0 , 2.52 , 2.0 , 2 , 4
0 , 2.52 , 2.0 , 2 , 4
0 , 2.52 , 2.0 , 2 , 4
0 , 2.52 , 2.0 , 2 , 4
0 , 2.52 , 2.0 , 2 , 4
0 , 2.52 , 2.0 , 2 , 4
0 , 2.52 , 2.0 , 2 , 4
0 , 2.52 , 2.0 , 2 , 4
0 , 2.52 , 2.0 , 2 , 4
0 , 2.52 , 2.0 , 2 , 4
0 , 2.52 , 2.0 , 2 , 4
0 , 2.52 , 2.0 , 2 , 4
0 , 2.52 , 2.0 , 2 , 4
0 , 2.52 , 2.0 , 2 , 4
0 , 2.52 , 2.0 , 2 , 4
0 , 2.52 , 2.0 , 2 , 4
0 , 2.52 , 2.0 , 2 , 4
0 , 2.48 , 2.0 , 2 , 4
0 , 2.48 , 2.0 , 2 , 4
0 , 2.48 , 2.0 , 2 , 4
0 , 2.48 , 2.0 , 2 , 4
0 , 2.48 , 2.0 , 2 , 4
0 , 2.48 , 2.0 , 2 , 4
0 , 2.48 , 2.0 , 2 , 4
0 , 2.48 , 2.0 , 2 , 4
0 , 2.48 , 2.0 , 2 , 4
0 , 2.48 , 2.0 , 2 , 4
0 , 2.48 , 2.0 , 2 , 4
0 , 2.48 , 2.0 , 2 , 4
0 , 2.48 , 2.0 , 2 , 4
0 , 2.44 , 2.0 , 2 , 4
0 , 2.44 , 2.0 , 2 , 4
0 , 2.44 , 2.0 , 2 , 4
0 , 2.44 , 2.0 , 2 , 4
0 , 2.44 , 2.0 , 2 , 4
0 , 2.44 , 2.0 , 2 , 4
0 , 2.44 , 2.0 , 2 , 4
0 , 2.44 , 2.0 , 2 , 4
0 , 2.44 , 2.0 , 2 , 4
0 , 2.44 , 2.0 , 2 , 4
0 , 2.44 , 2.0 , 2 , 4
0 , 2.42 , 2.0 , 2 , 4
0 , 2.42 , 2.0 , 2 , 4
0 , 2.42 , 2.0 , 2 , 4
0 , 2.42 , 2.0 , 2 , 4
0 , 2.42 , 2.0 , 2 , 4
0 , 2.42 , 2.0 , 2 , 4
0 , 2.42 , 2.0 , 2 , 4
0 , 2.42 , 2.0 , 2 , 4
0 , 2.42 , 2.0 , 2 , 4
0 , 2.42 , 2.0 , 2 , 4
0 , 2.4 , 2.0 , 2 , 4
0 , 2.4 , 2.0 , 2 , 4
0 , 2.4 , 2.0 , 2 , 4
0 , 2.4 , 2.0 , 2 , 4
0 , 2.38 , 2.0 , 2 , 4
0 , 2.38 , 2.0 , 2 , 4
0 , 2.38 , 2.0 , 2 , 4
0 , 2.38 , 2.0 , 2 , 4
0 , 2.38 , 2.0 , 2 , 4
0 , 2.38 , 2.0 , 2 , 4
0 , 2.38 , 2.0 , 2 , 4
0 , 2.38 , 2.0 , 2 , 4
0 , 2.38 , 2.0 , 2 , 4
0 , 2.38 , 2.0 , 2 , 4
0 , 2.38 , 2.0 , 2 , 4
0 , 2.38 , 2.0 , 2 , 4
0 , 2.38 , 2.0 , 2 , 4
0 , 2.38 , 2.0 , 2 , 4
0 , 2.38 , 2.0 , 2 , 4
0 , 2.36 , 2.0 , 2 , 4
0 , 2.36 , 2.0 , 2 , 4
0 , 2.36 , 2.0 , 2 , 4
0 , 2.36 , 2.0 , 2 , 4
0 , 2.36 , 2.0 , 2 , 4
0 , 2.36 , 2.0 , 2 , 4
0 , 2.36 , 2.0 , 2 , 4
0 , 2.36 , 2.0 , 2 , 4
0 , 2.36 , 2.0 , 2 , 4
0 , 2.36 , 2.0 , 2 , 4
0 , 2.36 , 2.0 , 2 , 4
0 , 2.36 , 2.0 , 2 , 4
0 , 2.34 , 2.0 , 2 , 4
0 , 2.34 , 2.0 , 2 , 4
0 , 2.34 , 2.0 , 2 , 4
0 , 2.34 , 2.0 , 2 , 4
0 , 2.34 , 2.0 , 2 , 4
0 , 2.34 , 2.0 , 2 , 4
0 , 2.34 , 2.0 , 2 , 4
0 , 2.34 , 2.0 , 2 , 4
0 , 2.34 , 2.0 , 2 , 4
0 , 2.34 , 2.0 , 2 , 4
0 , 2.34 , 2.0 , 2 , 4
0 , 2.3 , 2.0 , 2 , 4
0 , 2.3 , 2.0 , 2 , 4
0 , 2.3 , 2.0 , 2 , 4
0 , 2.28 , 2.0 , 2 , 4
0 , 2.26 , 2.0 , 2 , 4
0 , 2.26 , 2.0 , 2 , 4
0 , 2.26 , 2.0 , 2 , 4
0 , 2.26 , 2.0 , 2 , 4
0 , 2.26 , 2.0 , 2 , 4
0 , 2.26 , 2.0 , 2 , 4
0 , 2.26 , 2.0 , 2 , 4
0 , 2.26 , 2.0 , 2 , 4
0 , 2.26 , 2.0 , 2 , 4
0 , 2.26 , 2.0 , 2 , 4
0 , 2.26 , 2.0 , 2 , 4
0 , 2.26 , 2.0 , 2 , 4
0 , 2.24 , 2.0 , 2 , 4
0 , 2.24 , 2.0 , 2 , 4
0 , 2.24 , 2.0 , 2 , 4
0 , 2.24 , 2.0 , 2 , 4
0 , 2.24 , 2.0 , 2 , 4
0 , 2.24 , 2.0 , 2 , 4
0 , 2.24 , 2.0 , 2 , 4
0 , 2.24 , 2.0 , 2 , 4
0 , 2.24 , 2.0 , 2 , 4
0 , 2.24 , 2.0 , 2 , 4
0 , 2.24 , 2.0 , 2 , 4
0 , 2.24 , 2.0 , 2 , 4
0 , 2.24 , 2.0 , 2 , 4
0 , 2.2 , 2.0 , 2 , 4
0 , 2.2 , 2.0 , 2 , 4
0 , 2.2 , 2.0 , 2 , 4
0 , 2.2 , 2.0 , 2 , 4
0 , 2.2 , 2.0 , 2 , 4
0 , 2.2 , 2.0 , 2 , 4
0 , 2.2 , 2.0 , 2 , 4
0 , 2.2 , 2.0 , 2 , 4
0 , 2.18 , 2.0 , 2 , 4
0 , 2.18 , 2.0 , 2 , 4
0 , 2.18 , 2.0 , 2 , 4
0 , 2.18 , 2.0 , 2 , 4
0 , 2.18 , 2.0 , 2 , 4
0 , 2.16 , 2.0 , 2 , 4
0 , 2.16 , 2.0 , 2 , 4
0 , 2.16 , 2.0 , 2 , 4
0 , 2.16 , 2.0 , 2 , 4
0 , 2.14 , 2.0 , 2 , 4
0 , 2.14 , 2.0 , 2 , 4
0 , 2.14 , 2.0 , 2 , 4
0 , 2.12 , 2.0 , 2 , 4
0 , 2.12 , 2.0 , 2 , 4
0 , 2.12 , 2.0 , 2 , 4
0 , 2.12 , 2.0 , 2 , 4
0 , 2.1 , 2.0 , 2 , 4
0 , 2.1 , 2.0 , 2 , 4
0 , 2.1 , 2.0 , 2 , 4
0 , 2.08 , 2.0 , 2 , 4
0 , 2.08 , 2.0 , 2 , 4
0 , 2.08 , 2.0 , 2 , 4
0 , 2.08 , 2.0 , 2 , 4
0 , 2.08 , 2.0 , 2 , 4
0 , 2.08 , 2.0 , 2 , 4
0 , 2.08 , 2.0 , 2 , 4
0 , 2.08 , 2.0 , 2 , 4
0 , 2.08 , 2.0 , 2 , 4
0 , 2.08 , 2.0 , 2 , 4
0 , 2.08 , 2.0 , 2 , 4
0 , 2.08 , 2.0 , 2 , 4
0 , 2.08 , 2.0 , 2 , 4
0 , 2.08 , 2.0 , 2 , 4
0 , 2.08 , 2.0 , 2 , 4
0 , 2.08 , 2.0 , 2 , 4
0 , 2.08 , 2.0 , 2 , 4
0 , 2.08 , 2.0 , 2 , 4
0 , 2.08 , 2.0 , 2 , 4
0 , 2.08 , 2.0 , 2 , 4
0 , 2.08 , 2.0 , 2 , 4
0 , 2.08 , 2.0 , 2 , 4
0 , 2.08 , 2.0 , 2 , 4
0 , 2.08 , 2.0 , 2 , 4
0 , 2.08 , 2.0 , 2 , 4
0 , 2.08 , 2.0 , 2 , 4
0 , 2.08 , 2.0 , 2 , 4
0 , 2.06 , 2.0 , 2 , 4
0 , 2.06 , 2.0 , 2 , 4
0 , 2.06 , 2.0 , 2 , 4
0 , 2.06 , 2.0 , 2 , 4
0 , 2.06 , 2.0 , 2 , 4
0 , 2.06 , 2.0 , 2 , 4
0 , 2.06 , 2.0 , 2 , 4
0 , 2.06 , 2.0 , 2 , 4
0 , 2.06 , 2.0 , 2 , 4
0 , 2.06 , 2.0 , 2 , 4
0 , 2.06 , 2.0 , 2 , 4
0 , 2.06 , 2.0 , 2 , 4
0 , 2.06 , 2.0 , 2 , 4
0 , 2.04 , 2.0 , 2 , 4
0 , 2.04 , 2.0 , 2 , 4
0 , 2.04 , 2.0 , 2 , 4
0 , 2.02 , 2.0 , 2 , 4
0 , 2.02 , 2.0 , 2 , 4
0 , 2.02 , 2.0 , 2 , 4
0 , 2.0 , 2.0 , 2 , 4
0 , 2.0 , 2.0 , 2 , 4
0 , 2.0 , 2.0 , 2 , 4
0 , 2.0 , 2.0 , 2 , 4
0 , 1.96 , 2.0 , 2 , 4
0 , 1.96 , 2.0 , 2 , 4
0 , 1.96 , 2.0 , 2 , 4
0 , 1.94 , 2.0 , 2 , 4
0 , 1.94 , 2.0 , 2 , 4
0 , 1.92 , 2.0 , 2 , 4
0 , 1.92 , 2.0 , 2 , 4
0 , 1.92 , 2.0 , 2 , 4
0 , 1.92 , 2.0 , 2 , 4
0 , 1.92 , 2.0 , 2 , 4
0 , 1.92 , 2.0 , 2 , 4
0 , 1.92 , 2.0 , 2 , 4
0 , 1.92 , 2.0 , 2 , 4
0 , 1.92 , 2.0 , 2 , 4
0 , 1.92 , 2.0 , 2 , 4
0 , 1.92 , 2.0 , 2 , 4
0 , 1.92 , 2.0 , 2 , 4
0 , 1.92 , 2.0 , 2 , 4
0 , 1.92 , 2.0 , 2 , 4
0 , 1.92 , 2.0 , 2 , 4
0 , 1.92 , 2.0 , 2 , 4
0 , 1.92 , 2.0 , 2 , 4
0 , 1.92 , 2.0 , 2 , 4
0 , 1.92 , 2.0 , 2 , 4
0 , 1.92 , 2.0 , 2 , 4
0 , 1.92 , 2.0 , 2 , 4
0 , 1.88 , 2.0 , 2 , 4
0 , 1.88 , 2.0 , 2 , 4
0 , 1.88 , 2.0 , 2 , 4
0 , 1.88 , 2.0 , 2 , 4
0 , 1.86 , 2.0 , 2 , 4
0 , 1.82 , 2.0 , 2 , 4
0 , 1.82 , 2.0 , 2 , 4
0 , 1.8 , 2.0 , 2 , 4
0 , 1.78 , 2.0 , 2 , 4
0 , 1.78 , 2.0 , 2 , 4
0 , 1.78 , 2.0 , 2 , 4
0 , 1.78 , 2.0 , 2 , 4
0 , 1.78 , 2.0 , 2 , 4
0 , 1.78 , 2.0 , 2 , 4
0 , 1.78 , 2.0 , 2 , 4
0 , 1.78 , 2.0 , 2 , 4
0 , 1.76 , 2.0 , 2 , 2
0 , 1.76 , 2.0 , 2 , 2
0 , 1.76 , 2.0 , 2 , 2
0 , 1.76 , 2.0 , 2 , 2
0 , 1.76 , 2.0 , 2 , 2
0 , 1.76 , 2.0 , 2 , 2
0 , 1.76 , 2.0 , 2 , 2
0 , 1.76 , 2.0 , 2 , 2
0 , 1.76 , 2.0 , 2 , 2
0 , 1.76 , 2.0 , 2 , 2
0 , 1.76 , 2.0 , 2 , 2
0 , 1.76 , 2.0 , 2 , 2
0 , 1.76 , 2.0 , 2 , 2
0 , 1.76 , 2.0 , 2 , 2
0 , 1.76 , 2.0 , 2 , 2
0 , 1.76 , 2.0 , 2 , 2
0 , 1.76 , 2.0 , 2 , 2
0 , 1.76 , 2.0 , 2 , 2
0 , 1.76 , 2.0 , 2 , 2
0 , 1.76 , 2.0 , 2 , 2
0 , 1.76 , 2.0 , 2 , 2
0 , 1.76 , 2.0 , 2 , 2
0 , 1.76 , 2.0 , 2 , 2
0 , 1.76 , 2.0 , 2 , 2
0 , 1.76 , 2.0 , 2 , 2
0 , 1.76 , 2.0 , 2 , 2
0 , 1.76 , 2.0 , 2 , 2
0 , 1.76 , 2.0 , 2 , 2
0 , 1.76 , 2.0 , 2 , 2
0 , 1.76 , 2.0 , 2 , 2
0 , 1.76 , 2.0 , 2 , 2
0 , 1.76 , 2.0 , 2 , 2
0 , 1.76 , 2.0 , 2 , 2
0 , 1.76 , 2.0 , 2 , 2
0 , 1.76 , 2.0 , 2 , 2
0 , 1.76 , 2.0 , 2 , 2
0 , 1.76 , 2.0 , 2 , 2
0 , 1.76 , 2.0 , 2 , 2
0 , 1.76 , 2.0 , 2 , 2
0 , 1.76 , 2.0 , 2 , 2
0 , 1.76 , 2.0 , 2 , 2
0 , 1.76 , 2.0 , 2 , 2
0 , 1.76 , 2.0 , 2 , 2
0 , 1.76 , 2.0 , 2 , 2
0 , 1.76 , 2.0 , 2 , 2
0 , 1.76 , 2.0 , 2 , 2
0 , 1.76 , 2.0 , 2 , 2
0 , 1.76 , 2.0 , 2 , 2
0 , 1.76 , 2.0 , 2 , 2
0 , 1.76 , 2.0 , 2 , 2
0 , 1.76 , 2.0 , 2 , 2
0 , 1.76 , 2.0 , 2 , 2
0 , 1.76 , 2.0 , 2 , 2
12  Perfect solutions
perfect solution individuals [[5, 2, 0, 7, 4, 1, 3, 6], [3, 1, 7, 5, 0, 2, 4, 6], [1, 5, 7, 2, 0, 3, 6, 4], [5, 2, 0, 6, 4, 7, 1, 3], [1, 4, 6, 0, 2, 7, 5, 3], [3, 1, 7, 5, 0, 2, 4, 6], [5, 1, 6, 0, 2, 4, 7, 3], [5, 1, 6, 0, 2, 4, 7, 3], [0, 5, 7, 2, 6, 3, 1, 4], [3, 1, 7, 5, 0, 2, 4, 6], [5, 2, 6, 1, 7, 4, 0, 3], [1, 4, 6, 3, 0, 7, 5, 2]]
