2 , 9.46 , 10.0 , 8 , 20
2 , 9.22 , 10.0 , 8 , 18
2 , 9.06 , 10.0 , 10 , 16
2 , 8.86 , 8.0 , 10 , 16
2 , 8.76 , 8.0 , 8 , 16
2 , 8.58 , 8.0 , 10 , 16
2 , 8.4 , 8.0 , 8 , 14
2 , 8.24 , 8.0 , 8 , 14
2 , 8.1 , 8.0 , 8 , 14
2 , 8.04 , 8.0 , 8 , 14
2 , 7.88 , 8.0 , 8 , 12
2 , 7.78 , 8.0 , 8 , 12
2 , 7.74 , 8.0 , 8 , 12
2 , 7.68 , 8.0 , 8 , 12
2 , 7.68 , 8.0 , 8 , 12
2 , 7.66 , 8.0 , 8 , 12
2 , 7.6 , 8.0 , 8 , 12
2 , 7.5 , 8.0 , 8 , 12
2 , 7.5 , 8.0 , 8 , 12
2 , 7.32 , 8.0 , 8 , 12
2 , 7.32 , 8.0 , 8 , 12
2 , 7.24 , 8.0 , 8 , 12
2 , 7.2 , 8.0 , 8 , 10
2 , 7.12 , 8.0 , 8 , 10
2 , 7.1 , 8.0 , 8 , 10
2 , 7.08 , 8.0 , 8 , 10
2 , 7.08 , 8.0 , 8 , 10
2 , 7.02 , 8.0 , 8 , 10
2 , 7.0 , 8.0 , 8 , 10
2 , 6.96 , 8.0 , 8 , 10
2 , 6.94 , 8.0 , 8 , 10
2 , 6.94 , 8.0 , 8 , 10
2 , 6.92 , 8.0 , 8 , 10
2 , 6.92 , 8.0 , 8 , 10
2 , 6.92 , 8.0 , 8 , 10
2 , 6.92 , 8.0 , 8 , 10
2 , 6.82 , 8.0 , 8 , 10
2 , 6.82 , 8.0 , 8 , 10
2 , 6.8 , 8.0 , 8 , 10
2 , 6.76 , 8.0 , 8 , 10
2 , 6.72 , 8.0 , 8 , 10
2 , 6.72 , 8.0 , 8 , 10
2 , 6.72 , 8.0 , 8 , 10
2 , 6.7 , 8.0 , 8 , 10
2 , 6.7 , 8.0 , 8 , 10
2 , 6.7 , 8.0 , 8 , 10
2 , 6.7 , 8.0 , 8 , 10
2 , 6.68 , 8.0 , 8 , 10
2 , 6.68 , 8.0 , 8 , 10
2 , 6.68 , 8.0 , 8 , 10
2 , 6.68 , 8.0 , 8 , 10
2 , 6.66 , 8.0 , 8 , 10
2 , 6.62 , 8.0 , 8 , 10
2 , 6.54 , 8.0 , 8 , 10
2 , 6.52 , 8.0 , 8 , 10
2 , 6.5 , 8.0 , 8 , 10
2 , 6.5 , 8.0 , 8 , 10
2 , 6.4 , 7.0 , 8 , 10
2 , 6.38 , 7.0 , 8 , 10
2 , 6.3 , 6.0 , 8 , 10
2 , 6.28 , 6.0 , 8 , 8
2 , 6.26 , 6.0 , 8 , 8
2 , 6.24 , 6.0 , 8 , 8
2 , 6.18 , 6.0 , 8 , 8
2 , 6.18 , 6.0 , 8 , 8
2 , 6.18 , 6.0 , 8 , 8
2 , 6.14 , 6.0 , 8 , 8
2 , 6.12 , 6.0 , 8 , 8
2 , 6.1 , 6.0 , 8 , 8
2 , 6.1 , 6.0 , 8 , 8
2 , 6.04 , 6.0 , 8 , 8
2 , 6.04 , 6.0 , 8 , 8
2 , 6.04 , 6.0 , 8 , 8
2 , 6.02 , 6.0 , 8 , 8
2 , 6.02 , 6.0 , 8 , 8
2 , 6.02 , 6.0 , 8 , 8
2 , 5.98 , 6.0 , 8 , 8
2 , 5.94 , 6.0 , 8 , 8
2 , 5.94 , 6.0 , 8 , 8
2 , 5.88 , 6.0 , 8 , 8
2 , 5.88 , 6.0 , 8 , 8
2 , 5.84 , 6.0 , 8 , 8
2 , 5.84 , 6.0 , 8 , 8
2 , 5.82 , 6.0 , 6 , 8
2 , 5.82 , 6.0 , 6 , 8
2 , 5.8 , 6.0 , 6 , 8
2 , 5.76 , 6.0 , 6 , 8
2 , 5.76 , 6.0 , 6 , 8
2 , 5.76 , 6.0 , 6 , 8
2 , 5.68 , 6.0 , 6 , 8
2 , 5.66 , 6.0 , 6 , 8
2 , 5.64 , 6.0 , 6 , 8
2 , 5.62 , 6.0 , 6 , 8
2 , 5.62 , 6.0 , 6 , 8
2 , 5.62 , 6.0 , 6 , 8
2 , 5.56 , 6.0 , 6 , 8
2 , 5.54 , 6.0 , 6 , 8
2 , 5.52 , 6.0 , 6 , 8
2 , 5.52 , 6.0 , 6 , 8
2 , 5.52 , 6.0 , 6 , 8
2 , 5.5 , 6.0 , 6 , 8
2 , 5.48 , 6.0 , 6 , 8
2 , 5.44 , 6.0 , 6 , 8
2 , 5.42 , 6.0 , 6 , 8
2 , 5.4 , 6.0 , 6 , 8
2 , 5.4 , 6.0 , 6 , 8
2 , 5.4 , 6.0 , 6 , 8
2 , 5.4 , 6.0 , 6 , 8
2 , 5.34 , 6.0 , 6 , 8
2 , 5.34 , 6.0 , 6 , 8
2 , 5.3 , 6.0 , 6 , 8
2 , 5.3 , 6.0 , 6 , 8
2 , 5.3 , 6.0 , 6 , 8
2 , 5.26 , 6.0 , 6 , 8
2 , 5.24 , 6.0 , 6 , 8
2 , 5.24 , 6.0 , 6 , 8
2 , 5.22 , 6.0 , 6 , 8
2 , 5.2 , 6.0 , 6 , 8
2 , 5.2 , 6.0 , 6 , 8
2 , 5.2 , 6.0 , 6 , 8
2 , 5.2 , 6.0 , 6 , 8
2 , 5.2 , 6.0 , 6 , 8
2 , 5.18 , 6.0 , 6 , 8
2 , 5.14 , 6.0 , 6 , 8
2 , 5.14 , 6.0 , 6 , 8
2 , 5.12 , 6.0 , 6 , 8
2 , 5.08 , 6.0 , 6 , 8
2 , 5.08 , 6.0 , 6 , 8
2 , 5.06 , 6.0 , 6 , 8
2 , 5.06 , 6.0 , 6 , 8
2 , 5.06 , 6.0 , 6 , 8
2 , 5.0 , 6.0 , 6 , 8
2 , 4.96 , 6.0 , 6 , 8
2 , 4.96 , 6.0 , 6 , 8
2 , 4.96 , 6.0 , 6 , 8
2 , 4.94 , 6.0 , 6 , 8
2 , 4.92 , 6.0 , 6 , 8
2 , 4.92 , 6.0 , 6 , 8
2 , 4.92 , 6.0 , 6 , 8
2 , 4.92 , 6.0 , 6 , 8
2 , 4.92 , 6.0 , 6 , 8
2 , 4.92 , 6.0 , 6 , 8
2 , 4.9 , 6.0 , 6 , 6
2 , 4.86 , 6.0 , 6 , 6
2 , 4.86 , 6.0 , 6 , 6
2 , 4.86 , 6.0 , 6 , 6
2 , 4.86 , 6.0 , 6 , 6
2 , 4.86 , 6.0 , 6 , 6
2 , 4.86 , 6.0 , 6 , 6
2 , 4.84 , 6.0 , 6 , 6
2 , 4.84 , 6.0 , 6 , 6
2 , 4.84 , 6.0 , 6 , 6
2 , 4.84 , 6.0 , 6 , 6
2 , 4.84 , 6.0 , 6 , 6
2 , 4.84 , 6.0 , 6 , 6
2 , 4.84 , 6.0 , 6 , 6
2 , 4.84 , 6.0 , 6 , 6
2 , 4.84 , 6.0 , 6 , 6
2 , 4.82 , 6.0 , 6 , 6
2 , 4.82 , 6.0 , 6 , 6
2 , 4.82 , 6.0 , 6 , 6
2 , 4.82 , 6.0 , 6 , 6
2 , 4.8 , 6.0 , 6 , 6
2 , 4.8 , 6.0 , 6 , 6
2 , 4.78 , 5.0 , 6 , 6
2 , 4.78 , 5.0 , 6 , 6
2 , 4.78 , 5.0 , 6 , 6
2 , 4.78 , 5.0 , 6 , 6
2 , 4.74 , 4.0 , 6 , 6
2 , 4.72 , 4.0 , 6 , 6
2 , 4.72 , 4.0 , 6 , 6
2 , 4.68 , 4.0 , 6 , 6
2 , 4.68 , 4.0 , 6 , 6
2 , 4.68 , 4.0 , 6 , 6
2 , 4.66 , 4.0 , 6 , 6
2 , 4.64 , 4.0 , 6 , 6
2 , 4.64 , 4.0 , 6 , 6
2 , 4.64 , 4.0 , 6 , 6
2 , 4.64 , 4.0 , 6 , 6
2 , 4.62 , 4.0 , 6 , 6
2 , 4.6 , 4.0 , 4 , 6
2 , 4.58 , 4.0 , 4 , 6
2 , 4.58 , 4.0 , 4 , 6
2 , 4.58 , 4.0 , 4 , 6
2 , 4.58 , 4.0 , 4 , 6
2 , 4.58 , 4.0 , 4 , 6
2 , 4.58 , 4.0 , 4 , 6
2 , 4.58 , 4.0 , 4 , 6
2 , 4.58 , 4.0 , 4 , 6
2 , 4.58 , 4.0 , 4 , 6
2 , 4.54 , 4.0 , 4 , 6
2 , 4.54 , 4.0 , 4 , 6
2 , 4.54 , 4.0 , 4 , 6
2 , 4.54 , 4.0 , 4 , 6
2 , 4.54 , 4.0 , 4 , 6
2 , 4.54 , 4.0 , 4 , 6
2 , 4.54 , 4.0 , 4 , 6
2 , 4.54 , 4.0 , 4 , 6
2 , 4.48 , 4.0 , 4 , 6
2 , 4.48 , 4.0 , 4 , 6
2 , 4.48 , 4.0 , 4 , 6
2 , 4.48 , 4.0 , 4 , 6
2 , 4.48 , 4.0 , 4 , 6
2 , 4.48 , 4.0 , 4 , 6
2 , 4.48 , 4.0 , 4 , 6
2 , 4.46 , 4.0 , 4 , 6
2 , 4.46 , 4.0 , 4 , 6
2 , 4.46 , 4.0 , 4 , 6
2 , 4.46 , 4.0 , 4 , 6
2 , 4.46 , 4.0 , 4 , 6
2 , 4.46 , 4.0 , 4 , 6
2 , 4.46 , 4.0 , 4 , 6
2 , 4.46 , 4.0 , 4 , 6
2 , 4.44 , 4.0 , 4 , 6
2 , 4.44 , 4.0 , 4 , 6
2 , 4.44 , 4.0 , 4 , 6
2 , 4.44 , 4.0 , 4 , 6
2 , 4.44 , 4.0 , 4 , 6
2 , 4.42 , 4.0 , 4 , 6
0 , 4.36 , 4.0 , 4 , 6
0 , 4.34 , 4.0 , 4 , 6
0 , 4.34 , 4.0 , 4 , 6
0 , 4.34 , 4.0 , 4 , 6
0 , 4.34 , 4.0 , 4 , 6
0 , 4.34 , 4.0 , 4 , 6
0 , 4.34 , 4.0 , 4 , 6
0 , 4.34 , 4.0 , 4 , 6
0 , 4.32 , 4.0 , 4 , 6
0 , 4.32 , 4.0 , 4 , 6
0 , 4.32 , 4.0 , 4 , 6
0 , 4.32 , 4.0 , 4 , 6
0 , 4.32 , 4.0 , 4 , 6
0 , 4.32 , 4.0 , 4 , 6
0 , 4.32 , 4.0 , 4 , 6
0 , 4.32 , 4.0 , 4 , 6
0 , 4.3 , 4.0 , 4 , 6
0 , 4.28 , 4.0 , 4 , 6
0 , 4.24 , 4.0 , 4 , 6
0 , 4.22 , 4.0 , 4 , 6
0 , 4.22 , 4.0 , 4 , 6
0 , 4.22 , 4.0 , 4 , 6
0 , 4.22 , 4.0 , 4 , 6
0 , 4.18 , 4.0 , 4 , 6
0 , 4.18 , 4.0 , 4 , 6
0 , 4.16 , 4.0 , 4 , 6
0 , 4.12 , 4.0 , 4 , 6
0 , 4.12 , 4.0 , 4 , 6
0 , 4.12 , 4.0 , 4 , 6
0 , 4.1 , 4.0 , 4 , 6
0 , 4.1 , 4.0 , 4 , 6
0 , 4.1 , 4.0 , 4 , 6
0 , 4.1 , 4.0 , 4 , 6
0 , 4.1 , 4.0 , 4 , 6
0 , 4.06 , 4.0 , 4 , 6
0 , 4.06 , 4.0 , 4 , 6
0 , 4.06 , 4.0 , 4 , 6
0 , 4.06 , 4.0 , 4 , 6
0 , 4.06 , 4.0 , 4 , 6
0 , 4.06 , 4.0 , 4 , 6
0 , 4.02 , 4.0 , 4 , 6
0 , 4.02 , 4.0 , 4 , 6
0 , 4.02 , 4.0 , 4 , 6
0 , 4.02 , 4.0 , 4 , 6
0 , 4.02 , 4.0 , 4 , 6
0 , 4.02 , 4.0 , 4 , 6
0 , 4.02 , 4.0 , 4 , 6
0 , 4.02 , 4.0 , 4 , 6
0 , 4.02 , 4.0 , 4 , 6
0 , 4.02 , 4.0 , 4 , 6
0 , 4.02 , 4.0 , 4 , 6
0 , 4.0 , 4.0 , 4 , 6
0 , 4.0 , 4.0 , 4 , 6
0 , 4.0 , 4.0 , 4 , 6
0 , 4.0 , 4.0 , 4 , 6
0 , 4.0 , 4.0 , 4 , 6
0 , 4.0 , 4.0 , 4 , 6
0 , 3.96 , 4.0 , 4 , 6
0 , 3.96 , 4.0 , 4 , 6
0 , 3.96 , 4.0 , 4 , 6
0 , 3.96 , 4.0 , 4 , 6
0 , 3.96 , 4.0 , 4 , 6
0 , 3.94 , 4.0 , 4 , 6
0 , 3.94 , 4.0 , 4 , 6
0 , 3.94 , 4.0 , 4 , 6
0 , 3.92 , 4.0 , 4 , 6
0 , 3.92 , 4.0 , 4 , 6
0 , 3.92 , 4.0 , 4 , 6
0 , 3.92 , 4.0 , 4 , 6
0 , 3.92 , 4.0 , 4 , 6
0 , 3.92 , 4.0 , 4 , 6
0 , 3.92 , 4.0 , 4 , 6
0 , 3.92 , 4.0 , 4 , 6
0 , 3.92 , 4.0 , 4 , 6
0 , 3.92 , 4.0 , 4 , 6
0 , 3.92 , 4.0 , 4 , 6
0 , 3.92 , 4.0 , 4 , 6
0 , 3.92 , 4.0 , 4 , 6
0 , 3.88 , 4.0 , 4 , 6
0 , 3.88 , 4.0 , 4 , 6
0 , 3.88 , 4.0 , 4 , 6
0 , 3.88 , 4.0 , 4 , 6
0 , 3.88 , 4.0 , 4 , 6
0 , 3.88 , 4.0 , 4 , 6
0 , 3.88 , 4.0 , 4 , 6
0 , 3.88 , 4.0 , 4 , 6
0 , 3.88 , 4.0 , 4 , 6
0 , 3.88 , 4.0 , 4 , 6
0 , 3.88 , 4.0 , 4 , 6
0 , 3.88 , 4.0 , 4 , 6
0 , 3.88 , 4.0 , 4 , 6
0 , 3.88 , 4.0 , 4 , 6
0 , 3.88 , 4.0 , 4 , 6
0 , 3.86 , 4.0 , 4 , 6
0 , 3.86 , 4.0 , 4 , 6
0 , 3.86 , 4.0 , 4 , 6
0 , 3.84 , 4.0 , 4 , 6
0 , 3.78 , 4.0 , 4 , 6
0 , 3.78 , 4.0 , 4 , 6
0 , 3.78 , 4.0 , 4 , 6
0 , 3.78 , 4.0 , 4 , 6
0 , 3.78 , 4.0 , 4 , 6
0 , 3.78 , 4.0 , 4 , 6
0 , 3.78 , 4.0 , 4 , 6
0 , 3.78 , 4.0 , 4 , 6
0 , 3.78 , 4.0 , 4 , 6
0 , 3.78 , 4.0 , 4 , 6
0 , 3.78 , 4.0 , 4 , 6
0 , 3.78 , 4.0 , 4 , 6
0 , 3.78 , 4.0 , 4 , 6
0 , 3.78 , 4.0 , 4 , 6
0 , 3.78 , 4.0 , 4 , 6
0 , 3.78 , 4.0 , 4 , 6
0 , 3.78 , 4.0 , 4 , 6
0 , 3.78 , 4.0 , 4 , 6
0 , 3.78 , 4.0 , 4 , 6
0 , 3.78 , 4.0 , 4 , 6
0 , 3.78 , 4.0 , 4 , 6
0 , 3.78 , 4.0 , 4 , 6
0 , 3.78 , 4.0 , 4 , 6
0 , 3.78 , 4.0 , 4 , 6
0 , 3.76 , 4.0 , 4 , 6
0 , 3.76 , 4.0 , 4 , 6
0 , 3.76 , 4.0 , 4 , 6
0 , 3.76 , 4.0 , 4 , 6
0 , 3.76 , 4.0 , 4 , 6
0 , 3.7 , 4.0 , 4 , 6
0 , 3.7 , 4.0 , 4 , 6
0 , 3.68 , 4.0 , 4 , 6
0 , 3.68 , 4.0 , 4 , 6
0 , 3.64 , 4.0 , 4 , 6
0 , 3.6 , 4.0 , 4 , 6
0 , 3.6 , 4.0 , 4 , 6
0 , 3.6 , 4.0 , 4 , 6
0 , 3.6 , 4.0 , 4 , 6
0 , 3.6 , 4.0 , 4 , 6
0 , 3.6 , 4.0 , 4 , 6
0 , 3.6 , 4.0 , 4 , 6
0 , 3.58 , 4.0 , 4 , 6
0 , 3.58 , 4.0 , 4 , 6
0 , 3.56 , 4.0 , 4 , 6
0 , 3.56 , 4.0 , 4 , 6
0 , 3.56 , 4.0 , 4 , 6
0 , 3.56 , 4.0 , 4 , 6
0 , 3.56 , 4.0 , 4 , 6
0 , 3.56 , 4.0 , 4 , 6
0 , 3.56 , 4.0 , 4 , 6
0 , 3.56 , 4.0 , 4 , 6
0 , 3.56 , 4.0 , 4 , 6
0 , 3.56 , 4.0 , 4 , 6
0 , 3.56 , 4.0 , 4 , 6
0 , 3.56 , 4.0 , 4 , 6
0 , 3.56 , 4.0 , 4 , 6
0 , 3.56 , 4.0 , 4 , 6
0 , 3.56 , 4.0 , 4 , 6
0 , 3.52 , 4.0 , 4 , 6
0 , 3.52 , 4.0 , 4 , 6
0 , 3.52 , 4.0 , 4 , 6
0 , 3.52 , 4.0 , 4 , 6
0 , 3.52 , 4.0 , 4 , 6
0 , 3.52 , 4.0 , 4 , 6
0 , 3.5 , 4.0 , 4 , 4
0 , 3.5 , 4.0 , 4 , 4
0 , 3.5 , 4.0 , 4 , 4
0 , 3.5 , 4.0 , 4 , 4
0 , 3.5 , 4.0 , 4 , 4
0 , 3.5 , 4.0 , 4 , 4
0 , 3.5 , 4.0 , 4 , 4
0 , 3.5 , 4.0 , 4 , 4
0 , 3.5 , 4.0 , 4 , 4
0 , 3.5 , 4.0 , 4 , 4
0 , 3.48 , 4.0 , 4 , 4
0 , 3.48 , 4.0 , 4 , 4
0 , 3.48 , 4.0 , 4 , 4
0 , 3.48 , 4.0 , 4 , 4
0 , 3.48 , 4.0 , 4 , 4
0 , 3.48 , 4.0 , 4 , 4
0 , 3.48 , 4.0 , 4 , 4
0 , 3.48 , 4.0 , 4 , 4
0 , 3.48 , 4.0 , 4 , 4
0 , 3.48 , 4.0 , 4 , 4
0 , 3.48 , 4.0 , 4 , 4
0 , 3.48 , 4.0 , 4 , 4
0 , 3.48 , 4.0 , 4 , 4
0 , 3.48 , 4.0 , 4 , 4
0 , 3.48 , 4.0 , 4 , 4
0 , 3.48 , 4.0 , 4 , 4
0 , 3.48 , 4.0 , 4 , 4
0 , 3.48 , 4.0 , 4 , 4
0 , 3.46 , 4.0 , 4 , 4
0 , 3.46 , 4.0 , 4 , 4
0 , 3.46 , 4.0 , 4 , 4
0 , 3.46 , 4.0 , 4 , 4
0 , 3.46 , 4.0 , 4 , 4
0 , 3.46 , 4.0 , 4 , 4
0 , 3.46 , 4.0 , 4 , 4
0 , 3.46 , 4.0 , 4 , 4
0 , 3.46 , 4.0 , 4 , 4
0 , 3.46 , 4.0 , 4 , 4
0 , 3.46 , 4.0 , 4 , 4
0 , 3.46 , 4.0 , 4 , 4
0 , 3.42 , 4.0 , 4 , 4
0 , 3.42 , 4.0 , 4 , 4
0 , 3.42 , 4.0 , 4 , 4
0 , 3.42 , 4.0 , 4 , 4
0 , 3.42 , 4.0 , 4 , 4
0 , 3.42 , 4.0 , 4 , 4
0 , 3.42 , 4.0 , 4 , 4
0 , 3.42 , 4.0 , 4 , 4
0 , 3.42 , 4.0 , 4 , 4
0 , 3.42 , 4.0 , 4 , 4
0 , 3.42 , 4.0 , 4 , 4
0 , 3.42 , 4.0 , 4 , 4
0 , 3.42 , 4.0 , 4 , 4
0 , 3.42 , 4.0 , 4 , 4
0 , 3.42 , 4.0 , 4 , 4
0 , 3.42 , 4.0 , 4 , 4
0 , 3.42 , 4.0 , 4 , 4
0 , 3.42 , 4.0 , 4 , 4
0 , 3.42 , 4.0 , 4 , 4
0 , 3.42 , 4.0 , 4 , 4
0 , 3.42 , 4.0 , 4 , 4
0 , 3.42 , 4.0 , 4 , 4
0 , 3.42 , 4.0 , 4 , 4
0 , 3.42 , 4.0 , 4 , 4
0 , 3.42 , 4.0 , 4 , 4
0 , 3.42 , 4.0 , 4 , 4
0 , 3.42 , 4.0 , 4 , 4
0 , 3.42 , 4.0 , 4 , 4
0 , 3.42 , 4.0 , 4 , 4
0 , 3.42 , 4.0 , 4 , 4
0 , 3.42 , 4.0 , 4 , 4
0 , 3.42 , 4.0 , 4 , 4
0 , 3.42 , 4.0 , 4 , 4
0 , 3.42 , 4.0 , 4 , 4
0 , 3.42 , 4.0 , 4 , 4
0 , 3.42 , 4.0 , 4 , 4
0 , 3.42 , 4.0 , 4 , 4
0 , 3.42 , 4.0 , 4 , 4
0 , 3.42 , 4.0 , 4 , 4
0 , 3.42 , 4.0 , 4 , 4
0 , 3.4 , 4.0 , 4 , 4
0 , 3.4 , 4.0 , 4 , 4
0 , 3.4 , 4.0 , 4 , 4
0 , 3.4 , 4.0 , 4 , 4
0 , 3.4 , 4.0 , 4 , 4
0 , 3.4 , 4.0 , 4 , 4
0 , 3.4 , 4.0 , 4 , 4
0 , 3.4 , 4.0 , 4 , 4
0 , 3.4 , 4.0 , 4 , 4
0 , 3.4 , 4.0 , 4 , 4
0 , 3.4 , 4.0 , 4 , 4
0 , 3.4 , 4.0 , 4 , 4
0 , 3.4 , 4.0 , 4 , 4
0 , 3.4 , 4.0 , 4 , 4
0 , 3.4 , 4.0 , 4 , 4
0 , 3.4 , 4.0 , 4 , 4
0 , 3.4 , 4.0 , 4 , 4
0 , 3.4 , 4.0 , 4 , 4
0 , 3.4 , 4.0 , 4 , 4
0 , 3.4 , 4.0 , 4 , 4
0 , 3.4 , 4.0 , 4 , 4
0 , 3.4 , 4.0 , 4 , 4
0 , 3.4 , 4.0 , 4 , 4
0 , 3.4 , 4.0 , 4 , 4
0 , 3.4 , 4.0 , 4 , 4
0 , 3.4 , 4.0 , 4 , 4
0 , 3.4 , 4.0 , 4 , 4
0 , 3.4 , 4.0 , 4 , 4
0 , 3.4 , 4.0 , 4 , 4
0 , 3.4 , 4.0 , 4 , 4
0 , 3.4 , 4.0 , 4 , 4
0 , 3.4 , 4.0 , 4 , 4
0 , 3.4 , 4.0 , 4 , 4
0 , 3.4 , 4.0 , 4 , 4
0 , 3.4 , 4.0 , 4 , 4
0 , 3.4 , 4.0 , 4 , 4
0 , 3.4 , 4.0 , 4 , 4
0 , 3.4 , 4.0 , 4 , 4
0 , 3.4 , 4.0 , 4 , 4
0 , 3.4 , 4.0 , 4 , 4
0 , 3.4 , 4.0 , 4 , 4
0 , 3.4 , 4.0 , 4 , 4
0 , 3.4 , 4.0 , 4 , 4
0 , 3.4 , 4.0 , 4 , 4
0 , 3.4 , 4.0 , 4 , 4
0 , 3.4 , 4.0 , 4 , 4
0 , 3.4 , 4.0 , 4 , 4
0 , 3.4 , 4.0 , 4 , 4
0 , 3.4 , 4.0 , 4 , 4
0 , 3.4 , 4.0 , 4 , 4
0 , 3.4 , 4.0 , 4 , 4
0 , 3.4 , 4.0 , 4 , 4
0 , 3.4 , 4.0 , 4 , 4
0 , 3.4 , 4.0 , 4 , 4
0 , 3.4 , 4.0 , 4 , 4
0 , 3.4 , 4.0 , 4 , 4
0 , 3.4 , 4.0 , 4 , 4
0 , 3.4 , 4.0 , 4 , 4
0 , 3.4 , 4.0 , 4 , 4
0 , 3.38 , 4.0 , 4 , 4
0 , 3.38 , 4.0 , 4 , 4
0 , 3.38 , 4.0 , 4 , 4
0 , 3.38 , 4.0 , 4 , 4
0 , 3.38 , 4.0 , 4 , 4
0 , 3.38 , 4.0 , 4 , 4
0 , 3.38 , 4.0 , 4 , 4
0 , 3.38 , 4.0 , 4 , 4
0 , 3.38 , 4.0 , 4 , 4
0 , 3.38 , 4.0 , 4 , 4
0 , 3.38 , 4.0 , 4 , 4
0 , 3.38 , 4.0 , 4 , 4
0 , 3.38 , 4.0 , 4 , 4
0 , 3.38 , 4.0 , 4 , 4
0 , 3.38 , 4.0 , 4 , 4
0 , 3.38 , 4.0 , 4 , 4
0 , 3.38 , 4.0 , 4 , 4
0 , 3.38 , 4.0 , 4 , 4
0 , 3.38 , 4.0 , 4 , 4
0 , 3.38 , 4.0 , 4 , 4
0 , 3.38 , 4.0 , 4 , 4
0 , 3.38 , 4.0 , 4 , 4
0 , 3.38 , 4.0 , 4 , 4
0 , 3.38 , 4.0 , 4 , 4
0 , 3.36 , 4.0 , 4 , 4
0 , 3.36 , 4.0 , 4 , 4
0 , 3.36 , 4.0 , 4 , 4
0 , 3.36 , 4.0 , 4 , 4
0 , 3.36 , 4.0 , 4 , 4
0 , 3.36 , 4.0 , 4 , 4
0 , 3.36 , 4.0 , 4 , 4
0 , 3.36 , 4.0 , 4 , 4
0 , 3.36 , 4.0 , 4 , 4
0 , 3.36 , 4.0 , 4 , 4
0 , 3.36 , 4.0 , 4 , 4
0 , 3.36 , 4.0 , 4 , 4
0 , 3.36 , 4.0 , 4 , 4
0 , 3.36 , 4.0 , 4 , 4
0 , 3.36 , 4.0 , 4 , 4
0 , 3.36 , 4.0 , 4 , 4
0 , 3.36 , 4.0 , 4 , 4
0 , 3.32 , 4.0 , 4 , 4
0 , 3.32 , 4.0 , 4 , 4
0 , 3.32 , 4.0 , 4 , 4
0 , 3.32 , 4.0 , 4 , 4
0 , 3.32 , 4.0 , 4 , 4
0 , 3.32 , 4.0 , 4 , 4
0 , 3.28 , 4.0 , 4 , 4
0 , 3.28 , 4.0 , 4 , 4
0 , 3.28 , 4.0 , 4 , 4
0 , 3.24 , 4.0 , 4 , 4
0 , 3.24 , 4.0 , 4 , 4
0 , 3.24 , 4.0 , 4 , 4
0 , 3.24 , 4.0 , 4 , 4
0 , 3.24 , 4.0 , 4 , 4
0 , 3.24 , 4.0 , 4 , 4
0 , 3.24 , 4.0 , 4 , 4
0 , 3.24 , 4.0 , 4 , 4
0 , 3.24 , 4.0 , 4 , 4
0 , 3.24 , 4.0 , 4 , 4
0 , 3.24 , 4.0 , 4 , 4
0 , 3.24 , 4.0 , 4 , 4
0 , 3.24 , 4.0 , 4 , 4
0 , 3.24 , 4.0 , 4 , 4
0 , 3.24 , 4.0 , 4 , 4
0 , 3.24 , 4.0 , 4 , 4
0 , 3.24 , 4.0 , 4 , 4
0 , 3.24 , 4.0 , 4 , 4
0 , 3.24 , 4.0 , 4 , 4
0 , 3.24 , 4.0 , 4 , 4
0 , 3.24 , 4.0 , 4 , 4
0 , 3.22 , 4.0 , 4 , 4
0 , 3.22 , 4.0 , 4 , 4
0 , 3.22 , 4.0 , 4 , 4
0 , 3.22 , 4.0 , 4 , 4
0 , 3.2 , 4.0 , 4 , 4
0 , 3.2 , 4.0 , 4 , 4
0 , 3.2 , 4.0 , 4 , 4
0 , 3.2 , 4.0 , 4 , 4
0 , 3.2 , 4.0 , 4 , 4
0 , 3.2 , 4.0 , 4 , 4
0 , 3.2 , 4.0 , 4 , 4
0 , 3.2 , 4.0 , 4 , 4
0 , 3.18 , 4.0 , 4 , 4
0 , 3.18 , 4.0 , 4 , 4
0 , 3.18 , 4.0 , 4 , 4
0 , 3.18 , 4.0 , 4 , 4
0 , 3.18 , 4.0 , 4 , 4
0 , 3.18 , 4.0 , 4 , 4
0 , 3.16 , 4.0 , 4 , 4
0 , 3.16 , 4.0 , 4 , 4
0 , 3.16 , 4.0 , 4 , 4
0 , 3.16 , 4.0 , 4 , 4
0 , 3.14 , 4.0 , 4 , 4
0 , 3.14 , 4.0 , 4 , 4
0 , 3.14 , 4.0 , 4 , 4
0 , 3.14 , 4.0 , 4 , 4
0 , 3.14 , 4.0 , 4 , 4
0 , 3.14 , 4.0 , 4 , 4
0 , 3.14 , 4.0 , 4 , 4
0 , 3.14 , 4.0 , 4 , 4
0 , 3.14 , 4.0 , 4 , 4
0 , 3.14 , 4.0 , 4 , 4
0 , 3.14 , 4.0 , 4 , 4
0 , 3.1 , 4.0 , 4 , 4
0 , 3.1 , 4.0 , 4 , 4
0 , 3.1 , 4.0 , 4 , 4
0 , 3.1 , 4.0 , 4 , 4
0 , 3.08 , 4.0 , 4 , 4
0 , 3.08 , 4.0 , 4 , 4
0 , 3.08 , 4.0 , 4 , 4
0 , 3.08 , 4.0 , 4 , 4
0 , 3.08 , 4.0 , 4 , 4
0 , 3.08 , 4.0 , 4 , 4
0 , 3.08 , 4.0 , 4 , 4
0 , 3.08 , 4.0 , 4 , 4
0 , 3.08 , 4.0 , 4 , 4
0 , 3.08 , 4.0 , 4 , 4
0 , 3.04 , 4.0 , 4 , 4
0 , 3.04 , 4.0 , 4 , 4
0 , 3.04 , 4.0 , 4 , 4
0 , 3.04 , 4.0 , 4 , 4
0 , 3.0 , 4.0 , 4 , 4
0 , 3.0 , 4.0 , 4 , 4
0 , 3.0 , 4.0 , 4 , 4
0 , 3.0 , 4.0 , 4 , 4
0 , 3.0 , 4.0 , 4 , 4
0 , 3.0 , 4.0 , 4 , 4
0 , 3.0 , 4.0 , 4 , 4
0 , 3.0 , 4.0 , 4 , 4
0 , 3.0 , 4.0 , 4 , 4
0 , 3.0 , 4.0 , 4 , 4
0 , 3.0 , 4.0 , 4 , 4
0 , 3.0 , 4.0 , 4 , 4
0 , 3.0 , 4.0 , 4 , 4
0 , 3.0 , 4.0 , 4 , 4
0 , 3.0 , 4.0 , 4 , 4
0 , 3.0 , 4.0 , 4 , 4
0 , 2.98 , 4.0 , 4 , 4
0 , 2.98 , 4.0 , 4 , 4
0 , 2.98 , 4.0 , 4 , 4
0 , 2.98 , 4.0 , 4 , 4
0 , 2.98 , 4.0 , 4 , 4
0 , 2.98 , 4.0 , 4 , 4
0 , 2.98 , 4.0 , 4 , 4
0 , 2.98 , 4.0 , 4 , 4
0 , 2.98 , 4.0 , 4 , 4
0 , 2.98 , 4.0 , 4 , 4
0 , 2.98 , 4.0 , 4 , 4
0 , 2.98 , 4.0 , 4 , 4
0 , 2.98 , 4.0 , 4 , 4
0 , 2.98 , 4.0 , 4 , 4
0 , 2.98 , 4.0 , 4 , 4
0 , 2.98 , 4.0 , 4 , 4
0 , 2.98 , 4.0 , 4 , 4
0 , 2.98 , 4.0 , 4 , 4
0 , 2.96 , 4.0 , 4 , 4
0 , 2.96 , 4.0 , 4 , 4
0 , 2.96 , 4.0 , 4 , 4
0 , 2.96 , 4.0 , 4 , 4
0 , 2.96 , 4.0 , 4 , 4
0 , 2.96 , 4.0 , 4 , 4
0 , 2.96 , 4.0 , 4 , 4
0 , 2.96 , 4.0 , 4 , 4
0 , 2.96 , 4.0 , 4 , 4
0 , 2.96 , 4.0 , 4 , 4
0 , 2.96 , 4.0 , 4 , 4
0 , 2.96 , 4.0 , 4 , 4
0 , 2.96 , 4.0 , 4 , 4
0 , 2.96 , 4.0 , 4 , 4
0 , 2.96 , 4.0 , 4 , 4
0 , 2.96 , 4.0 , 4 , 4
0 , 2.96 , 4.0 , 4 , 4
0 , 2.96 , 4.0 , 4 , 4
0 , 2.96 , 4.0 , 4 , 4
0 , 2.96 , 4.0 , 4 , 4
0 , 2.96 , 4.0 , 4 , 4
0 , 2.96 , 4.0 , 4 , 4
0 , 2.96 , 4.0 , 4 , 4
0 , 2.94 , 4.0 , 4 , 4
0 , 2.94 , 4.0 , 4 , 4
0 , 2.94 , 4.0 , 4 , 4
0 , 2.94 , 4.0 , 4 , 4
0 , 2.94 , 4.0 , 4 , 4
0 , 2.94 , 4.0 , 4 , 4
0 , 2.94 , 4.0 , 4 , 4
0 , 2.94 , 4.0 , 4 , 4
0 , 2.94 , 4.0 , 4 , 4
0 , 2.94 , 4.0 , 4 , 4
0 , 2.94 , 4.0 , 4 , 4
0 , 2.92 , 4.0 , 4 , 4
0 , 2.92 , 4.0 , 4 , 4
0 , 2.92 , 4.0 , 4 , 4
0 , 2.92 , 4.0 , 4 , 4
0 , 2.92 , 4.0 , 4 , 4
0 , 2.92 , 4.0 , 4 , 4
0 , 2.92 , 4.0 , 4 , 4
0 , 2.92 , 4.0 , 4 , 4
0 , 2.92 , 4.0 , 4 , 4
0 , 2.92 , 4.0 , 4 , 4
0 , 2.92 , 4.0 , 4 , 4
0 , 2.92 , 4.0 , 4 , 4
0 , 2.92 , 4.0 , 4 , 4
0 , 2.92 , 4.0 , 4 , 4
0 , 2.92 , 4.0 , 4 , 4
0 , 2.92 , 4.0 , 4 , 4
0 , 2.92 , 4.0 , 4 , 4
0 , 2.92 , 4.0 , 4 , 4
0 , 2.9 , 4.0 , 4 , 4
0 , 2.9 , 4.0 , 4 , 4
0 , 2.9 , 4.0 , 4 , 4
0 , 2.9 , 4.0 , 4 , 4
0 , 2.88 , 4.0 , 4 , 4
0 , 2.88 , 4.0 , 4 , 4
0 , 2.88 , 4.0 , 4 , 4
0 , 2.88 , 4.0 , 4 , 4
0 , 2.88 , 4.0 , 4 , 4
0 , 2.88 , 4.0 , 4 , 4
0 , 2.88 , 4.0 , 4 , 4
0 , 2.88 , 4.0 , 4 , 4
0 , 2.88 , 4.0 , 4 , 4
0 , 2.88 , 4.0 , 4 , 4
0 , 2.88 , 4.0 , 4 , 4
0 , 2.88 , 4.0 , 4 , 4
0 , 2.88 , 4.0 , 4 , 4
0 , 2.88 , 4.0 , 4 , 4
0 , 2.86 , 4.0 , 4 , 4
0 , 2.86 , 4.0 , 4 , 4
0 , 2.84 , 3.0 , 4 , 4
0 , 2.84 , 3.0 , 4 , 4
0 , 2.84 , 3.0 , 4 , 4
0 , 2.84 , 3.0 , 4 , 4
0 , 2.84 , 3.0 , 4 , 4
0 , 2.84 , 3.0 , 4 , 4
0 , 2.84 , 3.0 , 4 , 4
0 , 2.84 , 3.0 , 4 , 4
0 , 2.84 , 3.0 , 4 , 4
0 , 2.84 , 3.0 , 4 , 4
0 , 2.84 , 3.0 , 4 , 4
0 , 2.84 , 3.0 , 4 , 4
0 , 2.84 , 3.0 , 4 , 4
0 , 2.84 , 3.0 , 4 , 4
0 , 2.84 , 3.0 , 4 , 4
0 , 2.84 , 3.0 , 4 , 4
0 , 2.84 , 3.0 , 4 , 4
0 , 2.84 , 3.0 , 4 , 4
0 , 2.82 , 2.0 , 4 , 4
0 , 2.82 , 2.0 , 4 , 4
0 , 2.82 , 2.0 , 4 , 4
0 , 2.82 , 2.0 , 4 , 4
0 , 2.82 , 2.0 , 4 , 4
0 , 2.82 , 2.0 , 4 , 4
0 , 2.82 , 2.0 , 4 , 4
0 , 2.82 , 2.0 , 4 , 4
0 , 2.82 , 2.0 , 4 , 4
0 , 2.82 , 2.0 , 4 , 4
0 , 2.82 , 2.0 , 4 , 4
0 , 2.82 , 2.0 , 4 , 4
0 , 2.82 , 2.0 , 4 , 4
0 , 2.82 , 2.0 , 4 , 4
0 , 2.82 , 2.0 , 4 , 4
0 , 2.82 , 2.0 , 4 , 4
0 , 2.82 , 2.0 , 4 , 4
0 , 2.82 , 2.0 , 4 , 4
0 , 2.82 , 2.0 , 4 , 4
0 , 2.82 , 2.0 , 4 , 4
0 , 2.82 , 2.0 , 4 , 4
0 , 2.82 , 2.0 , 4 , 4
0 , 2.82 , 2.0 , 4 , 4
0 , 2.82 , 2.0 , 4 , 4
0 , 2.82 , 2.0 , 4 , 4
0 , 2.82 , 2.0 , 4 , 4
0 , 2.82 , 2.0 , 4 , 4
0 , 2.8 , 2.0 , 4 , 4
0 , 2.8 , 2.0 , 4 , 4
0 , 2.76 , 2.0 , 4 , 4
0 , 2.76 , 2.0 , 4 , 4
0 , 2.76 , 2.0 , 4 , 4
0 , 2.76 , 2.0 , 4 , 4
0 , 2.76 , 2.0 , 4 , 4
0 , 2.76 , 2.0 , 4 , 4
0 , 2.76 , 2.0 , 4 , 4
0 , 2.76 , 2.0 , 4 , 4
0 , 2.76 , 2.0 , 4 , 4
0 , 2.76 , 2.0 , 4 , 4
0 , 2.76 , 2.0 , 4 , 4
0 , 2.76 , 2.0 , 4 , 4
0 , 2.76 , 2.0 , 4 , 4
0 , 2.76 , 2.0 , 4 , 4
0 , 2.76 , 2.0 , 4 , 4
0 , 2.76 , 2.0 , 4 , 4
0 , 2.76 , 2.0 , 4 , 4
0 , 2.76 , 2.0 , 4 , 4
0 , 2.76 , 2.0 , 4 , 4
0 , 2.76 , 2.0 , 4 , 4
0 , 2.76 , 2.0 , 4 , 4
0 , 2.76 , 2.0 , 4 , 4
0 , 2.76 , 2.0 , 4 , 4
0 , 2.76 , 2.0 , 4 , 4
0 , 2.76 , 2.0 , 4 , 4
0 , 2.76 , 2.0 , 4 , 4
0 , 2.76 , 2.0 , 4 , 4
0 , 2.76 , 2.0 , 4 , 4
0 , 2.76 , 2.0 , 4 , 4
0 , 2.76 , 2.0 , 4 , 4
0 , 2.76 , 2.0 , 4 , 4
0 , 2.76 , 2.0 , 4 , 4
0 , 2.76 , 2.0 , 4 , 4
0 , 2.76 , 2.0 , 4 , 4
0 , 2.76 , 2.0 , 4 , 4
0 , 2.76 , 2.0 , 4 , 4
0 , 2.76 , 2.0 , 4 , 4
0 , 2.76 , 2.0 , 4 , 4
0 , 2.72 , 2.0 , 2 , 4
0 , 2.72 , 2.0 , 2 , 4
0 , 2.72 , 2.0 , 2 , 4
0 , 2.72 , 2.0 , 2 , 4
0 , 2.72 , 2.0 , 2 , 4
0 , 2.72 , 2.0 , 2 , 4
0 , 2.72 , 2.0 , 2 , 4
0 , 2.72 , 2.0 , 2 , 4
0 , 2.72 , 2.0 , 2 , 4
0 , 2.72 , 2.0 , 2 , 4
0 , 2.72 , 2.0 , 2 , 4
0 , 2.72 , 2.0 , 2 , 4
0 , 2.72 , 2.0 , 2 , 4
0 , 2.72 , 2.0 , 2 , 4
0 , 2.7 , 2.0 , 2 , 4
0 , 2.7 , 2.0 , 2 , 4
0 , 2.7 , 2.0 , 2 , 4
0 , 2.64 , 2.0 , 2 , 4
0 , 2.64 , 2.0 , 2 , 4
0 , 2.64 , 2.0 , 2 , 4
0 , 2.62 , 2.0 , 2 , 4
0 , 2.62 , 2.0 , 2 , 4
0 , 2.62 , 2.0 , 2 , 4
0 , 2.62 , 2.0 , 2 , 4
0 , 2.62 , 2.0 , 2 , 4
0 , 2.62 , 2.0 , 2 , 4
0 , 2.62 , 2.0 , 2 , 4
0 , 2.62 , 2.0 , 2 , 4
0 , 2.62 , 2.0 , 2 , 4
0 , 2.62 , 2.0 , 2 , 4
0 , 2.58 , 2.0 , 2 , 4
0 , 2.58 , 2.0 , 2 , 4
0 , 2.58 , 2.0 , 2 , 4
0 , 2.58 , 2.0 , 2 , 4
0 , 2.58 , 2.0 , 2 , 4
0 , 2.54 , 2.0 , 2 , 4
0 , 2.52 , 2.0 , 2 , 4
0 , 2.52 , 2.0 , 2 , 4
0 , 2.52 , 2.0 , 2 , 4
0 , 2.52 , 2.0 , 2 , 4
0 , 2.48 , 2.0 , 2 , 4
0 , 2.48 , 2.0 , 2 , 4
0 , 2.48 , 2.0 , 2 , 4
0 , 2.48 , 2.0 , 2 , 4
0 , 2.48 , 2.0 , 2 , 4
0 , 2.48 , 2.0 , 2 , 4
0 , 2.48 , 2.0 , 2 , 4
0 , 2.48 , 2.0 , 2 , 4
0 , 2.48 , 2.0 , 2 , 4
0 , 2.48 , 2.0 , 2 , 4
0 , 2.48 , 2.0 , 2 , 4
0 , 2.48 , 2.0 , 2 , 4
0 , 2.48 , 2.0 , 2 , 4
0 , 2.48 , 2.0 , 2 , 4
0 , 2.48 , 2.0 , 2 , 4
0 , 2.48 , 2.0 , 2 , 4
0 , 2.48 , 2.0 , 2 , 4
0 , 2.48 , 2.0 , 2 , 4
0 , 2.46 , 2.0 , 2 , 4
0 , 2.46 , 2.0 , 2 , 4
0 , 2.42 , 2.0 , 2 , 4
0 , 2.42 , 2.0 , 2 , 4
0 , 2.42 , 2.0 , 2 , 4
0 , 2.42 , 2.0 , 2 , 4
0 , 2.42 , 2.0 , 2 , 4
0 , 2.42 , 2.0 , 2 , 4
0 , 2.42 , 2.0 , 2 , 4
0 , 2.42 , 2.0 , 2 , 4
0 , 2.42 , 2.0 , 2 , 4
0 , 2.42 , 2.0 , 2 , 4
0 , 2.42 , 2.0 , 2 , 4
0 , 2.42 , 2.0 , 2 , 4
0 , 2.42 , 2.0 , 2 , 4
0 , 2.4 , 2.0 , 2 , 4
0 , 2.4 , 2.0 , 2 , 4
0 , 2.4 , 2.0 , 2 , 4
0 , 2.4 , 2.0 , 2 , 4
0 , 2.4 , 2.0 , 2 , 4
0 , 2.4 , 2.0 , 2 , 4
0 , 2.4 , 2.0 , 2 , 4
0 , 2.4 , 2.0 , 2 , 4
0 , 2.4 , 2.0 , 2 , 4
0 , 2.4 , 2.0 , 2 , 4
0 , 2.4 , 2.0 , 2 , 4
0 , 2.4 , 2.0 , 2 , 4
0 , 2.4 , 2.0 , 2 , 4
0 , 2.4 , 2.0 , 2 , 4
0 , 2.4 , 2.0 , 2 , 4
0 , 2.4 , 2.0 , 2 , 4
0 , 2.38 , 2.0 , 2 , 4
0 , 2.38 , 2.0 , 2 , 4
0 , 2.38 , 2.0 , 2 , 4
0 , 2.38 , 2.0 , 2 , 4
0 , 2.36 , 2.0 , 2 , 4
0 , 2.36 , 2.0 , 2 , 4
0 , 2.34 , 2.0 , 2 , 4
0 , 2.34 , 2.0 , 2 , 4
0 , 2.34 , 2.0 , 2 , 4
0 , 2.34 , 2.0 , 2 , 4
0 , 2.34 , 2.0 , 2 , 4
0 , 2.34 , 2.0 , 2 , 4
0 , 2.34 , 2.0 , 2 , 4
0 , 2.34 , 2.0 , 2 , 4
0 , 2.34 , 2.0 , 2 , 4
0 , 2.34 , 2.0 , 2 , 4
0 , 2.34 , 2.0 , 2 , 4
0 , 2.34 , 2.0 , 2 , 4
0 , 2.34 , 2.0 , 2 , 4
0 , 2.3 , 2.0 , 2 , 4
0 , 2.3 , 2.0 , 2 , 4
0 , 2.3 , 2.0 , 2 , 4
0 , 2.3 , 2.0 , 2 , 4
0 , 2.3 , 2.0 , 2 , 4
0 , 2.3 , 2.0 , 2 , 4
0 , 2.3 , 2.0 , 2 , 4
0 , 2.3 , 2.0 , 2 , 4
0 , 2.3 , 2.0 , 2 , 4
0 , 2.3 , 2.0 , 2 , 4
0 , 2.3 , 2.0 , 2 , 4
0 , 2.3 , 2.0 , 2 , 4
0 , 2.3 , 2.0 , 2 , 4
0 , 2.3 , 2.0 , 2 , 4
0 , 2.3 , 2.0 , 2 , 4
0 , 2.28 , 2.0 , 2 , 4
0 , 2.28 , 2.0 , 2 , 4
0 , 2.28 , 2.0 , 2 , 4
0 , 2.28 , 2.0 , 2 , 4
0 , 2.28 , 2.0 , 2 , 4
0 , 2.28 , 2.0 , 2 , 4
0 , 2.26 , 2.0 , 2 , 4
0 , 2.26 , 2.0 , 2 , 4
0 , 2.26 , 2.0 , 2 , 4
0 , 2.24 , 2.0 , 2 , 4
0 , 2.24 , 2.0 , 2 , 4
0 , 2.24 , 2.0 , 2 , 4
0 , 2.24 , 2.0 , 2 , 4
0 , 2.24 , 2.0 , 2 , 4
0 , 2.24 , 2.0 , 2 , 4
0 , 2.24 , 2.0 , 2 , 4
0 , 2.22 , 2.0 , 2 , 4
0 , 2.22 , 2.0 , 2 , 4
0 , 2.22 , 2.0 , 2 , 4
0 , 2.22 , 2.0 , 2 , 4
0 , 2.22 , 2.0 , 2 , 4
0 , 2.22 , 2.0 , 2 , 4
0 , 2.22 , 2.0 , 2 , 4
0 , 2.22 , 2.0 , 2 , 4
0 , 2.22 , 2.0 , 2 , 4
0 , 2.22 , 2.0 , 2 , 4
0 , 2.2 , 2.0 , 2 , 4
0 , 2.2 , 2.0 , 2 , 4
0 , 2.2 , 2.0 , 2 , 4
0 , 2.2 , 2.0 , 2 , 4
0 , 2.2 , 2.0 , 2 , 4
0 , 2.2 , 2.0 , 2 , 4
0 , 2.2 , 2.0 , 2 , 4
0 , 2.2 , 2.0 , 2 , 4
0 , 2.2 , 2.0 , 2 , 4
0 , 2.2 , 2.0 , 2 , 4
0 , 2.2 , 2.0 , 2 , 4
0 , 2.2 , 2.0 , 2 , 4
0 , 2.2 , 2.0 , 2 , 4
0 , 2.2 , 2.0 , 2 , 4
0 , 2.2 , 2.0 , 2 , 4
0 , 2.2 , 2.0 , 2 , 4
0 , 2.2 , 2.0 , 2 , 4
0 , 2.2 , 2.0 , 2 , 4
0 , 2.18 , 2.0 , 2 , 4
15  Perfect solutions
perfect solution individuals [[3, 1, 6, 4, 0, 7, 5, 2], [1, 5, 7, 2, 0, 3, 6, 4], [3, 5, 7, 2, 0, 6, 4, 1], [2, 5, 7, 0, 3, 6, 4, 1], [5, 2, 6, 1, 7, 4, 0, 3], [3, 5, 7, 2, 0, 6, 4, 1], [3, 6, 0, 7, 4, 1, 5, 2], [2, 5, 1, 6, 0, 3, 7, 4], [0, 5, 7, 2, 6, 3, 1, 4], [1, 5, 7, 2, 0, 3, 6, 4], [3, 5, 7, 1, 6, 0, 2, 4], [0, 6, 4, 7, 1, 3, 5, 2], [2, 5, 7, 1, 3, 0, 6, 4], [6, 2, 7, 1, 4, 0, 5, 3], [1, 5, 7, 2, 0, 3, 6, 4]]
