2 , 10.54 , 10.0 , 10 , 20
2 , 10.4 , 10.0 , 10 , 20
2 , 10.18 , 10.0 , 10 , 18
2 , 9.98 , 10.0 , 8 , 18
2 , 9.76 , 10.0 , 8 , 18
2 , 9.54 , 10.0 , 8 , 16
2 , 9.42 , 10.0 , 8 , 16
2 , 9.3 , 10.0 , 8 , 16
2 , 9.16 , 10.0 , 8 , 14
2 , 9.02 , 8.0 , 8 , 14
2 , 8.94 , 8.0 , 10 , 14
2 , 8.82 , 8.0 , 8 , 14
2 , 8.64 , 8.0 , 8 , 14
2 , 8.52 , 8.0 , 8 , 12
2 , 8.46 , 8.0 , 8 , 12
2 , 8.4 , 8.0 , 8 , 12
2 , 8.36 , 8.0 , 8 , 12
2 , 8.32 , 8.0 , 8 , 12
2 , 8.32 , 8.0 , 8 , 12
2 , 8.24 , 8.0 , 8 , 12
2 , 8.22 , 8.0 , 8 , 12
2 , 8.1 , 8.0 , 8 , 12
0 , 7.92 , 8.0 , 8 , 12
0 , 7.8 , 8.0 , 8 , 12
0 , 7.76 , 8.0 , 8 , 10
0 , 7.72 , 8.0 , 8 , 10
0 , 7.68 , 8.0 , 8 , 10
0 , 7.68 , 8.0 , 8 , 10
0 , 7.64 , 8.0 , 8 , 10
0 , 7.62 , 8.0 , 8 , 10
0 , 7.52 , 8.0 , 8 , 10
0 , 7.5 , 8.0 , 8 , 10
0 , 7.46 , 8.0 , 8 , 10
0 , 7.42 , 8.0 , 8 , 10
0 , 7.38 , 8.0 , 8 , 10
0 , 7.38 , 8.0 , 8 , 10
0 , 7.32 , 8.0 , 8 , 10
0 , 7.32 , 8.0 , 8 , 10
0 , 7.28 , 8.0 , 8 , 10
0 , 7.2 , 8.0 , 8 , 10
0 , 7.1 , 8.0 , 8 , 10
0 , 7.04 , 8.0 , 8 , 10
0 , 7.02 , 8.0 , 8 , 10
0 , 6.92 , 8.0 , 8 , 10
0 , 6.9 , 8.0 , 8 , 10
0 , 6.9 , 8.0 , 8 , 10
0 , 6.9 , 8.0 , 8 , 10
0 , 6.9 , 8.0 , 8 , 10
0 , 6.9 , 8.0 , 8 , 10
0 , 6.86 , 7.0 , 8 , 10
0 , 6.78 , 6.0 , 8 , 10
0 , 6.74 , 6.0 , 8 , 10
0 , 6.74 , 6.0 , 8 , 10
0 , 6.7 , 6.0 , 8 , 10
0 , 6.7 , 6.0 , 8 , 10
0 , 6.68 , 6.0 , 8 , 10
0 , 6.66 , 6.0 , 8 , 10
0 , 6.58 , 6.0 , 8 , 10
0 , 6.52 , 6.0 , 6 , 8
0 , 6.46 , 6.0 , 6 , 8
0 , 6.42 , 6.0 , 6 , 8
0 , 6.38 , 6.0 , 6 , 8
0 , 6.34 , 6.0 , 6 , 8
0 , 6.3 , 6.0 , 6 , 8
0 , 6.3 , 6.0 , 6 , 8
0 , 6.28 , 6.0 , 6 , 8
0 , 6.26 , 6.0 , 6 , 8
0 , 6.22 , 6.0 , 6 , 8
0 , 6.2 , 6.0 , 6 , 8
0 , 6.2 , 6.0 , 6 , 8
0 , 6.2 , 6.0 , 6 , 8
0 , 6.2 , 6.0 , 6 , 8
0 , 6.18 , 6.0 , 6 , 8
0 , 6.18 , 6.0 , 6 , 8
0 , 6.14 , 6.0 , 6 , 8
0 , 6.08 , 6.0 , 6 , 8
0 , 6.08 , 6.0 , 6 , 8
0 , 6.06 , 6.0 , 6 , 8
0 , 6.06 , 6.0 , 6 , 8
0 , 6.04 , 6.0 , 6 , 8
0 , 6.04 , 6.0 , 6 , 8
0 , 6.02 , 6.0 , 6 , 8
0 , 6.02 , 6.0 , 6 , 8
0 , 6.0 , 6.0 , 6 , 8
0 , 6.0 , 6.0 , 6 , 8
0 , 6.0 , 6.0 , 6 , 8
0 , 6.0 , 6.0 , 6 , 8
0 , 6.0 , 6.0 , 6 , 8
0 , 5.96 , 6.0 , 6 , 8
0 , 5.96 , 6.0 , 6 , 8
0 , 5.94 , 6.0 , 6 , 8
0 , 5.94 , 6.0 , 6 , 8
0 , 5.94 , 6.0 , 6 , 8
0 , 5.9 , 6.0 , 6 , 8
0 , 5.9 , 6.0 , 6 , 8
0 , 5.9 , 6.0 , 6 , 8
0 , 5.82 , 6.0 , 6 , 8
0 , 5.82 , 6.0 , 6 , 8
0 , 5.82 , 6.0 , 6 , 8
0 , 5.8 , 6.0 , 6 , 8
0 , 5.74 , 6.0 , 6 , 8
0 , 5.74 , 6.0 , 6 , 8
0 , 5.74 , 6.0 , 6 , 8
0 , 5.7 , 6.0 , 6 , 8
0 , 5.66 , 6.0 , 6 , 8
0 , 5.6 , 6.0 , 6 , 8
0 , 5.58 , 6.0 , 6 , 8
0 , 5.52 , 6.0 , 6 , 8
0 , 5.48 , 6.0 , 6 , 8
0 , 5.48 , 6.0 , 6 , 8
0 , 5.48 , 6.0 , 6 , 8
0 , 5.44 , 6.0 , 6 , 8
0 , 5.44 , 6.0 , 6 , 8
0 , 5.36 , 6.0 , 6 , 8
0 , 5.36 , 6.0 , 6 , 8
0 , 5.32 , 6.0 , 6 , 8
0 , 5.32 , 6.0 , 6 , 8
0 , 5.3 , 6.0 , 6 , 8
0 , 5.28 , 6.0 , 6 , 8
0 , 5.28 , 6.0 , 6 , 8
0 , 5.28 , 6.0 , 6 , 8
0 , 5.24 , 6.0 , 6 , 8
0 , 5.24 , 6.0 , 6 , 8
0 , 5.24 , 6.0 , 6 , 8
0 , 5.22 , 6.0 , 6 , 8
0 , 5.22 , 6.0 , 6 , 8
0 , 5.22 , 6.0 , 6 , 8
0 , 5.2 , 6.0 , 6 , 8
0 , 5.2 , 6.0 , 6 , 8
0 , 5.2 , 6.0 , 6 , 8
0 , 5.2 , 6.0 , 6 , 8
0 , 5.16 , 6.0 , 6 , 8
0 , 5.16 , 6.0 , 6 , 8
0 , 5.16 , 6.0 , 6 , 8
0 , 5.16 , 6.0 , 6 , 8
0 , 5.16 , 6.0 , 6 , 8
0 , 5.16 , 6.0 , 6 , 8
0 , 5.12 , 6.0 , 6 , 6
0 , 5.12 , 6.0 , 6 , 6
0 , 5.1 , 6.0 , 6 , 6
0 , 5.1 , 6.0 , 6 , 6
0 , 5.1 , 6.0 , 6 , 6
0 , 5.1 , 6.0 , 6 , 6
0 , 5.1 , 6.0 , 6 , 6
0 , 5.08 , 6.0 , 6 , 6
0 , 5.08 , 6.0 , 6 , 6
0 , 5.08 , 6.0 , 6 , 6
0 , 5.08 , 6.0 , 6 , 6
0 , 5.08 , 6.0 , 6 , 6
0 , 5.06 , 6.0 , 6 , 6
0 , 5.06 , 6.0 , 6 , 6
0 , 5.06 , 6.0 , 6 , 6
0 , 5.06 , 6.0 , 6 , 6
0 , 5.06 , 6.0 , 6 , 6
0 , 5.06 , 6.0 , 6 , 6
0 , 5.04 , 6.0 , 6 , 6
0 , 5.04 , 6.0 , 6 , 6
0 , 5.04 , 6.0 , 6 , 6
0 , 5.02 , 6.0 , 6 , 6
0 , 4.98 , 6.0 , 6 , 6
0 , 4.98 , 6.0 , 6 , 6
0 , 4.98 , 6.0 , 6 , 6
0 , 4.98 , 6.0 , 6 , 6
0 , 4.96 , 6.0 , 6 , 6
0 , 4.96 , 6.0 , 6 , 6
0 , 4.96 , 6.0 , 6 , 6
0 , 4.96 , 6.0 , 6 , 6
0 , 4.96 , 6.0 , 6 , 6
0 , 4.96 , 6.0 , 6 , 6
0 , 4.96 , 6.0 , 6 , 6
0 , 4.96 , 6.0 , 6 , 6
0 , 4.92 , 6.0 , 6 , 6
0 , 4.92 , 6.0 , 6 , 6
0 , 4.92 , 6.0 , 6 , 6
0 , 4.88 , 6.0 , 6 , 6
0 , 4.86 , 6.0 , 6 , 6
0 , 4.86 , 6.0 , 6 , 6
0 , 4.86 , 6.0 , 6 , 6
0 , 4.86 , 6.0 , 6 , 6
0 , 4.86 , 6.0 , 6 , 6
0 , 4.76 , 6.0 , 6 , 6
0 , 4.74 , 6.0 , 6 , 6
0 , 4.74 , 6.0 , 6 , 6
0 , 4.74 , 6.0 , 6 , 6
0 , 4.74 , 6.0 , 6 , 6
0 , 4.74 , 6.0 , 6 , 6
0 , 4.74 , 6.0 , 6 , 6
0 , 4.74 , 6.0 , 6 , 6
0 , 4.74 , 6.0 , 6 , 6
0 , 4.7 , 6.0 , 6 , 6
0 , 4.7 , 6.0 , 6 , 6
0 , 4.7 , 6.0 , 6 , 6
0 , 4.7 , 6.0 , 6 , 6
0 , 4.68 , 6.0 , 6 , 6
0 , 4.68 , 6.0 , 6 , 6
0 , 4.68 , 6.0 , 6 , 6
0 , 4.68 , 6.0 , 6 , 6
0 , 4.68 , 6.0 , 6 , 6
0 , 4.68 , 6.0 , 6 , 6
0 , 4.68 , 6.0 , 6 , 6
0 , 4.68 , 6.0 , 6 , 6
0 , 4.68 , 6.0 , 6 , 6
0 , 4.68 , 6.0 , 6 , 6
0 , 4.68 , 6.0 , 6 , 6
0 , 4.68 , 6.0 , 6 , 6
0 , 4.68 , 6.0 , 6 , 6
0 , 4.68 , 6.0 , 6 , 6
0 , 4.68 , 6.0 , 6 , 6
0 , 4.68 , 6.0 , 6 , 6
0 , 4.68 , 6.0 , 6 , 6
0 , 4.68 , 6.0 , 6 , 6
0 , 4.68 , 6.0 , 6 , 6
0 , 4.68 , 6.0 , 6 , 6
0 , 4.68 , 6.0 , 6 , 6
0 , 4.66 , 6.0 , 6 , 6
0 , 4.64 , 6.0 , 6 , 6
0 , 4.62 , 6.0 , 6 , 6
0 , 4.62 , 6.0 , 6 , 6
0 , 4.62 , 6.0 , 6 , 6
0 , 4.62 , 6.0 , 6 , 6
0 , 4.62 , 6.0 , 6 , 6
0 , 4.62 , 6.0 , 6 , 6
0 , 4.6 , 5.0 , 6 , 6
0 , 4.6 , 5.0 , 6 , 6
0 , 4.6 , 5.0 , 6 , 6
0 , 4.58 , 4.0 , 6 , 6
0 , 4.58 , 4.0 , 6 , 6
0 , 4.58 , 4.0 , 6 , 6
0 , 4.58 , 4.0 , 6 , 6
0 , 4.58 , 4.0 , 6 , 6
0 , 4.56 , 4.0 , 6 , 6
0 , 4.56 , 4.0 , 6 , 6
0 , 4.56 , 4.0 , 6 , 6
0 , 4.56 , 4.0 , 6 , 6
0 , 4.56 , 4.0 , 6 , 6
0 , 4.56 , 4.0 , 6 , 6
0 , 4.56 , 4.0 , 6 , 6
0 , 4.54 , 4.0 , 6 , 6
0 , 4.52 , 4.0 , 6 , 6
0 , 4.52 , 4.0 , 6 , 6
0 , 4.52 , 4.0 , 6 , 6
0 , 4.52 , 4.0 , 6 , 6
0 , 4.52 , 4.0 , 6 , 6
0 , 4.52 , 4.0 , 6 , 6
0 , 4.48 , 4.0 , 6 , 6
0 , 4.48 , 4.0 , 6 , 6
0 , 4.48 , 4.0 , 6 , 6
0 , 4.48 , 4.0 , 6 , 6
0 , 4.48 , 4.0 , 6 , 6
0 , 4.48 , 4.0 , 6 , 6
0 , 4.48 , 4.0 , 6 , 6
0 , 4.48 , 4.0 , 6 , 6
0 , 4.48 , 4.0 , 6 , 6
0 , 4.46 , 4.0 , 6 , 6
0 , 4.46 , 4.0 , 6 , 6
0 , 4.46 , 4.0 , 6 , 6
0 , 4.46 , 4.0 , 6 , 6
0 , 4.46 , 4.0 , 6 , 6
0 , 4.46 , 4.0 , 6 , 6
0 , 4.44 , 4.0 , 6 , 6
0 , 4.44 , 4.0 , 6 , 6
0 , 4.44 , 4.0 , 6 , 6
0 , 4.44 , 4.0 , 6 , 6
0 , 4.44 , 4.0 , 6 , 6
0 , 4.44 , 4.0 , 6 , 6
0 , 4.42 , 4.0 , 6 , 6
0 , 4.42 , 4.0 , 6 , 6
0 , 4.36 , 4.0 , 6 , 6
0 , 4.36 , 4.0 , 6 , 6
0 , 4.36 , 4.0 , 6 , 6
0 , 4.36 , 4.0 , 6 , 6
0 , 4.36 , 4.0 , 6 , 6
0 , 4.36 , 4.0 , 6 , 6
0 , 4.36 , 4.0 , 6 , 6
0 , 4.36 , 4.0 , 6 , 6
0 , 4.34 , 4.0 , 4 , 6
0 , 4.34 , 4.0 , 4 , 6
0 , 4.34 , 4.0 , 4 , 6
0 , 4.34 , 4.0 , 4 , 6
0 , 4.34 , 4.0 , 4 , 6
0 , 4.28 , 4.0 , 4 , 6
0 , 4.26 , 4.0 , 4 , 6
0 , 4.26 , 4.0 , 4 , 6
0 , 4.26 , 4.0 , 4 , 6
0 , 4.26 , 4.0 , 4 , 6
0 , 4.26 , 4.0 , 4 , 6
0 , 4.26 , 4.0 , 4 , 6
0 , 4.26 , 4.0 , 4 , 6
0 , 4.26 , 4.0 , 4 , 6
0 , 4.24 , 4.0 , 4 , 6
0 , 4.24 , 4.0 , 4 , 6
0 , 4.24 , 4.0 , 4 , 6
0 , 4.24 , 4.0 , 4 , 6
0 , 4.24 , 4.0 , 4 , 6
0 , 4.24 , 4.0 , 4 , 6
0 , 4.24 , 4.0 , 4 , 6
0 , 4.22 , 4.0 , 4 , 6
0 , 4.22 , 4.0 , 4 , 6
0 , 4.18 , 4.0 , 4 , 6
0 , 4.18 , 4.0 , 4 , 6
0 , 4.18 , 4.0 , 4 , 6
0 , 4.18 , 4.0 , 4 , 6
0 , 4.14 , 4.0 , 4 , 6
0 , 4.14 , 4.0 , 4 , 6
0 , 4.14 , 4.0 , 4 , 6
0 , 4.14 , 4.0 , 4 , 6
0 , 4.1 , 4.0 , 4 , 6
0 , 4.1 , 4.0 , 4 , 6
0 , 4.1 , 4.0 , 4 , 6
0 , 4.1 , 4.0 , 4 , 6
0 , 4.1 , 4.0 , 4 , 6
0 , 4.06 , 4.0 , 4 , 6
0 , 4.06 , 4.0 , 4 , 6
0 , 4.06 , 4.0 , 4 , 6
0 , 4.04 , 4.0 , 4 , 6
0 , 4.04 , 4.0 , 4 , 6
0 , 4.04 , 4.0 , 4 , 6
0 , 4.04 , 4.0 , 4 , 6
0 , 4.04 , 4.0 , 4 , 6
0 , 4.02 , 4.0 , 4 , 6
0 , 4.02 , 4.0 , 4 , 6
0 , 4.02 , 4.0 , 4 , 6
0 , 4.02 , 4.0 , 4 , 6
0 , 4.02 , 4.0 , 4 , 6
0 , 4.02 , 4.0 , 4 , 6
0 , 4.02 , 4.0 , 4 , 6
0 , 4.02 , 4.0 , 4 , 6
0 , 4.02 , 4.0 , 4 , 6
0 , 4.02 , 4.0 , 4 , 6
0 , 3.98 , 4.0 , 4 , 6
0 , 3.98 , 4.0 , 4 , 6
0 , 3.98 , 4.0 , 4 , 6
0 , 3.98 , 4.0 , 4 , 6
0 , 3.98 , 4.0 , 4 , 6
0 , 3.94 , 4.0 , 4 , 6
0 , 3.94 , 4.0 , 4 , 6
0 , 3.92 , 4.0 , 4 , 6
0 , 3.92 , 4.0 , 4 , 6
0 , 3.84 , 4.0 , 4 , 6
0 , 3.84 , 4.0 , 4 , 6
0 , 3.84 , 4.0 , 4 , 6
0 , 3.84 , 4.0 , 4 , 6
0 , 3.84 , 4.0 , 4 , 6
0 , 3.84 , 4.0 , 4 , 6
0 , 3.84 , 4.0 , 4 , 6
0 , 3.84 , 4.0 , 4 , 6
0 , 3.84 , 4.0 , 4 , 6
0 , 3.84 , 4.0 , 4 , 6
0 , 3.82 , 4.0 , 4 , 6
0 , 3.82 , 4.0 , 4 , 6
0 , 3.82 , 4.0 , 4 , 6
0 , 3.82 , 4.0 , 4 , 6
0 , 3.82 , 4.0 , 4 , 6
0 , 3.82 , 4.0 , 4 , 6
0 , 3.82 , 4.0 , 4 , 6
0 , 3.82 , 4.0 , 4 , 6
0 , 3.78 , 4.0 , 4 , 6
0 , 3.78 , 4.0 , 4 , 6
0 , 3.78 , 4.0 , 4 , 6
0 , 3.78 , 4.0 , 4 , 6
0 , 3.78 , 4.0 , 4 , 6
0 , 3.78 , 4.0 , 4 , 6
0 , 3.78 , 4.0 , 4 , 6
0 , 3.78 , 4.0 , 4 , 6
0 , 3.78 , 4.0 , 4 , 6
0 , 3.78 , 4.0 , 4 , 6
0 , 3.78 , 4.0 , 4 , 6
0 , 3.78 , 4.0 , 4 , 6
0 , 3.78 , 4.0 , 4 , 6
0 , 3.78 , 4.0 , 4 , 6
0 , 3.78 , 4.0 , 4 , 6
0 , 3.78 , 4.0 , 4 , 6
0 , 3.78 , 4.0 , 4 , 6
0 , 3.78 , 4.0 , 4 , 6
0 , 3.78 , 4.0 , 4 , 6
0 , 3.76 , 4.0 , 4 , 6
0 , 3.76 , 4.0 , 4 , 6
0 , 3.76 , 4.0 , 4 , 6
0 , 3.72 , 4.0 , 4 , 6
0 , 3.72 , 4.0 , 4 , 6
0 , 3.7 , 4.0 , 4 , 6
0 , 3.68 , 4.0 , 4 , 6
0 , 3.68 , 4.0 , 4 , 6
0 , 3.66 , 4.0 , 4 , 6
0 , 3.64 , 4.0 , 4 , 6
0 , 3.64 , 4.0 , 4 , 6
0 , 3.64 , 4.0 , 4 , 6
0 , 3.64 , 4.0 , 4 , 6
0 , 3.64 , 4.0 , 4 , 6
0 , 3.64 , 4.0 , 4 , 6
0 , 3.64 , 4.0 , 4 , 6
0 , 3.64 , 4.0 , 4 , 6
0 , 3.64 , 4.0 , 4 , 6
0 , 3.64 , 4.0 , 4 , 6
0 , 3.64 , 4.0 , 4 , 6
0 , 3.64 , 4.0 , 4 , 6
0 , 3.64 , 4.0 , 4 , 6
0 , 3.64 , 4.0 , 4 , 6
0 , 3.64 , 4.0 , 4 , 6
0 , 3.64 , 4.0 , 4 , 6
0 , 3.64 , 4.0 , 4 , 6
0 , 3.64 , 4.0 , 4 , 6
0 , 3.64 , 4.0 , 4 , 6
0 , 3.64 , 4.0 , 4 , 6
0 , 3.6 , 4.0 , 4 , 6
0 , 3.6 , 4.0 , 4 , 6
0 , 3.6 , 4.0 , 4 , 6
0 , 3.6 , 4.0 , 4 , 6
0 , 3.6 , 4.0 , 4 , 6
0 , 3.6 , 4.0 , 4 , 6
0 , 3.6 , 4.0 , 4 , 6
0 , 3.6 , 4.0 , 4 , 6
0 , 3.6 , 4.0 , 4 , 6
0 , 3.6 , 4.0 , 4 , 6
0 , 3.6 , 4.0 , 4 , 6
0 , 3.6 , 4.0 , 4 , 6
0 , 3.6 , 4.0 , 4 , 6
0 , 3.6 , 4.0 , 4 , 6
0 , 3.6 , 4.0 , 4 , 6
0 , 3.6 , 4.0 , 4 , 6
0 , 3.6 , 4.0 , 4 , 6
0 , 3.6 , 4.0 , 4 , 6
0 , 3.6 , 4.0 , 4 , 6
0 , 3.58 , 4.0 , 4 , 6
0 , 3.58 , 4.0 , 4 , 6
0 , 3.58 , 4.0 , 4 , 6
0 , 3.58 , 4.0 , 4 , 6
0 , 3.58 , 4.0 , 4 , 6
0 , 3.58 , 4.0 , 4 , 6
0 , 3.58 , 4.0 , 4 , 6
0 , 3.58 , 4.0 , 4 , 6
0 , 3.56 , 4.0 , 4 , 6
0 , 3.56 , 4.0 , 4 , 6
0 , 3.54 , 4.0 , 4 , 6
0 , 3.52 , 4.0 , 4 , 6
0 , 3.52 , 4.0 , 4 , 6
0 , 3.52 , 4.0 , 4 , 6
0 , 3.52 , 4.0 , 4 , 6
0 , 3.52 , 4.0 , 4 , 6
0 , 3.52 , 4.0 , 4 , 6
0 , 3.52 , 4.0 , 4 , 6
0 , 3.52 , 4.0 , 4 , 6
0 , 3.48 , 4.0 , 4 , 6
0 , 3.48 , 4.0 , 4 , 6
0 , 3.48 , 4.0 , 4 , 6
0 , 3.48 , 4.0 , 4 , 6
0 , 3.48 , 4.0 , 4 , 6
0 , 3.48 , 4.0 , 4 , 6
0 , 3.48 , 4.0 , 4 , 6
0 , 3.48 , 4.0 , 4 , 6
0 , 3.48 , 4.0 , 4 , 6
0 , 3.46 , 4.0 , 4 , 6
0 , 3.46 , 4.0 , 4 , 6
0 , 3.46 , 4.0 , 4 , 6
0 , 3.46 , 4.0 , 4 , 6
0 , 3.46 , 4.0 , 4 , 6
0 , 3.46 , 4.0 , 4 , 6
0 , 3.46 , 4.0 , 4 , 6
0 , 3.42 , 4.0 , 4 , 6
0 , 3.42 , 4.0 , 4 , 6
0 , 3.42 , 4.0 , 4 , 6
0 , 3.42 , 4.0 , 4 , 6
0 , 3.42 , 4.0 , 4 , 6
0 , 3.42 , 4.0 , 4 , 6
0 , 3.42 , 4.0 , 4 , 6
0 , 3.4 , 4.0 , 4 , 6
0 , 3.4 , 4.0 , 4 , 6
0 , 3.36 , 4.0 , 4 , 6
0 , 3.36 , 4.0 , 4 , 6
0 , 3.34 , 4.0 , 4 , 6
0 , 3.34 , 4.0 , 4 , 6
0 , 3.34 , 4.0 , 4 , 6
0 , 3.32 , 4.0 , 4 , 6
0 , 3.32 , 4.0 , 4 , 6
0 , 3.32 , 4.0 , 4 , 6
0 , 3.32 , 4.0 , 4 , 6
0 , 3.32 , 4.0 , 4 , 6
0 , 3.32 , 4.0 , 4 , 6
0 , 3.32 , 4.0 , 4 , 6
0 , 3.32 , 4.0 , 4 , 6
0 , 3.32 , 4.0 , 4 , 6
0 , 3.32 , 4.0 , 4 , 6
0 , 3.28 , 4.0 , 4 , 6
0 , 3.28 , 4.0 , 4 , 6
0 , 3.24 , 4.0 , 4 , 6
0 , 3.24 , 4.0 , 4 , 6
0 , 3.24 , 4.0 , 4 , 6
0 , 3.22 , 4.0 , 4 , 6
0 , 3.18 , 4.0 , 4 , 4
0 , 3.18 , 4.0 , 4 , 4
0 , 3.18 , 4.0 , 4 , 4
0 , 3.18 , 4.0 , 4 , 4
0 , 3.18 , 4.0 , 4 , 4
0 , 3.18 , 4.0 , 4 , 4
0 , 3.18 , 4.0 , 4 , 4
0 , 3.18 , 4.0 , 4 , 4
0 , 3.18 , 4.0 , 4 , 4
0 , 3.18 , 4.0 , 4 , 4
0 , 3.18 , 4.0 , 4 , 4
0 , 3.16 , 4.0 , 4 , 4
0 , 3.16 , 4.0 , 4 , 4
0 , 3.16 , 4.0 , 4 , 4
0 , 3.16 , 4.0 , 4 , 4
0 , 3.16 , 4.0 , 4 , 4
0 , 3.16 , 4.0 , 4 , 4
0 , 3.16 , 4.0 , 4 , 4
0 , 3.16 , 4.0 , 4 , 4
0 , 3.16 , 4.0 , 4 , 4
0 , 3.16 , 4.0 , 4 , 4
0 , 3.16 , 4.0 , 4 , 4
0 , 3.16 , 4.0 , 4 , 4
0 , 3.16 , 4.0 , 4 , 4
0 , 3.14 , 4.0 , 4 , 4
0 , 3.14 , 4.0 , 4 , 4
0 , 3.14 , 4.0 , 4 , 4
0 , 3.14 , 4.0 , 4 , 4
0 , 3.14 , 4.0 , 4 , 4
0 , 3.14 , 4.0 , 4 , 4
0 , 3.14 , 4.0 , 4 , 4
0 , 3.14 , 4.0 , 4 , 4
0 , 3.14 , 4.0 , 4 , 4
0 , 3.14 , 4.0 , 4 , 4
0 , 3.14 , 4.0 , 4 , 4
0 , 3.14 , 4.0 , 4 , 4
0 , 3.14 , 4.0 , 4 , 4
0 , 3.12 , 4.0 , 4 , 4
0 , 3.12 , 4.0 , 4 , 4
0 , 3.12 , 4.0 , 4 , 4
0 , 3.12 , 4.0 , 4 , 4
0 , 3.12 , 4.0 , 4 , 4
0 , 3.12 , 4.0 , 4 , 4
0 , 3.12 , 4.0 , 4 , 4
0 , 3.1 , 4.0 , 4 , 4
0 , 3.1 , 4.0 , 4 , 4
0 , 3.08 , 4.0 , 4 , 4
0 , 3.08 , 4.0 , 4 , 4
0 , 3.08 , 4.0 , 4 , 4
0 , 3.08 , 4.0 , 4 , 4
0 , 3.08 , 4.0 , 4 , 4
0 , 3.08 , 4.0 , 4 , 4
0 , 3.08 , 4.0 , 4 , 4
0 , 3.08 , 4.0 , 4 , 4
0 , 3.06 , 4.0 , 4 , 4
0 , 3.06 , 4.0 , 4 , 4
0 , 3.06 , 4.0 , 4 , 4
0 , 3.06 , 4.0 , 4 , 4
0 , 3.06 , 4.0 , 4 , 4
0 , 3.06 , 4.0 , 4 , 4
0 , 3.06 , 4.0 , 4 , 4
0 , 3.06 , 4.0 , 4 , 4
0 , 3.06 , 4.0 , 4 , 4
0 , 3.06 , 4.0 , 4 , 4
0 , 3.06 , 4.0 , 4 , 4
0 , 3.06 , 4.0 , 4 , 4
0 , 3.06 , 4.0 , 4 , 4
0 , 3.06 , 4.0 , 4 , 4
0 , 3.06 , 4.0 , 4 , 4
0 , 3.06 , 4.0 , 4 , 4
0 , 3.06 , 4.0 , 4 , 4
0 , 3.06 , 4.0 , 4 , 4
0 , 3.06 , 4.0 , 4 , 4
0 , 3.06 , 4.0 , 4 , 4
0 , 3.06 , 4.0 , 4 , 4
0 , 3.06 , 4.0 , 4 , 4
0 , 3.06 , 4.0 , 4 , 4
0 , 3.06 , 4.0 , 4 , 4
0 , 3.06 , 4.0 , 4 , 4
0 , 3.06 , 4.0 , 4 , 4
0 , 3.06 , 4.0 , 4 , 4
0 , 3.06 , 4.0 , 4 , 4
0 , 3.06 , 4.0 , 4 , 4
0 , 3.06 , 4.0 , 4 , 4
0 , 3.02 , 4.0 , 4 , 4
0 , 3.02 , 4.0 , 4 , 4
0 , 3.02 , 4.0 , 4 , 4
0 , 3.02 , 4.0 , 4 , 4
0 , 3.02 , 4.0 , 4 , 4
0 , 3.02 , 4.0 , 4 , 4
0 , 3.02 , 4.0 , 4 , 4
0 , 3.0 , 4.0 , 4 , 4
0 , 3.0 , 4.0 , 4 , 4
0 , 3.0 , 4.0 , 4 , 4
0 , 3.0 , 4.0 , 4 , 4
0 , 3.0 , 4.0 , 4 , 4
0 , 3.0 , 4.0 , 4 , 4
0 , 3.0 , 4.0 , 4 , 4
0 , 3.0 , 4.0 , 4 , 4
0 , 3.0 , 4.0 , 4 , 4
0 , 3.0 , 4.0 , 4 , 4
0 , 3.0 , 4.0 , 4 , 4
0 , 3.0 , 4.0 , 4 , 4
0 , 3.0 , 4.0 , 4 , 4
0 , 3.0 , 4.0 , 4 , 4
0 , 3.0 , 4.0 , 4 , 4
0 , 3.0 , 4.0 , 4 , 4
0 , 2.96 , 4.0 , 4 , 4
0 , 2.96 , 4.0 , 4 , 4
0 , 2.96 , 4.0 , 4 , 4
0 , 2.96 , 4.0 , 4 , 4
0 , 2.96 , 4.0 , 4 , 4
0 , 2.96 , 4.0 , 4 , 4
0 , 2.96 , 4.0 , 4 , 4
0 , 2.96 , 4.0 , 4 , 4
0 , 2.94 , 4.0 , 4 , 4
0 , 2.94 , 4.0 , 4 , 4
0 , 2.94 , 4.0 , 4 , 4
0 , 2.94 , 4.0 , 4 , 4
0 , 2.94 , 4.0 , 4 , 4
0 , 2.94 , 4.0 , 4 , 4
0 , 2.92 , 4.0 , 4 , 4
0 , 2.92 , 4.0 , 4 , 4
0 , 2.92 , 4.0 , 4 , 4
0 , 2.92 , 4.0 , 4 , 4
0 , 2.92 , 4.0 , 4 , 4
0 , 2.92 , 4.0 , 4 , 4
0 , 2.92 , 4.0 , 4 , 4
0 , 2.92 , 4.0 , 4 , 4
0 , 2.9 , 4.0 , 4 , 4
0 , 2.9 , 4.0 , 4 , 4
0 , 2.9 , 4.0 , 4 , 4
0 , 2.9 , 4.0 , 4 , 4
0 , 2.9 , 4.0 , 4 , 4
0 , 2.9 , 4.0 , 4 , 4
0 , 2.9 , 4.0 , 4 , 4
0 , 2.9 , 4.0 , 4 , 4
0 , 2.9 , 4.0 , 4 , 4
0 , 2.9 , 4.0 , 4 , 4
0 , 2.9 , 4.0 , 4 , 4
0 , 2.9 , 4.0 , 4 , 4
0 , 2.9 , 4.0 , 4 , 4
0 , 2.9 , 4.0 , 4 , 4
0 , 2.9 , 4.0 , 4 , 4
0 , 2.9 , 4.0 , 4 , 4
0 , 2.9 , 4.0 , 4 , 4
0 , 2.9 , 4.0 , 4 , 4
0 , 2.9 , 4.0 , 4 , 4
0 , 2.9 , 4.0 , 4 , 4
0 , 2.9 , 4.0 , 4 , 4
0 , 2.9 , 4.0 , 4 , 4
0 , 2.86 , 2.0 , 4 , 4
0 , 2.86 , 2.0 , 4 , 4
0 , 2.86 , 2.0 , 4 , 4
0 , 2.86 , 2.0 , 4 , 4
0 , 2.86 , 2.0 , 4 , 4
0 , 2.86 , 2.0 , 4 , 4
0 , 2.86 , 2.0 , 4 , 4
0 , 2.86 , 2.0 , 4 , 4
0 , 2.86 , 2.0 , 4 , 4
0 , 2.86 , 2.0 , 4 , 4
0 , 2.86 , 2.0 , 4 , 4
0 , 2.86 , 2.0 , 4 , 4
0 , 2.86 , 2.0 , 4 , 4
0 , 2.86 , 2.0 , 4 , 4
0 , 2.86 , 2.0 , 4 , 4
0 , 2.86 , 2.0 , 4 , 4
0 , 2.86 , 2.0 , 4 , 4
0 , 2.86 , 2.0 , 4 , 4
0 , 2.86 , 2.0 , 4 , 4
0 , 2.86 , 2.0 , 4 , 4
0 , 2.86 , 2.0 , 4 , 4
0 , 2.86 , 2.0 , 4 , 4
0 , 2.86 , 2.0 , 4 , 4
0 , 2.86 , 2.0 , 4 , 4
0 , 2.86 , 2.0 , 4 , 4
0 , 2.86 , 2.0 , 4 , 4
0 , 2.86 , 2.0 , 4 , 4
0 , 2.86 , 2.0 , 4 , 4
0 , 2.86 , 2.0 , 4 , 4
0 , 2.86 , 2.0 , 4 , 4
0 , 2.86 , 2.0 , 4 , 4
0 , 2.86 , 2.0 , 4 , 4
0 , 2.86 , 2.0 , 4 , 4
0 , 2.86 , 2.0 , 4 , 4
0 , 2.86 , 2.0 , 4 , 4
0 , 2.86 , 2.0 , 4 , 4
0 , 2.86 , 2.0 , 4 , 4
0 , 2.86 , 2.0 , 4 , 4
0 , 2.86 , 2.0 , 4 , 4
0 , 2.86 , 2.0 , 4 , 4
0 , 2.86 , 2.0 , 4 , 4
0 , 2.86 , 2.0 , 4 , 4
0 , 2.86 , 2.0 , 4 , 4
0 , 2.86 , 2.0 , 4 , 4
0 , 2.86 , 2.0 , 4 , 4
0 , 2.86 , 2.0 , 4 , 4
0 , 2.86 , 2.0 , 4 , 4
0 , 2.86 , 2.0 , 4 , 4
0 , 2.86 , 2.0 , 4 , 4
0 , 2.86 , 2.0 , 4 , 4
0 , 2.86 , 2.0 , 4 , 4
0 , 2.86 , 2.0 , 4 , 4
0 , 2.86 , 2.0 , 4 , 4
0 , 2.86 , 2.0 , 4 , 4
0 , 2.86 , 2.0 , 4 , 4
0 , 2.86 , 2.0 , 4 , 4
0 , 2.86 , 2.0 , 4 , 4
0 , 2.86 , 2.0 , 4 , 4
0 , 2.86 , 2.0 , 4 , 4
0 , 2.86 , 2.0 , 4 , 4
0 , 2.86 , 2.0 , 4 , 4
0 , 2.86 , 2.0 , 4 , 4
0 , 2.86 , 2.0 , 4 , 4
0 , 2.84 , 2.0 , 4 , 4
0 , 2.84 , 2.0 , 4 , 4
0 , 2.82 , 2.0 , 2 , 4
0 , 2.82 , 2.0 , 2 , 4
0 , 2.82 , 2.0 , 2 , 4
0 , 2.82 , 2.0 , 2 , 4
0 , 2.82 , 2.0 , 2 , 4
0 , 2.82 , 2.0 , 2 , 4
0 , 2.82 , 2.0 , 2 , 4
0 , 2.82 , 2.0 , 2 , 4
0 , 2.82 , 2.0 , 2 , 4
0 , 2.82 , 2.0 , 2 , 4
0 , 2.82 , 2.0 , 2 , 4
0 , 2.82 , 2.0 , 2 , 4
0 , 2.82 , 2.0 , 2 , 4
0 , 2.82 , 2.0 , 2 , 4
0 , 2.8 , 2.0 , 2 , 4
0 , 2.8 , 2.0 , 2 , 4
0 , 2.8 , 2.0 , 2 , 4
0 , 2.8 , 2.0 , 2 , 4
0 , 2.8 , 2.0 , 2 , 4
0 , 2.8 , 2.0 , 2 , 4
0 , 2.8 , 2.0 , 2 , 4
0 , 2.8 , 2.0 , 2 , 4
0 , 2.8 , 2.0 , 2 , 4
0 , 2.8 , 2.0 , 2 , 4
0 , 2.8 , 2.0 , 2 , 4
0 , 2.78 , 2.0 , 2 , 4
0 , 2.78 , 2.0 , 2 , 4
0 , 2.78 , 2.0 , 2 , 4
0 , 2.78 , 2.0 , 2 , 4
0 , 2.78 , 2.0 , 2 , 4
0 , 2.78 , 2.0 , 2 , 4
0 , 2.78 , 2.0 , 2 , 4
0 , 2.78 , 2.0 , 2 , 4
0 , 2.78 , 2.0 , 2 , 4
0 , 2.78 , 2.0 , 2 , 4
0 , 2.78 , 2.0 , 2 , 4
0 , 2.76 , 2.0 , 2 , 4
0 , 2.74 , 2.0 , 2 , 4
0 , 2.74 , 2.0 , 2 , 4
0 , 2.74 , 2.0 , 2 , 4
0 , 2.72 , 2.0 , 2 , 4
0 , 2.72 , 2.0 , 2 , 4
0 , 2.72 , 2.0 , 2 , 4
0 , 2.72 , 2.0 , 2 , 4
0 , 2.72 , 2.0 , 2 , 4
0 , 2.72 , 2.0 , 2 , 4
0 , 2.72 , 2.0 , 2 , 4
0 , 2.72 , 2.0 , 2 , 4
0 , 2.72 , 2.0 , 2 , 4
0 , 2.72 , 2.0 , 2 , 4
0 , 2.72 , 2.0 , 2 , 4
0 , 2.72 , 2.0 , 2 , 4
0 , 2.72 , 2.0 , 2 , 4
0 , 2.72 , 2.0 , 2 , 4
0 , 2.72 , 2.0 , 2 , 4
0 , 2.72 , 2.0 , 2 , 4
0 , 2.7 , 2.0 , 2 , 4
0 , 2.7 , 2.0 , 2 , 4
0 , 2.7 , 2.0 , 2 , 4
0 , 2.7 , 2.0 , 2 , 4
0 , 2.7 , 2.0 , 2 , 4
0 , 2.7 , 2.0 , 2 , 4
0 , 2.7 , 2.0 , 2 , 4
0 , 2.7 , 2.0 , 2 , 4
0 , 2.7 , 2.0 , 2 , 4
0 , 2.7 , 2.0 , 2 , 4
0 , 2.7 , 2.0 , 2 , 4
0 , 2.7 , 2.0 , 2 , 4
0 , 2.7 , 2.0 , 2 , 4
0 , 2.7 , 2.0 , 2 , 4
0 , 2.7 , 2.0 , 2 , 4
0 , 2.7 , 2.0 , 2 , 4
0 , 2.7 , 2.0 , 2 , 4
0 , 2.7 , 2.0 , 2 , 4
0 , 2.68 , 2.0 , 2 , 4
0 , 2.68 , 2.0 , 2 , 4
0 , 2.68 , 2.0 , 2 , 4
0 , 2.68 , 2.0 , 2 , 4
0 , 2.66 , 2.0 , 2 , 4
0 , 2.66 , 2.0 , 2 , 4
0 , 2.66 , 2.0 , 2 , 4
0 , 2.66 , 2.0 , 2 , 4
0 , 2.64 , 2.0 , 2 , 4
0 , 2.64 , 2.0 , 2 , 4
0 , 2.64 , 2.0 , 2 , 4
0 , 2.64 , 2.0 , 2 , 4
0 , 2.64 , 2.0 , 2 , 4
0 , 2.64 , 2.0 , 2 , 4
0 , 2.64 , 2.0 , 2 , 4
0 , 2.64 , 2.0 , 2 , 4
0 , 2.64 , 2.0 , 2 , 4
0 , 2.62 , 2.0 , 2 , 4
0 , 2.6 , 2.0 , 2 , 4
0 , 2.6 , 2.0 , 2 , 4
0 , 2.6 , 2.0 , 2 , 4
0 , 2.6 , 2.0 , 2 , 4
0 , 2.6 , 2.0 , 2 , 4
0 , 2.6 , 2.0 , 2 , 4
0 , 2.6 , 2.0 , 2 , 4
0 , 2.6 , 2.0 , 2 , 4
0 , 2.6 , 2.0 , 2 , 4
0 , 2.6 , 2.0 , 2 , 4
0 , 2.58 , 2.0 , 2 , 4
0 , 2.58 , 2.0 , 2 , 4
0 , 2.58 , 2.0 , 2 , 4
0 , 2.58 , 2.0 , 2 , 4
0 , 2.58 , 2.0 , 2 , 4
0 , 2.58 , 2.0 , 2 , 4
0 , 2.58 , 2.0 , 2 , 4
0 , 2.58 , 2.0 , 2 , 4
0 , 2.56 , 2.0 , 2 , 4
0 , 2.56 , 2.0 , 2 , 4
0 , 2.56 , 2.0 , 2 , 4
0 , 2.56 , 2.0 , 2 , 4
0 , 2.56 , 2.0 , 2 , 4
0 , 2.56 , 2.0 , 2 , 4
0 , 2.56 , 2.0 , 2 , 4
0 , 2.56 , 2.0 , 2 , 4
0 , 2.56 , 2.0 , 2 , 4
0 , 2.56 , 2.0 , 2 , 4
0 , 2.56 , 2.0 , 2 , 4
0 , 2.56 , 2.0 , 2 , 4
0 , 2.56 , 2.0 , 2 , 4
0 , 2.56 , 2.0 , 2 , 4
0 , 2.56 , 2.0 , 2 , 4
0 , 2.56 , 2.0 , 2 , 4
0 , 2.54 , 2.0 , 2 , 4
0 , 2.54 , 2.0 , 2 , 4
0 , 2.54 , 2.0 , 2 , 4
0 , 2.54 , 2.0 , 2 , 4
0 , 2.54 , 2.0 , 2 , 4
0 , 2.54 , 2.0 , 2 , 4
0 , 2.54 , 2.0 , 2 , 4
0 , 2.54 , 2.0 , 2 , 4
0 , 2.54 , 2.0 , 2 , 4
0 , 2.54 , 2.0 , 2 , 4
0 , 2.54 , 2.0 , 2 , 4
0 , 2.54 , 2.0 , 2 , 4
0 , 2.54 , 2.0 , 2 , 4
0 , 2.54 , 2.0 , 2 , 4
0 , 2.54 , 2.0 , 2 , 4
0 , 2.52 , 2.0 , 2 , 4
0 , 2.52 , 2.0 , 2 , 4
0 , 2.52 , 2.0 , 2 , 4
0 , 2.5 , 2.0 , 2 , 4
0 , 2.5 , 2.0 , 2 , 4
0 , 2.5 , 2.0 , 2 , 4
0 , 2.5 , 2.0 , 2 , 4
0 , 2.5 , 2.0 , 2 , 4
0 , 2.48 , 2.0 , 2 , 4
0 , 2.48 , 2.0 , 2 , 4
0 , 2.48 , 2.0 , 2 , 4
0 , 2.48 , 2.0 , 2 , 4
0 , 2.48 , 2.0 , 2 , 4
0 , 2.48 , 2.0 , 2 , 4
0 , 2.48 , 2.0 , 2 , 4
0 , 2.48 , 2.0 , 2 , 4
0 , 2.48 , 2.0 , 2 , 4
0 , 2.48 , 2.0 , 2 , 4
0 , 2.48 , 2.0 , 2 , 4
0 , 2.48 , 2.0 , 2 , 4
0 , 2.48 , 2.0 , 2 , 4
0 , 2.48 , 2.0 , 2 , 4
0 , 2.48 , 2.0 , 2 , 4
0 , 2.48 , 2.0 , 2 , 4
0 , 2.48 , 2.0 , 2 , 4
0 , 2.46 , 2.0 , 2 , 4
0 , 2.46 , 2.0 , 2 , 4
0 , 2.46 , 2.0 , 2 , 4
0 , 2.46 , 2.0 , 2 , 4
0 , 2.46 , 2.0 , 2 , 4
0 , 2.46 , 2.0 , 2 , 4
0 , 2.46 , 2.0 , 2 , 4
0 , 2.46 , 2.0 , 2 , 4
0 , 2.46 , 2.0 , 2 , 4
0 , 2.46 , 2.0 , 2 , 4
0 , 2.46 , 2.0 , 2 , 4
0 , 2.46 , 2.0 , 2 , 4
0 , 2.46 , 2.0 , 2 , 4
0 , 2.44 , 2.0 , 2 , 4
0 , 2.44 , 2.0 , 2 , 4
0 , 2.44 , 2.0 , 2 , 4
0 , 2.44 , 2.0 , 2 , 4
0 , 2.44 , 2.0 , 2 , 4
0 , 2.44 , 2.0 , 2 , 4
0 , 2.42 , 2.0 , 2 , 4
0 , 2.42 , 2.0 , 2 , 4
0 , 2.42 , 2.0 , 2 , 4
0 , 2.38 , 2.0 , 2 , 4
0 , 2.38 , 2.0 , 2 , 4
0 , 2.38 , 2.0 , 2 , 4
0 , 2.38 , 2.0 , 2 , 4
0 , 2.38 , 2.0 , 2 , 4
0 , 2.38 , 2.0 , 2 , 4
0 , 2.36 , 2.0 , 2 , 4
0 , 2.34 , 2.0 , 2 , 4
0 , 2.34 , 2.0 , 2 , 4
0 , 2.34 , 2.0 , 2 , 4
0 , 2.32 , 2.0 , 2 , 4
0 , 2.32 , 2.0 , 2 , 4
0 , 2.32 , 2.0 , 2 , 4
0 , 2.32 , 2.0 , 2 , 4
0 , 2.32 , 2.0 , 2 , 4
0 , 2.3 , 2.0 , 2 , 4
0 , 2.3 , 2.0 , 2 , 4
0 , 2.28 , 2.0 , 2 , 4
0 , 2.28 , 2.0 , 2 , 4
0 , 2.28 , 2.0 , 2 , 4
0 , 2.28 , 2.0 , 2 , 4
0 , 2.28 , 2.0 , 2 , 4
0 , 2.28 , 2.0 , 2 , 4
0 , 2.28 , 2.0 , 2 , 4
0 , 2.28 , 2.0 , 2 , 4
0 , 2.28 , 2.0 , 2 , 4
0 , 2.28 , 2.0 , 2 , 4
0 , 2.28 , 2.0 , 2 , 4
0 , 2.28 , 2.0 , 2 , 4
0 , 2.28 , 2.0 , 2 , 4
0 , 2.26 , 2.0 , 2 , 4
0 , 2.24 , 2.0 , 2 , 4
0 , 2.24 , 2.0 , 2 , 4
0 , 2.24 , 2.0 , 2 , 4
0 , 2.24 , 2.0 , 2 , 4
0 , 2.24 , 2.0 , 2 , 4
0 , 2.2 , 2.0 , 2 , 4
0 , 2.2 , 2.0 , 2 , 4
0 , 2.2 , 2.0 , 2 , 4
0 , 2.2 , 2.0 , 2 , 4
0 , 2.2 , 2.0 , 2 , 4
0 , 2.2 , 2.0 , 2 , 4
0 , 2.2 , 2.0 , 2 , 4
0 , 2.2 , 2.0 , 2 , 4
0 , 2.18 , 2.0 , 2 , 4
0 , 2.18 , 2.0 , 2 , 4
0 , 2.14 , 2.0 , 2 , 4
0 , 2.12 , 2.0 , 2 , 4
0 , 2.12 , 2.0 , 2 , 4
0 , 2.1 , 2.0 , 2 , 4
0 , 2.1 , 2.0 , 2 , 4
0 , 2.1 , 2.0 , 2 , 4
0 , 2.1 , 2.0 , 2 , 4
0 , 2.1 , 2.0 , 2 , 4
0 , 2.1 , 2.0 , 2 , 4
0 , 2.1 , 2.0 , 2 , 4
0 , 2.1 , 2.0 , 2 , 4
0 , 2.1 , 2.0 , 2 , 4
0 , 2.1 , 2.0 , 2 , 4
0 , 2.1 , 2.0 , 2 , 4
0 , 2.1 , 2.0 , 2 , 4
0 , 2.1 , 2.0 , 2 , 4
0 , 2.06 , 2.0 , 2 , 4
0 , 2.04 , 2.0 , 2 , 4
0 , 2.04 , 2.0 , 2 , 4
0 , 2.04 , 2.0 , 2 , 4
0 , 2.04 , 2.0 , 2 , 4
0 , 2.04 , 2.0 , 2 , 4
0 , 2.04 , 2.0 , 2 , 4
0 , 2.04 , 2.0 , 2 , 4
0 , 2.04 , 2.0 , 2 , 4
0 , 2.04 , 2.0 , 2 , 4
0 , 2.04 , 2.0 , 2 , 4
0 , 2.04 , 2.0 , 2 , 4
0 , 2.04 , 2.0 , 2 , 4
0 , 2.04 , 2.0 , 2 , 4
0 , 2.04 , 2.0 , 2 , 4
0 , 2.04 , 2.0 , 2 , 4
0 , 2.04 , 2.0 , 2 , 4
0 , 2.02 , 2.0 , 2 , 4
0 , 2.02 , 2.0 , 2 , 4
0 , 2.02 , 2.0 , 2 , 4
0 , 2.02 , 2.0 , 2 , 4
0 , 2.02 , 2.0 , 2 , 4
0 , 2.02 , 2.0 , 2 , 4
0 , 2.02 , 2.0 , 2 , 4
0 , 2.02 , 2.0 , 2 , 4
0 , 2.0 , 2.0 , 2 , 4
0 , 2.0 , 2.0 , 2 , 4
0 , 2.0 , 2.0 , 2 , 4
0 , 2.0 , 2.0 , 2 , 4
0 , 2.0 , 2.0 , 2 , 4
0 , 2.0 , 2.0 , 2 , 4
0 , 2.0 , 2.0 , 2 , 4
0 , 2.0 , 2.0 , 2 , 4
0 , 2.0 , 2.0 , 2 , 4
0 , 2.0 , 2.0 , 2 , 4
0 , 2.0 , 2.0 , 2 , 4
0 , 2.0 , 2.0 , 2 , 4
0 , 2.0 , 2.0 , 2 , 4
0 , 1.98 , 2.0 , 2 , 4
0 , 1.98 , 2.0 , 2 , 4
0 , 1.98 , 2.0 , 2 , 4
0 , 1.98 , 2.0 , 2 , 4
0 , 1.98 , 2.0 , 2 , 4
0 , 1.98 , 2.0 , 2 , 4
0 , 1.98 , 2.0 , 2 , 4
0 , 1.98 , 2.0 , 2 , 4
9  Perfect solutions
perfect solution individuals [[4, 1, 7, 0, 3, 6, 2, 5], [6, 2, 0, 5, 7, 4, 1, 3], [4, 1, 7, 0, 3, 6, 2, 5], [4, 1, 7, 0, 3, 6, 2, 5], [1, 4, 6, 3, 0, 7, 5, 2], [4, 1, 7, 0, 3, 6, 2, 5], [4, 7, 3, 0, 6, 1, 5, 2], [3, 1, 7, 4, 6, 0, 2, 5], [4, 1, 7, 0, 3, 6, 2, 5]]
