2 , 9.68 , 10.0 , 10 , 22
2 , 9.4 , 10.0 , 10 , 18
2 , 9.18 , 10.0 , 10 , 18
2 , 9.1 , 10.0 , 10 , 16
2 , 9.02 , 10.0 , 10 , 14
2 , 8.88 , 9.0 , 10 , 14
2 , 8.74 , 8.0 , 10 , 14
2 , 8.54 , 8.0 , 10 , 14
2 , 8.38 , 8.0 , 10 , 14
2 , 8.34 , 8.0 , 10 , 12
2 , 8.24 , 8.0 , 10 , 12
2 , 8.1 , 8.0 , 10 , 12
2 , 8.0 , 8.0 , 8 , 12
2 , 7.98 , 8.0 , 10 , 12
2 , 7.92 , 8.0 , 10 , 12
2 , 7.84 , 8.0 , 10 , 12
2 , 7.8 , 8.0 , 10 , 12
2 , 7.74 , 8.0 , 10 , 12
2 , 7.74 , 8.0 , 10 , 12
2 , 7.64 , 8.0 , 10 , 12
2 , 7.6 , 8.0 , 8 , 10
2 , 7.6 , 8.0 , 8 , 10
2 , 7.56 , 8.0 , 8 , 10
2 , 7.56 , 8.0 , 8 , 10
2 , 7.52 , 8.0 , 8 , 10
2 , 7.48 , 8.0 , 8 , 10
2 , 7.48 , 8.0 , 8 , 10
2 , 7.48 , 8.0 , 8 , 10
2 , 7.48 , 8.0 , 8 , 10
2 , 7.48 , 8.0 , 8 , 10
2 , 7.44 , 8.0 , 8 , 10
2 , 7.42 , 8.0 , 8 , 10
2 , 7.38 , 8.0 , 8 , 10
2 , 7.32 , 8.0 , 8 , 10
2 , 7.24 , 8.0 , 8 , 10
2 , 7.14 , 8.0 , 8 , 10
2 , 7.08 , 8.0 , 8 , 10
2 , 7.0 , 8.0 , 8 , 10
2 , 7.0 , 8.0 , 8 , 10
2 , 6.98 , 8.0 , 8 , 10
2 , 6.94 , 8.0 , 8 , 10
2 , 6.9 , 8.0 , 8 , 10
2 , 6.88 , 8.0 , 8 , 10
2 , 6.86 , 8.0 , 8 , 10
2 , 6.8 , 8.0 , 8 , 10
2 , 6.78 , 8.0 , 8 , 10
2 , 6.78 , 8.0 , 8 , 10
2 , 6.76 , 8.0 , 8 , 10
2 , 6.72 , 8.0 , 8 , 10
2 , 6.68 , 8.0 , 8 , 10
2 , 6.64 , 8.0 , 8 , 10
2 , 6.58 , 7.0 , 8 , 10
2 , 6.56 , 7.0 , 8 , 10
2 , 6.52 , 6.0 , 8 , 8
2 , 6.52 , 6.0 , 8 , 8
2 , 6.48 , 6.0 , 8 , 8
2 , 6.46 , 6.0 , 8 , 8
2 , 6.44 , 6.0 , 8 , 8
2 , 6.44 , 6.0 , 8 , 8
0 , 6.36 , 6.0 , 8 , 8
0 , 6.36 , 6.0 , 8 , 8
0 , 6.32 , 6.0 , 8 , 8
0 , 6.32 , 6.0 , 8 , 8
0 , 6.32 , 6.0 , 8 , 8
0 , 6.32 , 6.0 , 8 , 8
0 , 6.32 , 6.0 , 8 , 8
0 , 6.2 , 6.0 , 8 , 8
0 , 6.2 , 6.0 , 8 , 8
0 , 6.2 , 6.0 , 8 , 8
0 , 6.2 , 6.0 , 8 , 8
0 , 6.18 , 6.0 , 8 , 8
0 , 6.16 , 6.0 , 8 , 8
0 , 6.14 , 6.0 , 8 , 8
0 , 6.14 , 6.0 , 8 , 8
0 , 6.1 , 6.0 , 6 , 8
0 , 6.1 , 6.0 , 6 , 8
0 , 6.1 , 6.0 , 6 , 8
0 , 6.08 , 6.0 , 6 , 8
0 , 6.04 , 6.0 , 6 , 8
0 , 6.04 , 6.0 , 6 , 8
0 , 6.04 , 6.0 , 6 , 8
0 , 6.04 , 6.0 , 6 , 8
0 , 6.04 , 6.0 , 6 , 8
0 , 6.02 , 6.0 , 6 , 8
0 , 5.98 , 6.0 , 6 , 8
0 , 5.96 , 6.0 , 6 , 8
0 , 5.96 , 6.0 , 6 , 8
0 , 5.94 , 6.0 , 6 , 8
0 , 5.94 , 6.0 , 6 , 8
0 , 5.94 , 6.0 , 6 , 8
0 , 5.94 , 6.0 , 6 , 8
0 , 5.94 , 6.0 , 6 , 8
0 , 5.9 , 6.0 , 6 , 8
0 , 5.9 , 6.0 , 6 , 8
0 , 5.9 , 6.0 , 6 , 8
0 , 5.84 , 6.0 , 6 , 8
0 , 5.84 , 6.0 , 6 , 8
0 , 5.82 , 6.0 , 6 , 8
0 , 5.82 , 6.0 , 6 , 8
0 , 5.8 , 6.0 , 6 , 8
0 , 5.8 , 6.0 , 6 , 8
0 , 5.74 , 6.0 , 6 , 8
0 , 5.74 , 6.0 , 6 , 8
0 , 5.7 , 6.0 , 6 , 8
0 , 5.7 , 6.0 , 6 , 8
0 , 5.68 , 6.0 , 6 , 8
0 , 5.6 , 6.0 , 6 , 8
0 , 5.6 , 6.0 , 6 , 8
0 , 5.52 , 6.0 , 6 , 8
0 , 5.5 , 6.0 , 6 , 8
0 , 5.5 , 6.0 , 6 , 8
0 , 5.5 , 6.0 , 6 , 8
0 , 5.48 , 6.0 , 6 , 8
0 , 5.48 , 6.0 , 6 , 8
0 , 5.48 , 6.0 , 6 , 8
0 , 5.48 , 6.0 , 6 , 8
0 , 5.48 , 6.0 , 6 , 8
0 , 5.48 , 6.0 , 6 , 8
0 , 5.48 , 6.0 , 6 , 8
0 , 5.44 , 6.0 , 6 , 8
0 , 5.42 , 6.0 , 6 , 8
0 , 5.36 , 6.0 , 6 , 8
0 , 5.36 , 6.0 , 6 , 8
0 , 5.34 , 6.0 , 6 , 8
0 , 5.34 , 6.0 , 6 , 8
0 , 5.32 , 6.0 , 6 , 8
0 , 5.32 , 6.0 , 6 , 8
0 , 5.28 , 6.0 , 6 , 8
0 , 5.26 , 6.0 , 6 , 8
0 , 5.26 , 6.0 , 6 , 8
0 , 5.24 , 6.0 , 6 , 8
0 , 5.24 , 6.0 , 6 , 8
0 , 5.22 , 6.0 , 6 , 8
0 , 5.22 , 6.0 , 6 , 8
0 , 5.16 , 6.0 , 6 , 8
0 , 5.14 , 6.0 , 6 , 8
0 , 5.14 , 6.0 , 6 , 8
0 , 5.14 , 6.0 , 6 , 8
0 , 5.1 , 6.0 , 6 , 8
0 , 5.08 , 6.0 , 6 , 8
0 , 5.08 , 6.0 , 6 , 8
0 , 5.06 , 6.0 , 6 , 6
0 , 5.04 , 6.0 , 6 , 6
0 , 5.02 , 6.0 , 6 , 6
0 , 5.02 , 6.0 , 6 , 6
0 , 5.02 , 6.0 , 6 , 6
0 , 5.02 , 6.0 , 6 , 6
0 , 5.02 , 6.0 , 6 , 6
0 , 5.02 , 6.0 , 6 , 6
0 , 5.02 , 6.0 , 6 , 6
0 , 5.02 , 6.0 , 6 , 6
0 , 5.02 , 6.0 , 6 , 6
0 , 5.02 , 6.0 , 6 , 6
0 , 5.02 , 6.0 , 6 , 6
0 , 5.02 , 6.0 , 6 , 6
0 , 5.02 , 6.0 , 6 , 6
0 , 5.02 , 6.0 , 6 , 6
0 , 5.02 , 6.0 , 6 , 6
0 , 5.02 , 6.0 , 6 , 6
0 , 5.02 , 6.0 , 6 , 6
0 , 5.02 , 6.0 , 6 , 6
0 , 5.02 , 6.0 , 6 , 6
0 , 5.02 , 6.0 , 6 , 6
0 , 5.02 , 6.0 , 6 , 6
0 , 5.02 , 6.0 , 6 , 6
0 , 5.02 , 6.0 , 6 , 6
0 , 5.02 , 6.0 , 6 , 6
0 , 5.0 , 6.0 , 6 , 6
0 , 5.0 , 6.0 , 6 , 6
0 , 5.0 , 6.0 , 6 , 6
0 , 5.0 , 6.0 , 6 , 6
0 , 4.98 , 6.0 , 6 , 6
0 , 4.98 , 6.0 , 6 , 6
0 , 4.98 , 6.0 , 6 , 6
0 , 4.98 , 6.0 , 6 , 6
0 , 4.98 , 6.0 , 6 , 6
0 , 4.98 , 6.0 , 6 , 6
0 , 4.98 , 6.0 , 6 , 6
0 , 4.98 , 6.0 , 6 , 6
0 , 4.98 , 6.0 , 6 , 6
0 , 4.96 , 6.0 , 6 , 6
0 , 4.92 , 6.0 , 6 , 6
0 , 4.92 , 6.0 , 6 , 6
0 , 4.92 , 6.0 , 6 , 6
0 , 4.92 , 6.0 , 6 , 6
0 , 4.92 , 6.0 , 6 , 6
0 , 4.92 , 6.0 , 6 , 6
0 , 4.92 , 6.0 , 6 , 6
0 , 4.92 , 6.0 , 6 , 6
0 , 4.92 , 6.0 , 6 , 6
0 , 4.92 , 6.0 , 6 , 6
0 , 4.92 , 6.0 , 6 , 6
0 , 4.92 , 6.0 , 6 , 6
0 , 4.92 , 6.0 , 6 , 6
0 , 4.92 , 6.0 , 6 , 6
0 , 4.92 , 6.0 , 6 , 6
0 , 4.92 , 6.0 , 6 , 6
0 , 4.92 , 6.0 , 6 , 6
0 , 4.92 , 6.0 , 6 , 6
0 , 4.92 , 6.0 , 6 , 6
0 , 4.92 , 6.0 , 6 , 6
0 , 4.92 , 6.0 , 6 , 6
0 , 4.92 , 6.0 , 6 , 6
0 , 4.92 , 6.0 , 6 , 6
0 , 4.92 , 6.0 , 6 , 6
0 , 4.92 , 6.0 , 6 , 6
0 , 4.92 , 6.0 , 6 , 6
0 , 4.92 , 6.0 , 6 , 6
0 , 4.92 , 6.0 , 6 , 6
0 , 4.92 , 6.0 , 6 , 6
0 , 4.92 , 6.0 , 6 , 6
0 , 4.92 , 6.0 , 6 , 6
0 , 4.92 , 6.0 , 6 , 6
0 , 4.92 , 6.0 , 6 , 6
0 , 4.92 , 6.0 , 6 , 6
0 , 4.9 , 6.0 , 6 , 6
0 , 4.9 , 6.0 , 6 , 6
0 , 4.9 , 6.0 , 6 , 6
0 , 4.9 , 6.0 , 6 , 6
0 , 4.9 , 6.0 , 6 , 6
0 , 4.9 , 6.0 , 6 , 6
0 , 4.9 , 6.0 , 6 , 6
0 , 4.88 , 6.0 , 6 , 6
0 , 4.88 , 6.0 , 6 , 6
0 , 4.88 , 6.0 , 6 , 6
0 , 4.88 , 6.0 , 6 , 6
0 , 4.88 , 6.0 , 6 , 6
0 , 4.88 , 6.0 , 6 , 6
0 , 4.86 , 6.0 , 6 , 6
0 , 4.84 , 6.0 , 6 , 6
0 , 4.84 , 6.0 , 6 , 6
0 , 4.84 , 6.0 , 6 , 6
0 , 4.84 , 6.0 , 6 , 6
0 , 4.84 , 6.0 , 6 , 6
0 , 4.84 , 6.0 , 6 , 6
0 , 4.84 , 6.0 , 6 , 6
0 , 4.84 , 6.0 , 6 , 6
0 , 4.82 , 6.0 , 6 , 6
0 , 4.82 , 6.0 , 6 , 6
0 , 4.82 , 6.0 , 6 , 6
0 , 4.82 , 6.0 , 6 , 6
0 , 4.76 , 6.0 , 6 , 6
0 , 4.74 , 6.0 , 6 , 6
0 , 4.74 , 6.0 , 6 , 6
0 , 4.74 , 6.0 , 6 , 6
0 , 4.74 , 6.0 , 6 , 6
0 , 4.74 , 6.0 , 6 , 6
0 , 4.74 , 6.0 , 6 , 6
0 , 4.74 , 6.0 , 6 , 6
0 , 4.74 , 6.0 , 6 , 6
0 , 4.74 , 6.0 , 6 , 6
0 , 4.74 , 6.0 , 6 , 6
0 , 4.74 , 6.0 , 6 , 6
0 , 4.74 , 6.0 , 6 , 6
0 , 4.74 , 6.0 , 6 , 6
0 , 4.74 , 6.0 , 6 , 6
0 , 4.74 , 6.0 , 6 , 6
0 , 4.74 , 6.0 , 6 , 6
0 , 4.74 , 6.0 , 6 , 6
0 , 4.74 , 6.0 , 6 , 6
0 , 4.74 , 6.0 , 6 , 6
0 , 4.74 , 6.0 , 6 , 6
0 , 4.74 , 6.0 , 6 , 6
0 , 4.74 , 6.0 , 6 , 6
0 , 4.74 , 6.0 , 6 , 6
0 , 4.74 , 6.0 , 6 , 6
0 , 4.74 , 6.0 , 6 , 6
0 , 4.7 , 6.0 , 6 , 6
0 , 4.7 , 6.0 , 6 , 6
0 , 4.7 , 6.0 , 6 , 6
0 , 4.7 , 6.0 , 6 , 6
0 , 4.7 , 6.0 , 6 , 6
0 , 4.68 , 5.0 , 6 , 6
0 , 4.68 , 5.0 , 6 , 6
0 , 4.68 , 5.0 , 6 , 6
0 , 4.68 , 5.0 , 6 , 6
0 , 4.66 , 4.0 , 6 , 6
0 , 4.66 , 4.0 , 6 , 6
0 , 4.66 , 4.0 , 6 , 6
0 , 4.66 , 4.0 , 6 , 6
0 , 4.66 , 4.0 , 6 , 6
0 , 4.66 , 4.0 , 6 , 6
0 , 4.66 , 4.0 , 6 , 6
0 , 4.66 , 4.0 , 6 , 6
0 , 4.66 , 4.0 , 6 , 6
0 , 4.66 , 4.0 , 6 , 6
0 , 4.66 , 4.0 , 6 , 6
0 , 4.62 , 4.0 , 6 , 6
0 , 4.62 , 4.0 , 6 , 6
0 , 4.62 , 4.0 , 6 , 6
0 , 4.62 , 4.0 , 6 , 6
0 , 4.58 , 4.0 , 6 , 6
0 , 4.58 , 4.0 , 6 , 6
0 , 4.58 , 4.0 , 6 , 6
0 , 4.58 , 4.0 , 6 , 6
0 , 4.58 , 4.0 , 6 , 6
0 , 4.58 , 4.0 , 6 , 6
0 , 4.58 , 4.0 , 6 , 6
0 , 4.58 , 4.0 , 6 , 6
0 , 4.58 , 4.0 , 6 , 6
0 , 4.58 , 4.0 , 6 , 6
0 , 4.56 , 4.0 , 6 , 6
0 , 4.54 , 4.0 , 6 , 6
0 , 4.54 , 4.0 , 6 , 6
0 , 4.54 , 4.0 , 6 , 6
0 , 4.54 , 4.0 , 6 , 6
0 , 4.54 , 4.0 , 6 , 6
0 , 4.54 , 4.0 , 6 , 6
0 , 4.52 , 4.0 , 6 , 6
0 , 4.5 , 4.0 , 6 , 6
0 , 4.5 , 4.0 , 6 , 6
0 , 4.5 , 4.0 , 6 , 6
0 , 4.5 , 4.0 , 6 , 6
0 , 4.5 , 4.0 , 6 , 6
0 , 4.48 , 4.0 , 4 , 6
0 , 4.48 , 4.0 , 4 , 6
0 , 4.48 , 4.0 , 4 , 6
0 , 4.48 , 4.0 , 4 , 6
0 , 4.48 , 4.0 , 4 , 6
0 , 4.48 , 4.0 , 4 , 6
0 , 4.46 , 4.0 , 4 , 6
0 , 4.46 , 4.0 , 4 , 6
0 , 4.46 , 4.0 , 4 , 6
0 , 4.46 , 4.0 , 4 , 6
0 , 4.44 , 4.0 , 4 , 6
0 , 4.44 , 4.0 , 4 , 6
0 , 4.44 , 4.0 , 4 , 6
0 , 4.42 , 4.0 , 4 , 6
0 , 4.42 , 4.0 , 4 , 6
0 , 4.42 , 4.0 , 4 , 6
0 , 4.42 , 4.0 , 4 , 6
0 , 4.4 , 4.0 , 4 , 6
0 , 4.4 , 4.0 , 4 , 6
0 , 4.4 , 4.0 , 4 , 6
0 , 4.4 , 4.0 , 4 , 6
0 , 4.38 , 4.0 , 4 , 6
0 , 4.36 , 4.0 , 4 , 6
0 , 4.34 , 4.0 , 4 , 6
0 , 4.34 , 4.0 , 4 , 6
0 , 4.3 , 4.0 , 4 , 6
0 , 4.3 , 4.0 , 4 , 6
0 , 4.3 , 4.0 , 4 , 6
0 , 4.3 , 4.0 , 4 , 6
0 , 4.3 , 4.0 , 4 , 6
0 , 4.3 , 4.0 , 4 , 6
0 , 4.3 , 4.0 , 4 , 6
0 , 4.3 , 4.0 , 4 , 6
0 , 4.3 , 4.0 , 4 , 6
0 , 4.3 , 4.0 , 4 , 6
0 , 4.3 , 4.0 , 4 , 6
0 , 4.3 , 4.0 , 4 , 6
0 , 4.3 , 4.0 , 4 , 6
0 , 4.28 , 4.0 , 4 , 6
0 , 4.26 , 4.0 , 4 , 6
0 , 4.24 , 4.0 , 4 , 6
0 , 4.2 , 4.0 , 4 , 6
0 , 4.2 , 4.0 , 4 , 6
0 , 4.18 , 4.0 , 4 , 6
0 , 4.18 , 4.0 , 4 , 6
0 , 4.16 , 4.0 , 4 , 6
0 , 4.16 , 4.0 , 4 , 6
0 , 4.16 , 4.0 , 4 , 6
0 , 4.16 , 4.0 , 4 , 6
0 , 4.16 , 4.0 , 4 , 6
0 , 4.16 , 4.0 , 4 , 6
0 , 4.16 , 4.0 , 4 , 6
0 , 4.16 , 4.0 , 4 , 6
0 , 4.12 , 4.0 , 4 , 6
0 , 4.12 , 4.0 , 4 , 6
0 , 4.12 , 4.0 , 4 , 6
0 , 4.12 , 4.0 , 4 , 6
0 , 4.12 , 4.0 , 4 , 6
0 , 4.12 , 4.0 , 4 , 6
0 , 4.12 , 4.0 , 4 , 6
0 , 4.12 , 4.0 , 4 , 6
0 , 4.1 , 4.0 , 4 , 6
0 , 4.06 , 4.0 , 4 , 6
0 , 4.06 , 4.0 , 4 , 6
0 , 4.06 , 4.0 , 4 , 6
0 , 4.04 , 4.0 , 4 , 6
0 , 4.04 , 4.0 , 4 , 6
0 , 4.04 , 4.0 , 4 , 6
0 , 4.04 , 4.0 , 4 , 6
0 , 4.04 , 4.0 , 4 , 6
0 , 4.04 , 4.0 , 4 , 6
0 , 4.04 , 4.0 , 4 , 6
0 , 4.04 , 4.0 , 4 , 6
0 , 4.04 , 4.0 , 4 , 6
0 , 4.04 , 4.0 , 4 , 6
0 , 4.04 , 4.0 , 4 , 6
0 , 4.04 , 4.0 , 4 , 6
0 , 4.04 , 4.0 , 4 , 6
0 , 4.04 , 4.0 , 4 , 6
0 , 4.04 , 4.0 , 4 , 6
0 , 4.04 , 4.0 , 4 , 6
0 , 4.04 , 4.0 , 4 , 6
0 , 4.04 , 4.0 , 4 , 6
0 , 4.02 , 4.0 , 4 , 6
0 , 4.02 , 4.0 , 4 , 6
0 , 4.02 , 4.0 , 4 , 6
0 , 4.02 , 4.0 , 4 , 6
0 , 4.02 , 4.0 , 4 , 6
0 , 4.02 , 4.0 , 4 , 6
0 , 4.02 , 4.0 , 4 , 6
0 , 4.02 , 4.0 , 4 , 6
0 , 4.02 , 4.0 , 4 , 6
0 , 4.02 , 4.0 , 4 , 6
0 , 4.02 , 4.0 , 4 , 6
0 , 4.02 , 4.0 , 4 , 6
0 , 4.02 , 4.0 , 4 , 6
0 , 4.02 , 4.0 , 4 , 6
0 , 4.02 , 4.0 , 4 , 6
0 , 4.0 , 4.0 , 4 , 6
0 , 4.0 , 4.0 , 4 , 6
0 , 4.0 , 4.0 , 4 , 6
0 , 4.0 , 4.0 , 4 , 6
0 , 3.98 , 4.0 , 4 , 6
0 , 3.98 , 4.0 , 4 , 6
0 , 3.98 , 4.0 , 4 , 6
0 , 3.98 , 4.0 , 4 , 6
0 , 3.98 , 4.0 , 4 , 6
0 , 3.98 , 4.0 , 4 , 6
0 , 3.98 , 4.0 , 4 , 6
0 , 3.96 , 4.0 , 4 , 6
0 , 3.96 , 4.0 , 4 , 6
0 , 3.96 , 4.0 , 4 , 6
0 , 3.96 , 4.0 , 4 , 6
0 , 3.96 , 4.0 , 4 , 6
0 , 3.96 , 4.0 , 4 , 6
0 , 3.96 , 4.0 , 4 , 6
0 , 3.96 , 4.0 , 4 , 6
0 , 3.94 , 4.0 , 4 , 6
0 , 3.94 , 4.0 , 4 , 6
0 , 3.94 , 4.0 , 4 , 6
0 , 3.94 , 4.0 , 4 , 6
0 , 3.94 , 4.0 , 4 , 6
0 , 3.94 , 4.0 , 4 , 6
0 , 3.94 , 4.0 , 4 , 6
0 , 3.9 , 4.0 , 4 , 6
0 , 3.9 , 4.0 , 4 , 6
0 , 3.86 , 4.0 , 4 , 6
0 , 3.84 , 4.0 , 4 , 6
0 , 3.84 , 4.0 , 4 , 6
0 , 3.84 , 4.0 , 4 , 6
0 , 3.84 , 4.0 , 4 , 6
0 , 3.84 , 4.0 , 4 , 6
0 , 3.84 , 4.0 , 4 , 6
0 , 3.84 , 4.0 , 4 , 6
0 , 3.84 , 4.0 , 4 , 6
0 , 3.84 , 4.0 , 4 , 6
0 , 3.84 , 4.0 , 4 , 6
0 , 3.84 , 4.0 , 4 , 6
0 , 3.84 , 4.0 , 4 , 6
0 , 3.84 , 4.0 , 4 , 6
0 , 3.84 , 4.0 , 4 , 6
0 , 3.84 , 4.0 , 4 , 6
0 , 3.82 , 4.0 , 4 , 6
0 , 3.82 , 4.0 , 4 , 6
0 , 3.82 , 4.0 , 4 , 6
0 , 3.82 , 4.0 , 4 , 6
0 , 3.8 , 4.0 , 4 , 6
0 , 3.8 , 4.0 , 4 , 6
0 , 3.8 , 4.0 , 4 , 6
0 , 3.8 , 4.0 , 4 , 6
0 , 3.8 , 4.0 , 4 , 6
0 , 3.8 , 4.0 , 4 , 6
0 , 3.8 , 4.0 , 4 , 6
0 , 3.8 , 4.0 , 4 , 6
0 , 3.8 , 4.0 , 4 , 6
0 , 3.76 , 4.0 , 4 , 6
0 , 3.76 , 4.0 , 4 , 6
0 , 3.74 , 4.0 , 4 , 6
0 , 3.74 , 4.0 , 4 , 6
0 , 3.74 , 4.0 , 4 , 6
0 , 3.74 , 4.0 , 4 , 6
0 , 3.74 , 4.0 , 4 , 6
0 , 3.74 , 4.0 , 4 , 6
0 , 3.72 , 4.0 , 4 , 6
0 , 3.72 , 4.0 , 4 , 6
0 , 3.72 , 4.0 , 4 , 6
0 , 3.7 , 4.0 , 4 , 6
0 , 3.68 , 4.0 , 4 , 6
0 , 3.68 , 4.0 , 4 , 6
0 , 3.68 , 4.0 , 4 , 6
0 , 3.66 , 4.0 , 4 , 6
0 , 3.66 , 4.0 , 4 , 6
0 , 3.6 , 4.0 , 4 , 6
0 , 3.6 , 4.0 , 4 , 6
0 , 3.6 , 4.0 , 4 , 6
0 , 3.6 , 4.0 , 4 , 6
0 , 3.54 , 4.0 , 4 , 6
0 , 3.52 , 4.0 , 4 , 6
0 , 3.52 , 4.0 , 4 , 6
0 , 3.52 , 4.0 , 4 , 6
0 , 3.52 , 4.0 , 4 , 6
0 , 3.52 , 4.0 , 4 , 6
0 , 3.52 , 4.0 , 4 , 6
0 , 3.5 , 4.0 , 4 , 6
0 , 3.5 , 4.0 , 4 , 6
0 , 3.5 , 4.0 , 4 , 6
0 , 3.5 , 4.0 , 4 , 6
0 , 3.5 , 4.0 , 4 , 6
0 , 3.5 , 4.0 , 4 , 6
0 , 3.48 , 4.0 , 4 , 6
0 , 3.48 , 4.0 , 4 , 6
0 , 3.48 , 4.0 , 4 , 6
0 , 3.42 , 4.0 , 4 , 6
0 , 3.42 , 4.0 , 4 , 6
0 , 3.42 , 4.0 , 4 , 6
0 , 3.42 , 4.0 , 4 , 6
0 , 3.38 , 4.0 , 4 , 4
0 , 3.38 , 4.0 , 4 , 4
0 , 3.38 , 4.0 , 4 , 4
0 , 3.38 , 4.0 , 4 , 4
0 , 3.38 , 4.0 , 4 , 4
0 , 3.38 , 4.0 , 4 , 4
0 , 3.38 , 4.0 , 4 , 4
0 , 3.38 , 4.0 , 4 , 4
0 , 3.38 , 4.0 , 4 , 4
0 , 3.38 , 4.0 , 4 , 4
0 , 3.38 , 4.0 , 4 , 4
0 , 3.38 , 4.0 , 4 , 4
0 , 3.38 , 4.0 , 4 , 4
0 , 3.38 , 4.0 , 4 , 4
0 , 3.38 , 4.0 , 4 , 4
0 , 3.38 , 4.0 , 4 , 4
0 , 3.38 , 4.0 , 4 , 4
0 , 3.38 , 4.0 , 4 , 4
0 , 3.38 , 4.0 , 4 , 4
0 , 3.38 , 4.0 , 4 , 4
0 , 3.38 , 4.0 , 4 , 4
0 , 3.38 , 4.0 , 4 , 4
0 , 3.38 , 4.0 , 4 , 4
0 , 3.38 , 4.0 , 4 , 4
0 , 3.38 , 4.0 , 4 , 4
0 , 3.38 , 4.0 , 4 , 4
0 , 3.38 , 4.0 , 4 , 4
0 , 3.38 , 4.0 , 4 , 4
0 , 3.38 , 4.0 , 4 , 4
0 , 3.38 , 4.0 , 4 , 4
0 , 3.38 , 4.0 , 4 , 4
0 , 3.38 , 4.0 , 4 , 4
0 , 3.38 , 4.0 , 4 , 4
0 , 3.38 , 4.0 , 4 , 4
0 , 3.38 , 4.0 , 4 , 4
0 , 3.38 , 4.0 , 4 , 4
0 , 3.36 , 4.0 , 4 , 4
0 , 3.36 , 4.0 , 4 , 4
0 , 3.36 , 4.0 , 4 , 4
0 , 3.36 , 4.0 , 4 , 4
0 , 3.36 , 4.0 , 4 , 4
0 , 3.36 , 4.0 , 4 , 4
0 , 3.34 , 4.0 , 4 , 4
0 , 3.34 , 4.0 , 4 , 4
0 , 3.34 , 4.0 , 4 , 4
0 , 3.34 , 4.0 , 4 , 4
0 , 3.34 , 4.0 , 4 , 4
0 , 3.32 , 4.0 , 4 , 4
0 , 3.32 , 4.0 , 4 , 4
0 , 3.32 , 4.0 , 4 , 4
0 , 3.32 , 4.0 , 4 , 4
0 , 3.32 , 4.0 , 4 , 4
0 , 3.32 , 4.0 , 4 , 4
0 , 3.32 , 4.0 , 4 , 4
0 , 3.32 , 4.0 , 4 , 4
0 , 3.32 , 4.0 , 4 , 4
0 , 3.32 , 4.0 , 4 , 4
0 , 3.32 , 4.0 , 4 , 4
0 , 3.3 , 4.0 , 4 , 4
0 , 3.3 , 4.0 , 4 , 4
0 , 3.3 , 4.0 , 4 , 4
0 , 3.3 , 4.0 , 4 , 4
0 , 3.3 , 4.0 , 4 , 4
0 , 3.3 , 4.0 , 4 , 4
0 , 3.3 , 4.0 , 4 , 4
0 , 3.3 , 4.0 , 4 , 4
0 , 3.3 , 4.0 , 4 , 4
0 , 3.3 , 4.0 , 4 , 4
0 , 3.3 , 4.0 , 4 , 4
0 , 3.3 , 4.0 , 4 , 4
0 , 3.3 , 4.0 , 4 , 4
0 , 3.3 , 4.0 , 4 , 4
0 , 3.28 , 4.0 , 4 , 4
0 , 3.28 , 4.0 , 4 , 4
0 , 3.28 , 4.0 , 4 , 4
0 , 3.28 , 4.0 , 4 , 4
0 , 3.28 , 4.0 , 4 , 4
0 , 3.28 , 4.0 , 4 , 4
0 , 3.28 , 4.0 , 4 , 4
0 , 3.28 , 4.0 , 4 , 4
0 , 3.28 , 4.0 , 4 , 4
0 , 3.28 , 4.0 , 4 , 4
0 , 3.28 , 4.0 , 4 , 4
0 , 3.28 , 4.0 , 4 , 4
0 , 3.28 , 4.0 , 4 , 4
0 , 3.28 , 4.0 , 4 , 4
0 , 3.28 , 4.0 , 4 , 4
0 , 3.28 , 4.0 , 4 , 4
0 , 3.28 , 4.0 , 4 , 4
0 , 3.28 , 4.0 , 4 , 4
0 , 3.28 , 4.0 , 4 , 4
0 , 3.28 , 4.0 , 4 , 4
0 , 3.28 , 4.0 , 4 , 4
0 , 3.28 , 4.0 , 4 , 4
0 , 3.28 , 4.0 , 4 , 4
0 , 3.28 , 4.0 , 4 , 4
0 , 3.28 , 4.0 , 4 , 4
0 , 3.28 , 4.0 , 4 , 4
0 , 3.26 , 4.0 , 4 , 4
0 , 3.26 , 4.0 , 4 , 4
0 , 3.26 , 4.0 , 4 , 4
0 , 3.26 , 4.0 , 4 , 4
0 , 3.26 , 4.0 , 4 , 4
0 , 3.26 , 4.0 , 4 , 4
0 , 3.26 , 4.0 , 4 , 4
0 , 3.26 , 4.0 , 4 , 4
0 , 3.26 , 4.0 , 4 , 4
0 , 3.26 , 4.0 , 4 , 4
0 , 3.26 , 4.0 , 4 , 4
0 , 3.26 , 4.0 , 4 , 4
0 , 3.26 , 4.0 , 4 , 4
0 , 3.26 , 4.0 , 4 , 4
0 , 3.26 , 4.0 , 4 , 4
0 , 3.24 , 4.0 , 4 , 4
0 , 3.24 , 4.0 , 4 , 4
0 , 3.24 , 4.0 , 4 , 4
0 , 3.24 , 4.0 , 4 , 4
0 , 3.24 , 4.0 , 4 , 4
0 , 3.24 , 4.0 , 4 , 4
0 , 3.24 , 4.0 , 4 , 4
0 , 3.24 , 4.0 , 4 , 4
0 , 3.24 , 4.0 , 4 , 4
0 , 3.24 , 4.0 , 4 , 4
0 , 3.24 , 4.0 , 4 , 4
0 , 3.24 , 4.0 , 4 , 4
0 , 3.24 , 4.0 , 4 , 4
0 , 3.24 , 4.0 , 4 , 4
0 , 3.24 , 4.0 , 4 , 4
0 , 3.24 , 4.0 , 4 , 4
0 , 3.24 , 4.0 , 4 , 4
0 , 3.24 , 4.0 , 4 , 4
0 , 3.24 , 4.0 , 4 , 4
0 , 3.22 , 4.0 , 4 , 4
0 , 3.22 , 4.0 , 4 , 4
0 , 3.2 , 4.0 , 4 , 4
0 , 3.2 , 4.0 , 4 , 4
0 , 3.2 , 4.0 , 4 , 4
0 , 3.18 , 4.0 , 4 , 4
0 , 3.18 , 4.0 , 4 , 4
0 , 3.16 , 4.0 , 4 , 4
0 , 3.16 , 4.0 , 4 , 4
0 , 3.16 , 4.0 , 4 , 4
0 , 3.16 , 4.0 , 4 , 4
0 , 3.16 , 4.0 , 4 , 4
0 , 3.16 , 4.0 , 4 , 4
0 , 3.16 , 4.0 , 4 , 4
0 , 3.16 , 4.0 , 4 , 4
0 , 3.16 , 4.0 , 4 , 4
0 , 3.16 , 4.0 , 4 , 4
0 , 3.16 , 4.0 , 4 , 4
0 , 3.16 , 4.0 , 4 , 4
0 , 3.16 , 4.0 , 4 , 4
0 , 3.16 , 4.0 , 4 , 4
0 , 3.16 , 4.0 , 4 , 4
0 , 3.16 , 4.0 , 4 , 4
0 , 3.16 , 4.0 , 4 , 4
0 , 3.16 , 4.0 , 4 , 4
0 , 3.16 , 4.0 , 4 , 4
0 , 3.16 , 4.0 , 4 , 4
0 , 3.16 , 4.0 , 4 , 4
0 , 3.16 , 4.0 , 4 , 4
0 , 3.16 , 4.0 , 4 , 4
0 , 3.16 , 4.0 , 4 , 4
0 , 3.16 , 4.0 , 4 , 4
0 , 3.16 , 4.0 , 4 , 4
0 , 3.16 , 4.0 , 4 , 4
0 , 3.16 , 4.0 , 4 , 4
0 , 3.16 , 4.0 , 4 , 4
0 , 3.16 , 4.0 , 4 , 4
0 , 3.16 , 4.0 , 4 , 4
0 , 3.16 , 4.0 , 4 , 4
0 , 3.16 , 4.0 , 4 , 4
0 , 3.16 , 4.0 , 4 , 4
0 , 3.16 , 4.0 , 4 , 4
0 , 3.16 , 4.0 , 4 , 4
0 , 3.16 , 4.0 , 4 , 4
0 , 3.16 , 4.0 , 4 , 4
0 , 3.16 , 4.0 , 4 , 4
0 , 3.16 , 4.0 , 4 , 4
0 , 3.14 , 4.0 , 4 , 4
0 , 3.14 , 4.0 , 4 , 4
0 , 3.14 , 4.0 , 4 , 4
0 , 3.14 , 4.0 , 4 , 4
0 , 3.14 , 4.0 , 4 , 4
0 , 3.14 , 4.0 , 4 , 4
0 , 3.12 , 4.0 , 4 , 4
0 , 3.12 , 4.0 , 4 , 4
0 , 3.12 , 4.0 , 4 , 4
0 , 3.12 , 4.0 , 4 , 4
0 , 3.12 , 4.0 , 4 , 4
0 , 3.12 , 4.0 , 4 , 4
0 , 3.12 , 4.0 , 4 , 4
0 , 3.12 , 4.0 , 4 , 4
0 , 3.12 , 4.0 , 4 , 4
0 , 3.12 , 4.0 , 4 , 4
0 , 3.12 , 4.0 , 4 , 4
0 , 3.12 , 4.0 , 4 , 4
0 , 3.12 , 4.0 , 4 , 4
0 , 3.12 , 4.0 , 4 , 4
0 , 3.12 , 4.0 , 4 , 4
0 , 3.12 , 4.0 , 4 , 4
0 , 3.12 , 4.0 , 4 , 4
0 , 3.12 , 4.0 , 4 , 4
0 , 3.12 , 4.0 , 4 , 4
0 , 3.12 , 4.0 , 4 , 4
0 , 3.12 , 4.0 , 4 , 4
0 , 3.12 , 4.0 , 4 , 4
0 , 3.12 , 4.0 , 4 , 4
0 , 3.12 , 4.0 , 4 , 4
0 , 3.12 , 4.0 , 4 , 4
0 , 3.12 , 4.0 , 4 , 4
0 , 3.12 , 4.0 , 4 , 4
0 , 3.12 , 4.0 , 4 , 4
0 , 3.12 , 4.0 , 4 , 4
0 , 3.12 , 4.0 , 4 , 4
0 , 3.12 , 4.0 , 4 , 4
0 , 3.12 , 4.0 , 4 , 4
0 , 3.12 , 4.0 , 4 , 4
0 , 3.12 , 4.0 , 4 , 4
0 , 3.12 , 4.0 , 4 , 4
0 , 3.12 , 4.0 , 4 , 4
0 , 3.1 , 4.0 , 4 , 4
0 , 3.1 , 4.0 , 4 , 4
0 , 3.08 , 4.0 , 4 , 4
0 , 3.08 , 4.0 , 4 , 4
0 , 3.08 , 4.0 , 4 , 4
0 , 3.08 , 4.0 , 4 , 4
0 , 3.08 , 4.0 , 4 , 4
0 , 3.08 , 4.0 , 4 , 4
0 , 3.08 , 4.0 , 4 , 4
0 , 3.08 , 4.0 , 4 , 4
0 , 3.08 , 4.0 , 4 , 4
0 , 3.08 , 4.0 , 4 , 4
0 , 3.08 , 4.0 , 4 , 4
0 , 3.08 , 4.0 , 4 , 4
0 , 3.08 , 4.0 , 4 , 4
0 , 3.08 , 4.0 , 4 , 4
0 , 3.04 , 4.0 , 4 , 4
0 , 3.04 , 4.0 , 4 , 4
0 , 3.04 , 4.0 , 4 , 4
0 , 3.04 , 4.0 , 4 , 4
0 , 3.04 , 4.0 , 4 , 4
0 , 3.04 , 4.0 , 4 , 4
0 , 3.04 , 4.0 , 4 , 4
0 , 3.04 , 4.0 , 4 , 4
0 , 3.04 , 4.0 , 4 , 4
0 , 3.04 , 4.0 , 4 , 4
0 , 3.02 , 4.0 , 4 , 4
0 , 3.02 , 4.0 , 4 , 4
0 , 3.02 , 4.0 , 4 , 4
0 , 3.02 , 4.0 , 4 , 4
0 , 3.02 , 4.0 , 4 , 4
0 , 3.02 , 4.0 , 4 , 4
0 , 3.02 , 4.0 , 4 , 4
0 , 3.02 , 4.0 , 4 , 4
0 , 3.02 , 4.0 , 4 , 4
0 , 3.02 , 4.0 , 4 , 4
0 , 3.02 , 4.0 , 4 , 4
0 , 3.02 , 4.0 , 4 , 4
0 , 3.02 , 4.0 , 4 , 4
0 , 3.02 , 4.0 , 4 , 4
0 , 3.02 , 4.0 , 4 , 4
0 , 3.02 , 4.0 , 4 , 4
0 , 3.02 , 4.0 , 4 , 4
0 , 3.02 , 4.0 , 4 , 4
0 , 3.02 , 4.0 , 4 , 4
0 , 3.02 , 4.0 , 4 , 4
0 , 3.02 , 4.0 , 4 , 4
0 , 3.02 , 4.0 , 4 , 4
0 , 3.02 , 4.0 , 4 , 4
0 , 3.02 , 4.0 , 4 , 4
0 , 3.02 , 4.0 , 4 , 4
0 , 3.02 , 4.0 , 4 , 4
0 , 3.02 , 4.0 , 4 , 4
0 , 3.02 , 4.0 , 4 , 4
0 , 3.02 , 4.0 , 4 , 4
0 , 3.02 , 4.0 , 4 , 4
0 , 3.02 , 4.0 , 4 , 4
0 , 3.02 , 4.0 , 4 , 4
0 , 3.02 , 4.0 , 4 , 4
0 , 3.02 , 4.0 , 4 , 4
0 , 2.98 , 4.0 , 4 , 4
0 , 2.98 , 4.0 , 4 , 4
0 , 2.98 , 4.0 , 4 , 4
0 , 2.96 , 4.0 , 4 , 4
0 , 2.96 , 4.0 , 4 , 4
0 , 2.96 , 4.0 , 4 , 4
0 , 2.96 , 4.0 , 4 , 4
0 , 2.96 , 4.0 , 4 , 4
0 , 2.96 , 4.0 , 4 , 4
0 , 2.96 , 4.0 , 4 , 4
0 , 2.94 , 4.0 , 4 , 4
0 , 2.94 , 4.0 , 4 , 4
0 , 2.94 , 4.0 , 4 , 4
0 , 2.94 , 4.0 , 4 , 4
0 , 2.94 , 4.0 , 4 , 4
0 , 2.94 , 4.0 , 4 , 4
0 , 2.94 , 4.0 , 4 , 4
0 , 2.94 , 4.0 , 4 , 4
0 , 2.94 , 4.0 , 4 , 4
0 , 2.94 , 4.0 , 4 , 4
0 , 2.94 , 4.0 , 4 , 4
0 , 2.94 , 4.0 , 4 , 4
0 , 2.94 , 4.0 , 4 , 4
0 , 2.94 , 4.0 , 4 , 4
0 , 2.92 , 4.0 , 4 , 4
0 , 2.92 , 4.0 , 4 , 4
0 , 2.92 , 4.0 , 4 , 4
0 , 2.92 , 4.0 , 4 , 4
0 , 2.92 , 4.0 , 4 , 4
0 , 2.92 , 4.0 , 4 , 4
0 , 2.92 , 4.0 , 4 , 4
0 , 2.92 , 4.0 , 4 , 4
0 , 2.92 , 4.0 , 4 , 4
0 , 2.92 , 4.0 , 4 , 4
0 , 2.92 , 4.0 , 4 , 4
0 , 2.92 , 4.0 , 4 , 4
0 , 2.92 , 4.0 , 4 , 4
0 , 2.92 , 4.0 , 4 , 4
0 , 2.9 , 4.0 , 4 , 4
0 , 2.9 , 4.0 , 4 , 4
0 , 2.9 , 4.0 , 4 , 4
0 , 2.9 , 4.0 , 4 , 4
0 , 2.9 , 4.0 , 4 , 4
0 , 2.9 , 4.0 , 4 , 4
0 , 2.9 , 4.0 , 4 , 4
0 , 2.9 , 4.0 , 4 , 4
0 , 2.9 , 4.0 , 4 , 4
0 , 2.9 , 4.0 , 4 , 4
0 , 2.9 , 4.0 , 4 , 4
0 , 2.9 , 4.0 , 4 , 4
0 , 2.9 , 4.0 , 4 , 4
0 , 2.9 , 4.0 , 4 , 4
0 , 2.9 , 4.0 , 4 , 4
0 , 2.9 , 4.0 , 4 , 4
0 , 2.9 , 4.0 , 4 , 4
0 , 2.9 , 4.0 , 4 , 4
0 , 2.9 , 4.0 , 4 , 4
0 , 2.9 , 4.0 , 4 , 4
0 , 2.9 , 4.0 , 4 , 4
0 , 2.9 , 4.0 , 4 , 4
0 , 2.9 , 4.0 , 4 , 4
0 , 2.9 , 4.0 , 4 , 4
0 , 2.9 , 4.0 , 4 , 4
0 , 2.9 , 4.0 , 4 , 4
0 , 2.9 , 4.0 , 4 , 4
0 , 2.9 , 4.0 , 4 , 4
0 , 2.9 , 4.0 , 4 , 4
0 , 2.9 , 4.0 , 4 , 4
0 , 2.9 , 4.0 , 4 , 4
0 , 2.9 , 4.0 , 4 , 4
0 , 2.86 , 4.0 , 4 , 4
0 , 2.86 , 4.0 , 4 , 4
0 , 2.86 , 4.0 , 4 , 4
0 , 2.86 , 4.0 , 4 , 4
0 , 2.86 , 4.0 , 4 , 4
0 , 2.86 , 4.0 , 4 , 4
0 , 2.86 , 4.0 , 4 , 4
0 , 2.86 , 4.0 , 4 , 4
0 , 2.86 , 4.0 , 4 , 4
0 , 2.86 , 4.0 , 4 , 4
0 , 2.86 , 4.0 , 4 , 4
0 , 2.86 , 4.0 , 4 , 4
0 , 2.86 , 4.0 , 4 , 4
0 , 2.86 , 4.0 , 4 , 4
0 , 2.86 , 4.0 , 4 , 4
0 , 2.86 , 4.0 , 4 , 4
0 , 2.86 , 4.0 , 4 , 4
0 , 2.86 , 4.0 , 4 , 4
0 , 2.86 , 4.0 , 4 , 4
0 , 2.84 , 4.0 , 4 , 4
0 , 2.84 , 4.0 , 4 , 4
0 , 2.84 , 4.0 , 4 , 4
0 , 2.84 , 4.0 , 4 , 4
0 , 2.84 , 4.0 , 4 , 4
0 , 2.84 , 4.0 , 4 , 4
0 , 2.84 , 4.0 , 4 , 4
0 , 2.82 , 3.0 , 4 , 4
0 , 2.8 , 2.0 , 4 , 4
0 , 2.8 , 2.0 , 4 , 4
0 , 2.8 , 2.0 , 4 , 4
0 , 2.8 , 2.0 , 4 , 4
0 , 2.8 , 2.0 , 4 , 4
0 , 2.8 , 2.0 , 4 , 4
0 , 2.8 , 2.0 , 4 , 4
0 , 2.8 , 2.0 , 4 , 4
0 , 2.8 , 2.0 , 4 , 4
0 , 2.8 , 2.0 , 4 , 4
0 , 2.8 , 2.0 , 4 , 4
0 , 2.8 , 2.0 , 4 , 4
0 , 2.8 , 2.0 , 4 , 4
0 , 2.8 , 2.0 , 4 , 4
0 , 2.8 , 2.0 , 4 , 4
0 , 2.78 , 2.0 , 4 , 4
0 , 2.78 , 2.0 , 4 , 4
0 , 2.78 , 2.0 , 4 , 4
0 , 2.78 , 2.0 , 4 , 4
0 , 2.78 , 2.0 , 4 , 4
0 , 2.78 , 2.0 , 4 , 4
0 , 2.78 , 2.0 , 4 , 4
0 , 2.78 , 2.0 , 4 , 4
0 , 2.78 , 2.0 , 4 , 4
0 , 2.78 , 2.0 , 4 , 4
0 , 2.78 , 2.0 , 4 , 4
0 , 2.78 , 2.0 , 4 , 4
0 , 2.78 , 2.0 , 4 , 4
0 , 2.78 , 2.0 , 4 , 4
0 , 2.78 , 2.0 , 4 , 4
0 , 2.78 , 2.0 , 4 , 4
0 , 2.78 , 2.0 , 4 , 4
0 , 2.78 , 2.0 , 4 , 4
0 , 2.76 , 2.0 , 4 , 4
0 , 2.76 , 2.0 , 4 , 4
0 , 2.76 , 2.0 , 4 , 4
0 , 2.76 , 2.0 , 4 , 4
0 , 2.76 , 2.0 , 4 , 4
0 , 2.76 , 2.0 , 4 , 4
0 , 2.76 , 2.0 , 4 , 4
0 , 2.76 , 2.0 , 4 , 4
0 , 2.76 , 2.0 , 4 , 4
0 , 2.76 , 2.0 , 4 , 4
0 , 2.76 , 2.0 , 4 , 4
0 , 2.76 , 2.0 , 4 , 4
0 , 2.74 , 2.0 , 4 , 4
0 , 2.74 , 2.0 , 4 , 4
0 , 2.74 , 2.0 , 4 , 4
0 , 2.74 , 2.0 , 4 , 4
0 , 2.74 , 2.0 , 4 , 4
0 , 2.74 , 2.0 , 4 , 4
0 , 2.74 , 2.0 , 4 , 4
0 , 2.74 , 2.0 , 4 , 4
0 , 2.74 , 2.0 , 4 , 4
0 , 2.74 , 2.0 , 4 , 4
0 , 2.74 , 2.0 , 4 , 4
0 , 2.74 , 2.0 , 4 , 4
0 , 2.74 , 2.0 , 4 , 4
0 , 2.74 , 2.0 , 4 , 4
0 , 2.74 , 2.0 , 4 , 4
0 , 2.7 , 2.0 , 2 , 4
0 , 2.7 , 2.0 , 2 , 4
0 , 2.7 , 2.0 , 2 , 4
0 , 2.7 , 2.0 , 2 , 4
0 , 2.7 , 2.0 , 2 , 4
0 , 2.7 , 2.0 , 2 , 4
0 , 2.7 , 2.0 , 2 , 4
0 , 2.66 , 2.0 , 2 , 4
0 , 2.66 , 2.0 , 2 , 4
0 , 2.66 , 2.0 , 2 , 4
0 , 2.66 , 2.0 , 2 , 4
0 , 2.66 , 2.0 , 2 , 4
0 , 2.66 , 2.0 , 2 , 4
0 , 2.66 , 2.0 , 2 , 4
0 , 2.66 , 2.0 , 2 , 4
0 , 2.66 , 2.0 , 2 , 4
0 , 2.66 , 2.0 , 2 , 4
0 , 2.66 , 2.0 , 2 , 4
0 , 2.66 , 2.0 , 2 , 4
0 , 2.66 , 2.0 , 2 , 4
0 , 2.66 , 2.0 , 2 , 4
0 , 2.66 , 2.0 , 2 , 4
0 , 2.62 , 2.0 , 2 , 4
0 , 2.62 , 2.0 , 2 , 4
0 , 2.62 , 2.0 , 2 , 4
0 , 2.62 , 2.0 , 2 , 4
0 , 2.62 , 2.0 , 2 , 4
0 , 2.62 , 2.0 , 2 , 4
0 , 2.62 , 2.0 , 2 , 4
0 , 2.62 , 2.0 , 2 , 4
0 , 2.62 , 2.0 , 2 , 4
0 , 2.62 , 2.0 , 2 , 4
0 , 2.62 , 2.0 , 2 , 4
0 , 2.62 , 2.0 , 2 , 4
0 , 2.62 , 2.0 , 2 , 4
0 , 2.62 , 2.0 , 2 , 4
0 , 2.62 , 2.0 , 2 , 4
0 , 2.62 , 2.0 , 2 , 4
0 , 2.62 , 2.0 , 2 , 4
0 , 2.62 , 2.0 , 2 , 4
0 , 2.62 , 2.0 , 2 , 4
0 , 2.62 , 2.0 , 2 , 4
0 , 2.62 , 2.0 , 2 , 4
0 , 2.62 , 2.0 , 2 , 4
0 , 2.62 , 2.0 , 2 , 4
0 , 2.62 , 2.0 , 2 , 4
0 , 2.62 , 2.0 , 2 , 4
0 , 2.62 , 2.0 , 2 , 4
0 , 2.62 , 2.0 , 2 , 4
0 , 2.62 , 2.0 , 2 , 4
0 , 2.62 , 2.0 , 2 , 4
0 , 2.62 , 2.0 , 2 , 4
12  Perfect solutions
perfect solution individuals [[4, 6, 0, 2, 7, 5, 3, 1], [2, 6, 1, 7, 4, 0, 3, 5], [3, 1, 7, 5, 0, 2, 4, 6], [4, 6, 0, 2, 7, 5, 3, 1], [3, 1, 6, 2, 5, 7, 0, 4], [6, 0, 2, 7, 5, 3, 1, 4], [4, 6, 0, 2, 7, 5, 3, 1], [3, 1, 6, 2, 5, 7, 0, 4], [7, 3, 0, 2, 5, 1, 6, 4], [4, 6, 0, 2, 7, 5, 3, 1], [7, 3, 0, 2, 5, 1, 6, 4], [0, 5, 7, 2, 6, 3, 1, 4]]
