2 , 8.92 , 10.0 , 10 , 18
2 , 8.74 , 9.0 , 6 , 16
2 , 8.56 , 8.0 , 6 , 16
2 , 8.34 , 8.0 , 6 , 14
2 , 8.2 , 8.0 , 6 , 14
2 , 8.06 , 8.0 , 6 , 14
2 , 7.92 , 8.0 , 6 , 14
2 , 7.84 , 8.0 , 6 , 14
2 , 7.66 , 8.0 , 6 , 14
2 , 7.58 , 8.0 , 6 , 12
2 , 7.46 , 8.0 , 6 , 12
2 , 7.44 , 8.0 , 6 , 12
2 , 7.36 , 8.0 , 6 , 12
2 , 7.3 , 8.0 , 6 , 12
2 , 7.2 , 8.0 , 6 , 12
2 , 7.16 , 8.0 , 6 , 12
2 , 7.12 , 8.0 , 6 , 12
2 , 7.08 , 8.0 , 6 , 12
2 , 7.08 , 8.0 , 6 , 12
2 , 7.04 , 8.0 , 10 , 10
2 , 6.98 , 7.0 , 6 , 10
2 , 6.94 , 7.0 , 6 , 10
2 , 6.9 , 6.0 , 6 , 10
2 , 6.84 , 6.0 , 6 , 10
2 , 6.84 , 6.0 , 6 , 10
2 , 6.74 , 6.0 , 6 , 10
2 , 6.6 , 6.0 , 6 , 10
2 , 6.52 , 6.0 , 6 , 10
2 , 6.46 , 6.0 , 6 , 10
2 , 6.44 , 6.0 , 6 , 10
2 , 6.44 , 6.0 , 6 , 10
2 , 6.4 , 6.0 , 6 , 10
2 , 6.36 , 6.0 , 6 , 10
2 , 6.24 , 6.0 , 6 , 10
2 , 6.22 , 6.0 , 6 , 10
2 , 6.18 , 6.0 , 6 , 10
2 , 6.16 , 6.0 , 6 , 10
2 , 6.12 , 6.0 , 6 , 10
2 , 6.12 , 6.0 , 6 , 10
2 , 5.96 , 6.0 , 6 , 10
2 , 5.92 , 6.0 , 6 , 10
2 , 5.8 , 6.0 , 6 , 10
2 , 5.8 , 6.0 , 6 , 10
2 , 5.72 , 6.0 , 6 , 8
2 , 5.68 , 6.0 , 6 , 8
2 , 5.68 , 6.0 , 6 , 8
2 , 5.68 , 6.0 , 6 , 8
2 , 5.64 , 6.0 , 6 , 8
2 , 5.64 , 6.0 , 6 , 8
2 , 5.6 , 6.0 , 6 , 8
2 , 5.52 , 6.0 , 6 , 8
2 , 5.52 , 6.0 , 6 , 8
2 , 5.52 , 6.0 , 6 , 8
2 , 5.52 , 6.0 , 6 , 8
2 , 5.52 , 6.0 , 6 , 8
2 , 5.52 , 6.0 , 6 , 8
2 , 5.5 , 6.0 , 6 , 8
2 , 5.5 , 6.0 , 6 , 8
2 , 5.5 , 6.0 , 6 , 8
2 , 5.48 , 6.0 , 6 , 8
2 , 5.48 , 6.0 , 6 , 8
2 , 5.48 , 6.0 , 6 , 8
2 , 5.48 , 6.0 , 6 , 8
2 , 5.48 , 6.0 , 6 , 8
2 , 5.46 , 6.0 , 6 , 8
2 , 5.38 , 6.0 , 6 , 8
2 , 5.38 , 6.0 , 6 , 8
2 , 5.38 , 6.0 , 6 , 8
2 , 5.38 , 6.0 , 6 , 8
2 , 5.38 , 6.0 , 6 , 8
2 , 5.32 , 6.0 , 6 , 8
2 , 5.32 , 6.0 , 6 , 8
2 , 5.26 , 6.0 , 6 , 8
2 , 5.2 , 6.0 , 6 , 8
2 , 5.2 , 6.0 , 6 , 8
2 , 5.2 , 6.0 , 6 , 8
2 , 5.2 , 6.0 , 6 , 8
2 , 5.2 , 6.0 , 6 , 8
2 , 5.14 , 6.0 , 6 , 8
2 , 5.1 , 6.0 , 6 , 8
2 , 5.08 , 6.0 , 6 , 8
2 , 5.08 , 6.0 , 6 , 8
2 , 5.08 , 6.0 , 6 , 8
2 , 5.08 , 6.0 , 6 , 8
2 , 5.02 , 6.0 , 6 , 8
2 , 5.0 , 6.0 , 6 , 8
2 , 4.98 , 6.0 , 6 , 8
2 , 4.98 , 6.0 , 6 , 8
2 , 4.98 , 6.0 , 6 , 8
2 , 4.98 , 6.0 , 6 , 8
2 , 4.94 , 6.0 , 6 , 8
2 , 4.94 , 6.0 , 6 , 8
2 , 4.94 , 6.0 , 6 , 8
2 , 4.92 , 6.0 , 6 , 8
2 , 4.92 , 6.0 , 6 , 8
2 , 4.92 , 6.0 , 6 , 8
2 , 4.92 , 6.0 , 6 , 8
2 , 4.92 , 6.0 , 6 , 8
2 , 4.92 , 6.0 , 6 , 8
2 , 4.9 , 6.0 , 6 , 8
2 , 4.84 , 6.0 , 6 , 8
2 , 4.82 , 6.0 , 6 , 8
2 , 4.78 , 6.0 , 6 , 6
2 , 4.78 , 6.0 , 6 , 6
2 , 4.76 , 6.0 , 6 , 6
2 , 4.76 , 6.0 , 6 , 6
2 , 4.72 , 6.0 , 6 , 6
2 , 4.72 , 6.0 , 6 , 6
2 , 4.7 , 6.0 , 6 , 6
2 , 4.7 , 6.0 , 6 , 6
2 , 4.7 , 6.0 , 6 , 6
2 , 4.7 , 6.0 , 6 , 6
2 , 4.7 , 6.0 , 6 , 6
2 , 4.7 , 6.0 , 6 , 6
2 , 4.7 , 6.0 , 6 , 6
2 , 4.7 , 6.0 , 6 , 6
2 , 4.66 , 6.0 , 6 , 6
2 , 4.66 , 6.0 , 6 , 6
2 , 4.64 , 6.0 , 6 , 6
2 , 4.64 , 6.0 , 6 , 6
2 , 4.62 , 5.0 , 6 , 6
2 , 4.62 , 5.0 , 6 , 6
2 , 4.62 , 5.0 , 6 , 6
2 , 4.62 , 5.0 , 6 , 6
2 , 4.62 , 5.0 , 6 , 6
2 , 4.62 , 5.0 , 6 , 6
2 , 4.62 , 5.0 , 6 , 6
2 , 4.62 , 5.0 , 6 , 6
2 , 4.62 , 5.0 , 6 , 6
2 , 4.62 , 5.0 , 6 , 6
2 , 4.62 , 5.0 , 6 , 6
2 , 4.62 , 5.0 , 6 , 6
2 , 4.62 , 5.0 , 6 , 6
2 , 4.62 , 5.0 , 6 , 6
2 , 4.62 , 5.0 , 6 , 6
2 , 4.6 , 4.0 , 6 , 6
2 , 4.6 , 4.0 , 6 , 6
2 , 4.58 , 4.0 , 6 , 6
2 , 4.56 , 4.0 , 6 , 6
2 , 4.56 , 4.0 , 6 , 6
2 , 4.56 , 4.0 , 6 , 6
2 , 4.56 , 4.0 , 6 , 6
2 , 4.54 , 4.0 , 6 , 6
2 , 4.54 , 4.0 , 6 , 6
2 , 4.54 , 4.0 , 6 , 6
2 , 4.54 , 4.0 , 6 , 6
2 , 4.52 , 4.0 , 6 , 6
2 , 4.52 , 4.0 , 6 , 6
2 , 4.52 , 4.0 , 6 , 6
2 , 4.52 , 4.0 , 6 , 6
2 , 4.52 , 4.0 , 6 , 6
2 , 4.52 , 4.0 , 6 , 6
2 , 4.52 , 4.0 , 6 , 6
2 , 4.52 , 4.0 , 6 , 6
2 , 4.5 , 4.0 , 6 , 6
2 , 4.5 , 4.0 , 6 , 6
2 , 4.5 , 4.0 , 6 , 6
2 , 4.5 , 4.0 , 6 , 6
2 , 4.5 , 4.0 , 6 , 6
2 , 4.48 , 4.0 , 6 , 6
2 , 4.48 , 4.0 , 6 , 6
2 , 4.48 , 4.0 , 6 , 6
2 , 4.48 , 4.0 , 6 , 6
2 , 4.48 , 4.0 , 6 , 6
2 , 4.48 , 4.0 , 6 , 6
2 , 4.48 , 4.0 , 6 , 6
2 , 4.44 , 4.0 , 6 , 6
2 , 4.4 , 4.0 , 6 , 6
2 , 4.38 , 4.0 , 6 , 6
2 , 4.38 , 4.0 , 6 , 6
2 , 4.38 , 4.0 , 6 , 6
2 , 4.38 , 4.0 , 6 , 6
2 , 4.38 , 4.0 , 6 , 6
2 , 4.38 , 4.0 , 6 , 6
2 , 4.38 , 4.0 , 6 , 6
2 , 4.38 , 4.0 , 6 , 6
2 , 4.38 , 4.0 , 6 , 6
2 , 4.38 , 4.0 , 6 , 6
2 , 4.38 , 4.0 , 6 , 6
2 , 4.38 , 4.0 , 6 , 6
2 , 4.38 , 4.0 , 6 , 6
2 , 4.38 , 4.0 , 6 , 6
2 , 4.38 , 4.0 , 6 , 6
2 , 4.38 , 4.0 , 6 , 6
2 , 4.34 , 4.0 , 4 , 6
2 , 4.34 , 4.0 , 4 , 6
2 , 4.28 , 4.0 , 4 , 6
2 , 4.28 , 4.0 , 4 , 6
2 , 4.28 , 4.0 , 4 , 6
2 , 4.28 , 4.0 , 4 , 6
2 , 4.28 , 4.0 , 4 , 6
2 , 4.28 , 4.0 , 4 , 6
2 , 4.28 , 4.0 , 4 , 6
2 , 4.28 , 4.0 , 4 , 6
2 , 4.28 , 4.0 , 4 , 6
2 , 4.28 , 4.0 , 4 , 6
2 , 4.28 , 4.0 , 4 , 6
2 , 4.28 , 4.0 , 4 , 6
2 , 4.28 , 4.0 , 4 , 6
2 , 4.28 , 4.0 , 4 , 6
2 , 4.28 , 4.0 , 4 , 6
2 , 4.28 , 4.0 , 4 , 6
2 , 4.28 , 4.0 , 4 , 6
2 , 4.28 , 4.0 , 4 , 6
2 , 4.28 , 4.0 , 4 , 6
2 , 4.24 , 4.0 , 4 , 6
2 , 4.24 , 4.0 , 4 , 6
2 , 4.24 , 4.0 , 4 , 6
2 , 4.24 , 4.0 , 4 , 6
2 , 4.24 , 4.0 , 4 , 6
2 , 4.24 , 4.0 , 4 , 6
2 , 4.22 , 4.0 , 4 , 6
2 , 4.22 , 4.0 , 4 , 6
2 , 4.2 , 4.0 , 4 , 6
2 , 4.2 , 4.0 , 4 , 6
2 , 4.2 , 4.0 , 4 , 6
2 , 4.2 , 4.0 , 4 , 6
2 , 4.18 , 4.0 , 4 , 6
2 , 4.18 , 4.0 , 4 , 6
2 , 4.18 , 4.0 , 4 , 6
2 , 4.12 , 4.0 , 4 , 6
2 , 4.12 , 4.0 , 4 , 6
2 , 4.12 , 4.0 , 4 , 6
2 , 4.12 , 4.0 , 4 , 6
2 , 4.12 , 4.0 , 4 , 6
2 , 4.1 , 4.0 , 4 , 6
2 , 4.06 , 4.0 , 4 , 6
2 , 4.06 , 4.0 , 4 , 6
2 , 4.04 , 4.0 , 4 , 6
2 , 4.04 , 4.0 , 4 , 6
2 , 4.04 , 4.0 , 4 , 6
2 , 4.04 , 4.0 , 4 , 6
2 , 4.04 , 4.0 , 4 , 6
2 , 4.04 , 4.0 , 4 , 6
2 , 4.04 , 4.0 , 4 , 6
2 , 4.04 , 4.0 , 4 , 6
2 , 4.04 , 4.0 , 4 , 6
2 , 4.02 , 4.0 , 4 , 6
2 , 4.02 , 4.0 , 4 , 6
2 , 4.02 , 4.0 , 4 , 6
2 , 4.02 , 4.0 , 4 , 6
2 , 4.02 , 4.0 , 4 , 6
2 , 4.02 , 4.0 , 4 , 6
2 , 4.02 , 4.0 , 4 , 6
2 , 4.02 , 4.0 , 4 , 6
2 , 4.0 , 4.0 , 4 , 6
2 , 4.0 , 4.0 , 4 , 6
2 , 4.0 , 4.0 , 4 , 6
2 , 4.0 , 4.0 , 4 , 6
2 , 4.0 , 4.0 , 4 , 6
2 , 3.98 , 4.0 , 4 , 6
2 , 3.98 , 4.0 , 4 , 6
2 , 3.98 , 4.0 , 4 , 6
2 , 3.98 , 4.0 , 4 , 6
2 , 3.96 , 4.0 , 4 , 6
2 , 3.96 , 4.0 , 4 , 6
2 , 3.96 , 4.0 , 4 , 6
2 , 3.92 , 4.0 , 4 , 6
2 , 3.92 , 4.0 , 4 , 6
2 , 3.92 , 4.0 , 4 , 6
2 , 3.92 , 4.0 , 4 , 6
2 , 3.92 , 4.0 , 4 , 6
2 , 3.92 , 4.0 , 4 , 6
2 , 3.92 , 4.0 , 4 , 6
2 , 3.92 , 4.0 , 4 , 6
2 , 3.92 , 4.0 , 4 , 6
2 , 3.88 , 4.0 , 4 , 6
2 , 3.88 , 4.0 , 4 , 6
2 , 3.84 , 4.0 , 4 , 6
2 , 3.84 , 4.0 , 4 , 6
2 , 3.84 , 4.0 , 4 , 6
2 , 3.8 , 4.0 , 4 , 6
2 , 3.8 , 4.0 , 4 , 6
2 , 3.8 , 4.0 , 4 , 6
2 , 3.8 , 4.0 , 4 , 6
2 , 3.8 , 4.0 , 4 , 6
2 , 3.8 , 4.0 , 4 , 6
2 , 3.8 , 4.0 , 4 , 6
2 , 3.78 , 4.0 , 4 , 6
2 , 3.78 , 4.0 , 4 , 6
2 , 3.78 , 4.0 , 4 , 6
2 , 3.78 , 4.0 , 4 , 6
2 , 3.76 , 4.0 , 4 , 6
2 , 3.76 , 4.0 , 4 , 6
2 , 3.76 , 4.0 , 4 , 6
2 , 3.76 , 4.0 , 4 , 6
2 , 3.76 , 4.0 , 4 , 6
2 , 3.76 , 4.0 , 4 , 6
2 , 3.76 , 4.0 , 4 , 6
2 , 3.74 , 4.0 , 4 , 6
2 , 3.72 , 4.0 , 4 , 6
2 , 3.7 , 4.0 , 4 , 6
2 , 3.7 , 4.0 , 4 , 6
2 , 3.7 , 4.0 , 4 , 6
2 , 3.7 , 4.0 , 4 , 6
2 , 3.66 , 4.0 , 4 , 6
2 , 3.66 , 4.0 , 4 , 6
2 , 3.66 , 4.0 , 4 , 6
2 , 3.66 , 4.0 , 4 , 6
2 , 3.66 , 4.0 , 4 , 6
2 , 3.66 , 4.0 , 4 , 6
2 , 3.64 , 4.0 , 4 , 6
2 , 3.64 , 4.0 , 4 , 6
2 , 3.64 , 4.0 , 4 , 6
2 , 3.64 , 4.0 , 4 , 6
2 , 3.62 , 4.0 , 4 , 6
2 , 3.6 , 4.0 , 4 , 6
2 , 3.6 , 4.0 , 4 , 6
2 , 3.6 , 4.0 , 4 , 6
2 , 3.6 , 4.0 , 4 , 6
2 , 3.6 , 4.0 , 4 , 6
2 , 3.6 , 4.0 , 4 , 6
2 , 3.6 , 4.0 , 4 , 6
2 , 3.6 , 4.0 , 4 , 6
2 , 3.6 , 4.0 , 4 , 6
2 , 3.6 , 4.0 , 4 , 6
2 , 3.6 , 4.0 , 4 , 6
2 , 3.6 , 4.0 , 4 , 6
2 , 3.58 , 4.0 , 4 , 6
2 , 3.58 , 4.0 , 4 , 6
2 , 3.58 , 4.0 , 4 , 6
2 , 3.58 , 4.0 , 4 , 6
2 , 3.58 , 4.0 , 4 , 6
2 , 3.58 , 4.0 , 4 , 6
2 , 3.56 , 4.0 , 4 , 6
2 , 3.56 , 4.0 , 4 , 6
2 , 3.56 , 4.0 , 4 , 6
2 , 3.56 , 4.0 , 4 , 6
2 , 3.56 , 4.0 , 4 , 6
2 , 3.56 , 4.0 , 4 , 6
2 , 3.56 , 4.0 , 4 , 6
2 , 3.56 , 4.0 , 4 , 6
2 , 3.56 , 4.0 , 4 , 6
2 , 3.56 , 4.0 , 4 , 6
2 , 3.56 , 4.0 , 4 , 6
2 , 3.56 , 4.0 , 4 , 6
2 , 3.56 , 4.0 , 4 , 6
2 , 3.54 , 4.0 , 4 , 6
2 , 3.54 , 4.0 , 4 , 6
2 , 3.54 , 4.0 , 4 , 6
2 , 3.54 , 4.0 , 4 , 6
2 , 3.54 , 4.0 , 4 , 6
2 , 3.54 , 4.0 , 4 , 6
2 , 3.54 , 4.0 , 4 , 6
2 , 3.54 , 4.0 , 4 , 6
2 , 3.54 , 4.0 , 4 , 6
2 , 3.54 , 4.0 , 4 , 6
2 , 3.54 , 4.0 , 4 , 6
2 , 3.5 , 4.0 , 4 , 6
0 , 3.44 , 4.0 , 4 , 6
0 , 3.4 , 4.0 , 4 , 6
0 , 3.4 , 4.0 , 4 , 6
0 , 3.4 , 4.0 , 4 , 6
0 , 3.4 , 4.0 , 4 , 6
0 , 3.38 , 4.0 , 4 , 6
0 , 3.38 , 4.0 , 4 , 6
0 , 3.38 , 4.0 , 4 , 6
0 , 3.38 , 4.0 , 4 , 6
0 , 3.38 , 4.0 , 4 , 6
0 , 3.38 , 4.0 , 4 , 6
0 , 3.38 , 4.0 , 4 , 6
0 , 3.38 , 4.0 , 4 , 6
0 , 3.38 , 4.0 , 4 , 6
0 , 3.34 , 4.0 , 4 , 6
0 , 3.34 , 4.0 , 4 , 6
0 , 3.34 , 4.0 , 4 , 6
0 , 3.34 , 4.0 , 4 , 6
0 , 3.34 , 4.0 , 4 , 6
0 , 3.32 , 4.0 , 4 , 6
0 , 3.28 , 4.0 , 4 , 4
0 , 3.26 , 4.0 , 4 , 4
0 , 3.22 , 4.0 , 4 , 4
0 , 3.22 , 4.0 , 4 , 4
0 , 3.22 , 4.0 , 4 , 4
0 , 3.2 , 4.0 , 4 , 4
0 , 3.2 , 4.0 , 4 , 4
0 , 3.2 , 4.0 , 4 , 4
0 , 3.2 , 4.0 , 4 , 4
0 , 3.2 , 4.0 , 4 , 4
0 , 3.2 , 4.0 , 4 , 4
0 , 3.2 , 4.0 , 4 , 4
0 , 3.2 , 4.0 , 4 , 4
0 , 3.2 , 4.0 , 4 , 4
0 , 3.2 , 4.0 , 4 , 4
0 , 3.2 , 4.0 , 4 , 4
0 , 3.2 , 4.0 , 4 , 4
0 , 3.2 , 4.0 , 4 , 4
0 , 3.2 , 4.0 , 4 , 4
0 , 3.2 , 4.0 , 4 , 4
0 , 3.2 , 4.0 , 4 , 4
0 , 3.2 , 4.0 , 4 , 4
0 , 3.2 , 4.0 , 4 , 4
0 , 3.2 , 4.0 , 4 , 4
0 , 3.2 , 4.0 , 4 , 4
0 , 3.2 , 4.0 , 4 , 4
0 , 3.2 , 4.0 , 4 , 4
0 , 3.2 , 4.0 , 4 , 4
0 , 3.2 , 4.0 , 4 , 4
0 , 3.2 , 4.0 , 4 , 4
0 , 3.2 , 4.0 , 4 , 4
0 , 3.2 , 4.0 , 4 , 4
0 , 3.2 , 4.0 , 4 , 4
0 , 3.2 , 4.0 , 4 , 4
0 , 3.18 , 4.0 , 4 , 4
0 , 3.18 , 4.0 , 4 , 4
0 , 3.16 , 4.0 , 4 , 4
0 , 3.16 , 4.0 , 4 , 4
0 , 3.16 , 4.0 , 4 , 4
0 , 3.16 , 4.0 , 4 , 4
0 , 3.16 , 4.0 , 4 , 4
0 , 3.14 , 4.0 , 4 , 4
0 , 3.14 , 4.0 , 4 , 4
0 , 3.14 , 4.0 , 4 , 4
0 , 3.14 , 4.0 , 4 , 4
0 , 3.14 , 4.0 , 4 , 4
0 , 3.14 , 4.0 , 4 , 4
0 , 3.14 , 4.0 , 4 , 4
0 , 3.12 , 4.0 , 4 , 4
0 , 3.12 , 4.0 , 4 , 4
0 , 3.12 , 4.0 , 4 , 4
0 , 3.1 , 4.0 , 4 , 4
0 , 3.1 , 4.0 , 4 , 4
0 , 3.1 , 4.0 , 4 , 4
0 , 3.1 , 4.0 , 4 , 4
0 , 3.1 , 4.0 , 4 , 4
0 , 3.1 , 4.0 , 4 , 4
0 , 3.08 , 4.0 , 4 , 4
0 , 3.08 , 4.0 , 4 , 4
0 , 3.08 , 4.0 , 4 , 4
0 , 3.08 , 4.0 , 4 , 4
0 , 3.08 , 4.0 , 4 , 4
0 , 3.08 , 4.0 , 4 , 4
0 , 3.06 , 4.0 , 4 , 4
0 , 3.06 , 4.0 , 4 , 4
0 , 3.06 , 4.0 , 4 , 4
0 , 3.06 , 4.0 , 4 , 4
0 , 3.06 , 4.0 , 4 , 4
0 , 3.06 , 4.0 , 4 , 4
0 , 3.06 , 4.0 , 4 , 4
0 , 3.06 , 4.0 , 4 , 4
0 , 3.04 , 4.0 , 4 , 4
0 , 3.04 , 4.0 , 4 , 4
0 , 3.04 , 4.0 , 4 , 4
0 , 3.04 , 4.0 , 4 , 4
0 , 3.04 , 4.0 , 4 , 4
0 , 3.04 , 4.0 , 4 , 4
0 , 3.04 , 4.0 , 4 , 4
0 , 3.04 , 4.0 , 4 , 4
0 , 3.04 , 4.0 , 4 , 4
0 , 3.04 , 4.0 , 4 , 4
0 , 3.04 , 4.0 , 4 , 4
0 , 3.02 , 4.0 , 4 , 4
0 , 3.02 , 4.0 , 4 , 4
0 , 3.02 , 4.0 , 4 , 4
0 , 3.02 , 4.0 , 4 , 4
0 , 3.02 , 4.0 , 4 , 4
0 , 3.02 , 4.0 , 4 , 4
0 , 3.02 , 4.0 , 4 , 4
0 , 3.02 , 4.0 , 4 , 4
0 , 3.02 , 4.0 , 4 , 4
0 , 3.02 , 4.0 , 4 , 4
0 , 3.02 , 4.0 , 4 , 4
0 , 3.02 , 4.0 , 4 , 4
0 , 3.02 , 4.0 , 4 , 4
0 , 3.02 , 4.0 , 4 , 4
0 , 3.0 , 4.0 , 4 , 4
0 , 3.0 , 4.0 , 4 , 4
0 , 3.0 , 4.0 , 4 , 4
0 , 3.0 , 4.0 , 4 , 4
0 , 3.0 , 4.0 , 4 , 4
0 , 3.0 , 4.0 , 4 , 4
0 , 3.0 , 4.0 , 4 , 4
0 , 3.0 , 4.0 , 4 , 4
0 , 3.0 , 4.0 , 4 , 4
0 , 3.0 , 4.0 , 4 , 4
0 , 3.0 , 4.0 , 4 , 4
0 , 3.0 , 4.0 , 4 , 4
0 , 3.0 , 4.0 , 4 , 4
0 , 3.0 , 4.0 , 4 , 4
0 , 3.0 , 4.0 , 4 , 4
0 , 3.0 , 4.0 , 4 , 4
0 , 3.0 , 4.0 , 4 , 4
0 , 3.0 , 4.0 , 4 , 4
0 , 3.0 , 4.0 , 4 , 4
0 , 2.98 , 3.0 , 4 , 4
0 , 2.96 , 2.0 , 2 , 4
0 , 2.96 , 2.0 , 2 , 4
0 , 2.96 , 2.0 , 2 , 4
0 , 2.96 , 2.0 , 2 , 4
0 , 2.92 , 2.0 , 2 , 4
0 , 2.92 , 2.0 , 2 , 4
0 , 2.92 , 2.0 , 2 , 4
0 , 2.9 , 2.0 , 2 , 4
0 , 2.9 , 2.0 , 2 , 4
0 , 2.9 , 2.0 , 2 , 4
0 , 2.9 , 2.0 , 2 , 4
0 , 2.9 , 2.0 , 2 , 4
0 , 2.9 , 2.0 , 2 , 4
0 , 2.9 , 2.0 , 2 , 4
0 , 2.9 , 2.0 , 2 , 4
0 , 2.9 , 2.0 , 2 , 4
0 , 2.9 , 2.0 , 2 , 4
0 , 2.9 , 2.0 , 2 , 4
0 , 2.9 , 2.0 , 2 , 4
0 , 2.9 , 2.0 , 2 , 4
0 , 2.9 , 2.0 , 2 , 4
0 , 2.9 , 2.0 , 2 , 4
0 , 2.9 , 2.0 , 2 , 4
0 , 2.9 , 2.0 , 2 , 4
0 , 2.88 , 2.0 , 2 , 4
0 , 2.88 , 2.0 , 2 , 4
0 , 2.88 , 2.0 , 2 , 4
0 , 2.88 , 2.0 , 2 , 4
0 , 2.88 , 2.0 , 2 , 4
0 , 2.88 , 2.0 , 2 , 4
0 , 2.88 , 2.0 , 2 , 4
0 , 2.88 , 2.0 , 2 , 4
0 , 2.88 , 2.0 , 2 , 4
0 , 2.88 , 2.0 , 2 , 4
0 , 2.88 , 2.0 , 2 , 4
0 , 2.88 , 2.0 , 2 , 4
0 , 2.88 , 2.0 , 2 , 4
0 , 2.88 , 2.0 , 2 , 4
0 , 2.88 , 2.0 , 2 , 4
0 , 2.88 , 2.0 , 2 , 4
0 , 2.88 , 2.0 , 2 , 4
0 , 2.88 , 2.0 , 2 , 4
0 , 2.88 , 2.0 , 2 , 4
0 , 2.88 , 2.0 , 2 , 4
0 , 2.86 , 2.0 , 2 , 4
0 , 2.86 , 2.0 , 2 , 4
0 , 2.86 , 2.0 , 2 , 4
0 , 2.86 , 2.0 , 2 , 4
0 , 2.86 , 2.0 , 2 , 4
0 , 2.86 , 2.0 , 2 , 4
0 , 2.86 , 2.0 , 2 , 4
0 , 2.86 , 2.0 , 2 , 4
0 , 2.86 , 2.0 , 2 , 4
0 , 2.86 , 2.0 , 2 , 4
0 , 2.86 , 2.0 , 2 , 4
0 , 2.86 , 2.0 , 2 , 4
0 , 2.86 , 2.0 , 2 , 4
0 , 2.86 , 2.0 , 2 , 4
0 , 2.86 , 2.0 , 2 , 4
0 , 2.86 , 2.0 , 2 , 4
0 , 2.86 , 2.0 , 2 , 4
0 , 2.86 , 2.0 , 2 , 4
0 , 2.86 , 2.0 , 2 , 4
0 , 2.84 , 2.0 , 2 , 4
0 , 2.84 , 2.0 , 2 , 4
0 , 2.84 , 2.0 , 2 , 4
0 , 2.84 , 2.0 , 2 , 4
0 , 2.84 , 2.0 , 2 , 4
0 , 2.84 , 2.0 , 2 , 4
0 , 2.84 , 2.0 , 2 , 4
0 , 2.84 , 2.0 , 2 , 4
0 , 2.84 , 2.0 , 2 , 4
0 , 2.84 , 2.0 , 2 , 4
0 , 2.84 , 2.0 , 2 , 4
0 , 2.84 , 2.0 , 2 , 4
0 , 2.84 , 2.0 , 2 , 4
0 , 2.84 , 2.0 , 2 , 4
0 , 2.84 , 2.0 , 2 , 4
0 , 2.84 , 2.0 , 2 , 4
0 , 2.84 , 2.0 , 2 , 4
0 , 2.84 , 2.0 , 2 , 4
0 , 2.84 , 2.0 , 2 , 4
0 , 2.84 , 2.0 , 2 , 4
0 , 2.84 , 2.0 , 2 , 4
0 , 2.82 , 2.0 , 2 , 4
0 , 2.82 , 2.0 , 2 , 4
0 , 2.82 , 2.0 , 2 , 4
0 , 2.82 , 2.0 , 2 , 4
0 , 2.82 , 2.0 , 2 , 4
0 , 2.82 , 2.0 , 2 , 4
0 , 2.82 , 2.0 , 2 , 4
0 , 2.82 , 2.0 , 2 , 4
0 , 2.82 , 2.0 , 2 , 4
0 , 2.82 , 2.0 , 2 , 4
0 , 2.82 , 2.0 , 2 , 4
0 , 2.8 , 2.0 , 2 , 4
0 , 2.8 , 2.0 , 2 , 4
0 , 2.8 , 2.0 , 2 , 4
0 , 2.8 , 2.0 , 2 , 4
0 , 2.8 , 2.0 , 2 , 4
0 , 2.8 , 2.0 , 2 , 4
0 , 2.8 , 2.0 , 2 , 4
0 , 2.8 , 2.0 , 2 , 4
0 , 2.8 , 2.0 , 2 , 4
0 , 2.8 , 2.0 , 2 , 4
0 , 2.8 , 2.0 , 2 , 4
0 , 2.8 , 2.0 , 2 , 4
0 , 2.8 , 2.0 , 2 , 4
0 , 2.8 , 2.0 , 2 , 4
0 , 2.8 , 2.0 , 2 , 4
0 , 2.8 , 2.0 , 2 , 4
0 , 2.8 , 2.0 , 2 , 4
0 , 2.8 , 2.0 , 2 , 4
0 , 2.8 , 2.0 , 2 , 4
0 , 2.8 , 2.0 , 2 , 4
0 , 2.8 , 2.0 , 2 , 4
0 , 2.8 , 2.0 , 2 , 4
0 , 2.8 , 2.0 , 2 , 4
0 , 2.8 , 2.0 , 2 , 4
0 , 2.8 , 2.0 , 2 , 4
0 , 2.8 , 2.0 , 2 , 4
0 , 2.8 , 2.0 , 2 , 4
0 , 2.8 , 2.0 , 2 , 4
0 , 2.8 , 2.0 , 2 , 4
0 , 2.8 , 2.0 , 2 , 4
0 , 2.8 , 2.0 , 2 , 4
0 , 2.8 , 2.0 , 2 , 4
0 , 2.8 , 2.0 , 2 , 4
0 , 2.78 , 2.0 , 2 , 4
0 , 2.78 , 2.0 , 2 , 4
0 , 2.78 , 2.0 , 2 , 4
0 , 2.78 , 2.0 , 2 , 4
0 , 2.78 , 2.0 , 2 , 4
0 , 2.78 , 2.0 , 2 , 4
0 , 2.78 , 2.0 , 2 , 4
0 , 2.78 , 2.0 , 2 , 4
0 , 2.78 , 2.0 , 2 , 4
0 , 2.78 , 2.0 , 2 , 4
0 , 2.78 , 2.0 , 2 , 4
0 , 2.78 , 2.0 , 2 , 4
0 , 2.78 , 2.0 , 2 , 4
0 , 2.78 , 2.0 , 2 , 4
0 , 2.78 , 2.0 , 2 , 4
0 , 2.78 , 2.0 , 2 , 4
0 , 2.78 , 2.0 , 2 , 4
0 , 2.78 , 2.0 , 2 , 4
0 , 2.78 , 2.0 , 2 , 4
0 , 2.78 , 2.0 , 2 , 4
0 , 2.78 , 2.0 , 2 , 4
0 , 2.76 , 2.0 , 2 , 4
0 , 2.76 , 2.0 , 2 , 4
0 , 2.76 , 2.0 , 2 , 4
0 , 2.76 , 2.0 , 2 , 4
0 , 2.76 , 2.0 , 2 , 4
0 , 2.76 , 2.0 , 2 , 4
0 , 2.76 , 2.0 , 2 , 4
0 , 2.74 , 2.0 , 2 , 4
0 , 2.74 , 2.0 , 2 , 4
0 , 2.74 , 2.0 , 2 , 4
0 , 2.74 , 2.0 , 2 , 4
0 , 2.74 , 2.0 , 2 , 4
0 , 2.72 , 2.0 , 2 , 4
0 , 2.72 , 2.0 , 2 , 4
0 , 2.72 , 2.0 , 2 , 4
0 , 2.72 , 2.0 , 2 , 4
0 , 2.7 , 2.0 , 2 , 4
0 , 2.7 , 2.0 , 2 , 4
0 , 2.7 , 2.0 , 2 , 4
0 , 2.7 , 2.0 , 2 , 4
0 , 2.7 , 2.0 , 2 , 4
0 , 2.7 , 2.0 , 2 , 4
0 , 2.7 , 2.0 , 2 , 4
0 , 2.7 , 2.0 , 2 , 4
0 , 2.7 , 2.0 , 2 , 4
0 , 2.7 , 2.0 , 2 , 4
0 , 2.68 , 2.0 , 2 , 4
0 , 2.68 , 2.0 , 2 , 4
0 , 2.68 , 2.0 , 2 , 4
0 , 2.68 , 2.0 , 2 , 4
0 , 2.68 , 2.0 , 2 , 4
0 , 2.68 , 2.0 , 2 , 4
0 , 2.68 , 2.0 , 2 , 4
0 , 2.68 , 2.0 , 2 , 4
0 , 2.68 , 2.0 , 2 , 4
0 , 2.68 , 2.0 , 2 , 4
0 , 2.68 , 2.0 , 2 , 4
0 , 2.68 , 2.0 , 2 , 4
0 , 2.66 , 2.0 , 2 , 4
0 , 2.66 , 2.0 , 2 , 4
0 , 2.64 , 2.0 , 2 , 4
0 , 2.64 , 2.0 , 2 , 4
0 , 2.64 , 2.0 , 2 , 4
0 , 2.64 , 2.0 , 2 , 4
0 , 2.64 , 2.0 , 2 , 4
0 , 2.64 , 2.0 , 2 , 4
0 , 2.64 , 2.0 , 2 , 4
0 , 2.64 , 2.0 , 2 , 4
0 , 2.64 , 2.0 , 2 , 4
0 , 2.64 , 2.0 , 2 , 4
0 , 2.64 , 2.0 , 2 , 4
0 , 2.64 , 2.0 , 2 , 4
0 , 2.64 , 2.0 , 2 , 4
0 , 2.64 , 2.0 , 2 , 4
0 , 2.64 , 2.0 , 2 , 4
0 , 2.64 , 2.0 , 2 , 4
0 , 2.64 , 2.0 , 2 , 4
0 , 2.64 , 2.0 , 2 , 4
0 , 2.62 , 2.0 , 2 , 4
0 , 2.62 , 2.0 , 2 , 4
0 , 2.62 , 2.0 , 2 , 4
0 , 2.62 , 2.0 , 2 , 4
0 , 2.62 , 2.0 , 2 , 4
0 , 2.62 , 2.0 , 2 , 4
0 , 2.62 , 2.0 , 2 , 4
0 , 2.62 , 2.0 , 2 , 4
0 , 2.62 , 2.0 , 2 , 4
0 , 2.62 , 2.0 , 2 , 4
0 , 2.6 , 2.0 , 2 , 4
0 , 2.6 , 2.0 , 2 , 4
0 , 2.6 , 2.0 , 2 , 4
0 , 2.6 , 2.0 , 2 , 4
0 , 2.6 , 2.0 , 2 , 4
0 , 2.6 , 2.0 , 2 , 4
0 , 2.6 , 2.0 , 2 , 4
0 , 2.6 , 2.0 , 2 , 4
0 , 2.6 , 2.0 , 2 , 4
0 , 2.6 , 2.0 , 2 , 4
0 , 2.58 , 2.0 , 2 , 4
0 , 2.58 , 2.0 , 2 , 4
0 , 2.58 , 2.0 , 2 , 4
0 , 2.58 , 2.0 , 2 , 4
0 , 2.58 , 2.0 , 2 , 4
0 , 2.58 , 2.0 , 2 , 4
0 , 2.58 , 2.0 , 2 , 4
0 , 2.58 , 2.0 , 2 , 4
0 , 2.58 , 2.0 , 2 , 4
0 , 2.58 , 2.0 , 2 , 4
0 , 2.58 , 2.0 , 2 , 4
0 , 2.58 , 2.0 , 2 , 4
0 , 2.58 , 2.0 , 2 , 4
0 , 2.58 , 2.0 , 2 , 4
0 , 2.58 , 2.0 , 2 , 4
0 , 2.58 , 2.0 , 2 , 4
0 , 2.58 , 2.0 , 2 , 4
0 , 2.58 , 2.0 , 2 , 4
0 , 2.58 , 2.0 , 2 , 4
0 , 2.58 , 2.0 , 2 , 4
0 , 2.58 , 2.0 , 2 , 4
0 , 2.58 , 2.0 , 2 , 4
0 , 2.58 , 2.0 , 2 , 4
0 , 2.58 , 2.0 , 2 , 4
0 , 2.58 , 2.0 , 2 , 4
0 , 2.58 , 2.0 , 2 , 4
0 , 2.58 , 2.0 , 2 , 4
0 , 2.58 , 2.0 , 2 , 4
0 , 2.58 , 2.0 , 2 , 4
0 , 2.58 , 2.0 , 2 , 4
0 , 2.58 , 2.0 , 2 , 4
0 , 2.58 , 2.0 , 2 , 4
0 , 2.58 , 2.0 , 2 , 4
0 , 2.58 , 2.0 , 2 , 4
0 , 2.58 , 2.0 , 2 , 4
0 , 2.58 , 2.0 , 2 , 4
0 , 2.58 , 2.0 , 2 , 4
0 , 2.56 , 2.0 , 2 , 4
0 , 2.56 , 2.0 , 2 , 4
0 , 2.56 , 2.0 , 2 , 4
0 , 2.56 , 2.0 , 2 , 4
0 , 2.56 , 2.0 , 2 , 4
0 , 2.54 , 2.0 , 2 , 4
0 , 2.54 , 2.0 , 2 , 4
0 , 2.54 , 2.0 , 2 , 4
0 , 2.54 , 2.0 , 2 , 4
0 , 2.52 , 2.0 , 2 , 4
0 , 2.52 , 2.0 , 2 , 4
0 , 2.52 , 2.0 , 2 , 4
0 , 2.52 , 2.0 , 2 , 4
0 , 2.52 , 2.0 , 2 , 4
0 , 2.52 , 2.0 , 2 , 4
0 , 2.52 , 2.0 , 2 , 4
0 , 2.5 , 2.0 , 2 , 4
0 , 2.5 , 2.0 , 2 , 4
0 , 2.5 , 2.0 , 2 , 4
0 , 2.5 , 2.0 , 2 , 4
0 , 2.48 , 2.0 , 2 , 4
0 , 2.48 , 2.0 , 2 , 4
0 , 2.48 , 2.0 , 2 , 4
0 , 2.48 , 2.0 , 2 , 4
0 , 2.48 , 2.0 , 2 , 4
0 , 2.48 , 2.0 , 2 , 4
0 , 2.48 , 2.0 , 2 , 4
0 , 2.48 , 2.0 , 2 , 4
0 , 2.48 , 2.0 , 2 , 4
0 , 2.48 , 2.0 , 2 , 4
0 , 2.48 , 2.0 , 2 , 4
0 , 2.48 , 2.0 , 2 , 4
0 , 2.48 , 2.0 , 2 , 4
0 , 2.48 , 2.0 , 2 , 4
0 , 2.48 , 2.0 , 2 , 4
0 , 2.48 , 2.0 , 2 , 4
0 , 2.48 , 2.0 , 2 , 4
0 , 2.48 , 2.0 , 2 , 4
0 , 2.48 , 2.0 , 2 , 4
0 , 2.48 , 2.0 , 2 , 4
0 , 2.48 , 2.0 , 2 , 4
0 , 2.48 , 2.0 , 2 , 4
0 , 2.48 , 2.0 , 2 , 4
0 , 2.48 , 2.0 , 2 , 4
0 , 2.48 , 2.0 , 2 , 4
0 , 2.48 , 2.0 , 2 , 4
0 , 2.48 , 2.0 , 2 , 4
0 , 2.48 , 2.0 , 2 , 4
0 , 2.48 , 2.0 , 2 , 4
0 , 2.48 , 2.0 , 2 , 4
0 , 2.48 , 2.0 , 2 , 4
0 , 2.48 , 2.0 , 2 , 4
0 , 2.48 , 2.0 , 2 , 4
0 , 2.48 , 2.0 , 2 , 4
0 , 2.48 , 2.0 , 2 , 4
0 , 2.48 , 2.0 , 2 , 4
0 , 2.46 , 2.0 , 2 , 4
0 , 2.46 , 2.0 , 2 , 4
0 , 2.44 , 2.0 , 2 , 4
0 , 2.44 , 2.0 , 2 , 4
0 , 2.44 , 2.0 , 2 , 4
0 , 2.44 , 2.0 , 2 , 4
0 , 2.42 , 2.0 , 2 , 4
0 , 2.4 , 2.0 , 2 , 4
0 , 2.4 , 2.0 , 2 , 4
0 , 2.4 , 2.0 , 2 , 4
0 , 2.4 , 2.0 , 2 , 4
0 , 2.4 , 2.0 , 2 , 4
0 , 2.4 , 2.0 , 2 , 4
0 , 2.4 , 2.0 , 2 , 4
0 , 2.4 , 2.0 , 2 , 4
0 , 2.4 , 2.0 , 2 , 4
0 , 2.4 , 2.0 , 2 , 4
0 , 2.4 , 2.0 , 2 , 4
0 , 2.4 , 2.0 , 2 , 4
0 , 2.4 , 2.0 , 2 , 4
0 , 2.4 , 2.0 , 2 , 4
0 , 2.4 , 2.0 , 2 , 4
0 , 2.4 , 2.0 , 2 , 4
0 , 2.4 , 2.0 , 2 , 4
0 , 2.4 , 2.0 , 2 , 4
0 , 2.4 , 2.0 , 2 , 4
0 , 2.4 , 2.0 , 2 , 4
0 , 2.4 , 2.0 , 2 , 4
0 , 2.4 , 2.0 , 2 , 4
0 , 2.4 , 2.0 , 2 , 4
0 , 2.4 , 2.0 , 2 , 4
0 , 2.4 , 2.0 , 2 , 4
0 , 2.4 , 2.0 , 2 , 4
0 , 2.38 , 2.0 , 2 , 4
0 , 2.38 , 2.0 , 2 , 4
0 , 2.38 , 2.0 , 2 , 4
0 , 2.38 , 2.0 , 2 , 4
0 , 2.38 , 2.0 , 2 , 4
0 , 2.38 , 2.0 , 2 , 4
0 , 2.38 , 2.0 , 2 , 4
0 , 2.38 , 2.0 , 2 , 4
0 , 2.38 , 2.0 , 2 , 4
0 , 2.38 , 2.0 , 2 , 4
0 , 2.36 , 2.0 , 2 , 4
0 , 2.36 , 2.0 , 2 , 4
0 , 2.36 , 2.0 , 2 , 4
0 , 2.36 , 2.0 , 2 , 4
0 , 2.36 , 2.0 , 2 , 4
0 , 2.36 , 2.0 , 2 , 4
0 , 2.36 , 2.0 , 2 , 4
0 , 2.36 , 2.0 , 2 , 4
0 , 2.36 , 2.0 , 2 , 4
0 , 2.36 , 2.0 , 2 , 4
0 , 2.36 , 2.0 , 2 , 4
0 , 2.36 , 2.0 , 2 , 4
0 , 2.36 , 2.0 , 2 , 4
0 , 2.36 , 2.0 , 2 , 4
0 , 2.36 , 2.0 , 2 , 4
0 , 2.36 , 2.0 , 2 , 4
0 , 2.36 , 2.0 , 2 , 4
0 , 2.36 , 2.0 , 2 , 4
0 , 2.36 , 2.0 , 2 , 4
0 , 2.36 , 2.0 , 2 , 4
0 , 2.34 , 2.0 , 2 , 4
0 , 2.34 , 2.0 , 2 , 4
0 , 2.32 , 2.0 , 2 , 4
0 , 2.32 , 2.0 , 2 , 4
0 , 2.32 , 2.0 , 2 , 4
0 , 2.32 , 2.0 , 2 , 4
0 , 2.32 , 2.0 , 2 , 4
0 , 2.32 , 2.0 , 2 , 4
0 , 2.32 , 2.0 , 2 , 4
0 , 2.32 , 2.0 , 2 , 4
0 , 2.3 , 2.0 , 2 , 4
0 , 2.3 , 2.0 , 2 , 4
0 , 2.3 , 2.0 , 2 , 4
0 , 2.28 , 2.0 , 2 , 4
0 , 2.28 , 2.0 , 2 , 4
0 , 2.28 , 2.0 , 2 , 4
0 , 2.26 , 2.0 , 2 , 4
0 , 2.26 , 2.0 , 2 , 4
0 , 2.26 , 2.0 , 2 , 4
0 , 2.26 , 2.0 , 2 , 4
0 , 2.26 , 2.0 , 2 , 4
0 , 2.26 , 2.0 , 2 , 4
0 , 2.26 , 2.0 , 2 , 4
0 , 2.26 , 2.0 , 2 , 4
0 , 2.26 , 2.0 , 2 , 4
0 , 2.26 , 2.0 , 2 , 4
0 , 2.26 , 2.0 , 2 , 4
0 , 2.26 , 2.0 , 2 , 4
0 , 2.26 , 2.0 , 2 , 4
0 , 2.26 , 2.0 , 2 , 4
0 , 2.26 , 2.0 , 2 , 4
0 , 2.24 , 2.0 , 2 , 4
0 , 2.24 , 2.0 , 2 , 4
0 , 2.24 , 2.0 , 2 , 4
0 , 2.24 , 2.0 , 2 , 4
0 , 2.24 , 2.0 , 2 , 4
0 , 2.24 , 2.0 , 2 , 4
0 , 2.24 , 2.0 , 2 , 4
0 , 2.24 , 2.0 , 2 , 4
0 , 2.24 , 2.0 , 2 , 4
0 , 2.24 , 2.0 , 2 , 4
0 , 2.24 , 2.0 , 2 , 4
0 , 2.24 , 2.0 , 2 , 4
0 , 2.24 , 2.0 , 2 , 4
0 , 2.24 , 2.0 , 2 , 4
0 , 2.24 , 2.0 , 2 , 4
0 , 2.24 , 2.0 , 2 , 4
0 , 2.2 , 2.0 , 2 , 4
0 , 2.2 , 2.0 , 2 , 4
0 , 2.2 , 2.0 , 2 , 4
0 , 2.2 , 2.0 , 2 , 4
0 , 2.2 , 2.0 , 2 , 4
0 , 2.2 , 2.0 , 2 , 4
0 , 2.2 , 2.0 , 2 , 4
0 , 2.2 , 2.0 , 2 , 4
0 , 2.2 , 2.0 , 2 , 4
0 , 2.2 , 2.0 , 2 , 4
0 , 2.2 , 2.0 , 2 , 4
0 , 2.2 , 2.0 , 2 , 4
0 , 2.2 , 2.0 , 2 , 4
0 , 2.2 , 2.0 , 2 , 4
0 , 2.18 , 2.0 , 2 , 4
0 , 2.18 , 2.0 , 2 , 4
0 , 2.18 , 2.0 , 2 , 4
0 , 2.18 , 2.0 , 2 , 4
0 , 2.18 , 2.0 , 2 , 4
0 , 2.18 , 2.0 , 2 , 4
0 , 2.18 , 2.0 , 2 , 4
0 , 2.16 , 2.0 , 2 , 4
0 , 2.16 , 2.0 , 2 , 4
0 , 2.16 , 2.0 , 2 , 4
0 , 2.16 , 2.0 , 2 , 4
0 , 2.16 , 2.0 , 2 , 4
0 , 2.16 , 2.0 , 2 , 4
0 , 2.16 , 2.0 , 2 , 4
0 , 2.16 , 2.0 , 2 , 4
0 , 2.16 , 2.0 , 2 , 4
0 , 2.12 , 2.0 , 2 , 4
0 , 2.1 , 2.0 , 2 , 4
0 , 2.08 , 2.0 , 2 , 4
0 , 2.08 , 2.0 , 2 , 4
0 , 2.08 , 2.0 , 2 , 4
0 , 2.08 , 2.0 , 2 , 4
0 , 2.08 , 2.0 , 2 , 4
0 , 2.08 , 2.0 , 2 , 4
0 , 2.08 , 2.0 , 2 , 4
0 , 2.08 , 2.0 , 2 , 4
0 , 2.08 , 2.0 , 2 , 4
0 , 2.06 , 2.0 , 2 , 4
0 , 2.06 , 2.0 , 2 , 4
0 , 2.06 , 2.0 , 2 , 4
0 , 2.06 , 2.0 , 2 , 4
0 , 2.06 , 2.0 , 2 , 4
0 , 2.06 , 2.0 , 2 , 4
0 , 2.06 , 2.0 , 2 , 4
0 , 2.06 , 2.0 , 2 , 4
0 , 2.06 , 2.0 , 2 , 4
0 , 2.06 , 2.0 , 2 , 4
0 , 2.04 , 2.0 , 2 , 4
0 , 2.04 , 2.0 , 2 , 4
0 , 2.04 , 2.0 , 2 , 4
0 , 2.04 , 2.0 , 2 , 4
0 , 2.04 , 2.0 , 2 , 4
0 , 2.04 , 2.0 , 2 , 4
0 , 2.04 , 2.0 , 2 , 4
0 , 2.04 , 2.0 , 2 , 4
0 , 2.02 , 2.0 , 2 , 4
0 , 2.02 , 2.0 , 2 , 4
0 , 2.02 , 2.0 , 2 , 4
0 , 2.02 , 2.0 , 2 , 4
0 , 2.02 , 2.0 , 2 , 4
0 , 2.02 , 2.0 , 2 , 4
0 , 2.02 , 2.0 , 2 , 4
0 , 2.02 , 2.0 , 2 , 4
0 , 2.0 , 2.0 , 2 , 4
0 , 2.0 , 2.0 , 2 , 4
0 , 2.0 , 2.0 , 2 , 4
0 , 2.0 , 2.0 , 2 , 4
0 , 2.0 , 2.0 , 2 , 4
0 , 1.96 , 2.0 , 2 , 4
0 , 1.96 , 2.0 , 2 , 4
0 , 1.96 , 2.0 , 2 , 4
0 , 1.96 , 2.0 , 2 , 4
0 , 1.96 , 2.0 , 2 , 4
0 , 1.96 , 2.0 , 2 , 4
0 , 1.96 , 2.0 , 2 , 4
0 , 1.96 , 2.0 , 2 , 4
0 , 1.96 , 2.0 , 2 , 4
0 , 1.96 , 2.0 , 2 , 4
0 , 1.96 , 2.0 , 2 , 4
0 , 1.96 , 2.0 , 2 , 4
0 , 1.96 , 2.0 , 2 , 4
5  Perfect solutions
perfect solution individuals [[1, 4, 6, 3, 0, 7, 5, 2], [2, 4, 7, 3, 0, 6, 1, 5], [4, 2, 0, 6, 1, 7, 5, 3], [6, 2, 7, 1, 4, 0, 5, 3], [4, 1, 5, 0, 6, 3, 7, 2]]
