0 , 10.14 , 10.0 , 8 , 26
0 , 9.96 , 10.0 , 8 , 22
0 , 9.74 , 10.0 , 8 , 20
0 , 9.52 , 8.0 , 8 , 18
0 , 9.32 , 8.0 , 8 , 18
0 , 9.08 , 8.0 , 8 , 16
0 , 8.92 , 8.0 , 8 , 16
0 , 8.86 , 8.0 , 8 , 14
0 , 8.76 , 8.0 , 8 , 14
0 , 8.7 , 8.0 , 8 , 14
0 , 8.62 , 8.0 , 8 , 14
0 , 8.58 , 8.0 , 8 , 14
0 , 8.4 , 8.0 , 8 , 14
0 , 8.32 , 8.0 , 8 , 14
0 , 8.24 , 8.0 , 8 , 14
0 , 8.16 , 8.0 , 8 , 14
0 , 8.06 , 8.0 , 8 , 14
0 , 7.98 , 8.0 , 8 , 12
0 , 7.96 , 8.0 , 8 , 12
0 , 7.88 , 8.0 , 8 , 12
0 , 7.84 , 8.0 , 8 , 12
0 , 7.78 , 8.0 , 8 , 12
0 , 7.74 , 8.0 , 8 , 12
0 , 7.68 , 8.0 , 8 , 12
0 , 7.58 , 8.0 , 8 , 12
0 , 7.58 , 8.0 , 8 , 12
0 , 7.56 , 8.0 , 8 , 12
0 , 7.5 , 8.0 , 8 , 10
0 , 7.46 , 8.0 , 8 , 10
0 , 7.36 , 8.0 , 8 , 10
0 , 7.28 , 8.0 , 8 , 10
0 , 7.24 , 8.0 , 8 , 10
0 , 7.24 , 8.0 , 8 , 10
0 , 7.2 , 8.0 , 8 , 10
0 , 7.1 , 8.0 , 8 , 10
0 , 7.02 , 8.0 , 8 , 10
0 , 7.0 , 8.0 , 8 , 10
0 , 6.86 , 8.0 , 8 , 10
0 , 6.82 , 8.0 , 8 , 10
0 , 6.78 , 8.0 , 8 , 10
0 , 6.78 , 8.0 , 8 , 10
0 , 6.78 , 8.0 , 8 , 10
0 , 6.78 , 8.0 , 8 , 10
0 , 6.68 , 7.0 , 8 , 10
0 , 6.62 , 6.0 , 8 , 10
0 , 6.6 , 6.0 , 8 , 10
0 , 6.56 , 6.0 , 8 , 10
0 , 6.52 , 6.0 , 8 , 10
0 , 6.48 , 6.0 , 8 , 10
0 , 6.46 , 6.0 , 8 , 8
0 , 6.46 , 6.0 , 8 , 8
0 , 6.46 , 6.0 , 8 , 8
0 , 6.44 , 6.0 , 8 , 8
0 , 6.44 , 6.0 , 8 , 8
0 , 6.44 , 6.0 , 8 , 8
0 , 6.42 , 6.0 , 8 , 8
0 , 6.42 , 6.0 , 8 , 8
0 , 6.38 , 6.0 , 8 , 8
0 , 6.38 , 6.0 , 8 , 8
0 , 6.38 , 6.0 , 8 , 8
0 , 6.38 , 6.0 , 8 , 8
0 , 6.38 , 6.0 , 8 , 8
0 , 6.38 , 6.0 , 8 , 8
0 , 6.34 , 6.0 , 6 , 8
0 , 6.32 , 6.0 , 6 , 8
0 , 6.32 , 6.0 , 6 , 8
0 , 6.32 , 6.0 , 6 , 8
0 , 6.3 , 6.0 , 6 , 8
0 , 6.3 , 6.0 , 6 , 8
0 , 6.28 , 6.0 , 6 , 8
0 , 6.26 , 6.0 , 6 , 8
0 , 6.24 , 6.0 , 6 , 8
0 , 6.24 , 6.0 , 6 , 8
0 , 6.24 , 6.0 , 6 , 8
0 , 6.24 , 6.0 , 6 , 8
0 , 6.18 , 6.0 , 6 , 8
0 , 6.18 , 6.0 , 6 , 8
0 , 6.12 , 6.0 , 6 , 8
0 , 6.12 , 6.0 , 6 , 8
0 , 6.12 , 6.0 , 6 , 8
0 , 6.12 , 6.0 , 6 , 8
0 , 6.12 , 6.0 , 6 , 8
0 , 6.12 , 6.0 , 6 , 8
0 , 6.06 , 6.0 , 6 , 8
0 , 6.06 , 6.0 , 6 , 8
0 , 6.06 , 6.0 , 6 , 8
0 , 6.06 , 6.0 , 6 , 8
0 , 6.06 , 6.0 , 6 , 8
0 , 6.04 , 6.0 , 6 , 8
0 , 6.04 , 6.0 , 6 , 8
0 , 6.04 , 6.0 , 6 , 8
0 , 6.02 , 6.0 , 6 , 8
0 , 6.0 , 6.0 , 6 , 8
0 , 5.98 , 6.0 , 6 , 8
0 , 5.94 , 6.0 , 6 , 8
0 , 5.9 , 6.0 , 6 , 8
0 , 5.86 , 6.0 , 6 , 8
0 , 5.86 , 6.0 , 6 , 8
0 , 5.78 , 6.0 , 6 , 8
0 , 5.78 , 6.0 , 6 , 8
0 , 5.76 , 6.0 , 6 , 8
0 , 5.72 , 6.0 , 6 , 8
0 , 5.72 , 6.0 , 6 , 8
0 , 5.72 , 6.0 , 6 , 8
0 , 5.68 , 6.0 , 6 , 8
0 , 5.68 , 6.0 , 6 , 8
0 , 5.64 , 6.0 , 6 , 8
0 , 5.6 , 6.0 , 6 , 8
0 , 5.56 , 6.0 , 6 , 8
0 , 5.54 , 6.0 , 6 , 8
0 , 5.54 , 6.0 , 6 , 8
0 , 5.5 , 6.0 , 6 , 8
0 , 5.5 , 6.0 , 6 , 8
0 , 5.46 , 6.0 , 6 , 8
0 , 5.46 , 6.0 , 6 , 8
0 , 5.44 , 6.0 , 6 , 8
0 , 5.44 , 6.0 , 6 , 8
0 , 5.42 , 6.0 , 6 , 8
0 , 5.32 , 6.0 , 6 , 8
0 , 5.32 , 6.0 , 6 , 8
0 , 5.32 , 6.0 , 6 , 8
0 , 5.3 , 6.0 , 6 , 8
0 , 5.3 , 6.0 , 6 , 8
0 , 5.3 , 6.0 , 6 , 8
0 , 5.3 , 6.0 , 6 , 8
0 , 5.28 , 6.0 , 6 , 8
0 , 5.26 , 6.0 , 6 , 8
0 , 5.26 , 6.0 , 6 , 8
0 , 5.26 , 6.0 , 6 , 8
0 , 5.26 , 6.0 , 6 , 8
0 , 5.18 , 6.0 , 6 , 8
0 , 5.14 , 6.0 , 6 , 8
0 , 5.14 , 6.0 , 6 , 8
0 , 5.08 , 6.0 , 6 , 8
0 , 5.02 , 6.0 , 6 , 6
0 , 5.02 , 6.0 , 6 , 6
0 , 5.02 , 6.0 , 6 , 6
0 , 5.02 , 6.0 , 6 , 6
0 , 5.0 , 6.0 , 6 , 6
0 , 5.0 , 6.0 , 6 , 6
0 , 5.0 , 6.0 , 6 , 6
0 , 5.0 , 6.0 , 6 , 6
0 , 5.0 , 6.0 , 6 , 6
0 , 5.0 , 6.0 , 6 , 6
0 , 5.0 , 6.0 , 6 , 6
0 , 5.0 , 6.0 , 6 , 6
0 , 5.0 , 6.0 , 6 , 6
0 , 5.0 , 6.0 , 6 , 6
0 , 5.0 , 6.0 , 6 , 6
0 , 4.96 , 6.0 , 6 , 6
0 , 4.96 , 6.0 , 6 , 6
0 , 4.96 , 6.0 , 6 , 6
0 , 4.96 , 6.0 , 6 , 6
0 , 4.96 , 6.0 , 6 , 6
0 , 4.96 , 6.0 , 6 , 6
0 , 4.96 , 6.0 , 6 , 6
0 , 4.96 , 6.0 , 6 , 6
0 , 4.94 , 6.0 , 6 , 6
0 , 4.94 , 6.0 , 6 , 6
0 , 4.94 , 6.0 , 6 , 6
0 , 4.94 , 6.0 , 6 , 6
0 , 4.92 , 6.0 , 6 , 6
0 , 4.92 , 6.0 , 6 , 6
0 , 4.92 , 6.0 , 6 , 6
0 , 4.88 , 6.0 , 6 , 6
0 , 4.88 , 6.0 , 6 , 6
0 , 4.88 , 6.0 , 6 , 6
0 , 4.88 , 6.0 , 6 , 6
0 , 4.88 , 6.0 , 6 , 6
0 , 4.88 , 6.0 , 6 , 6
0 , 4.86 , 6.0 , 6 , 6
0 , 4.86 , 6.0 , 6 , 6
0 , 4.86 , 6.0 , 6 , 6
0 , 4.86 , 6.0 , 6 , 6
0 , 4.86 , 6.0 , 6 , 6
0 , 4.86 , 6.0 , 6 , 6
0 , 4.86 , 6.0 , 6 , 6
0 , 4.86 , 6.0 , 6 , 6
0 , 4.86 , 6.0 , 6 , 6
0 , 4.86 , 6.0 , 6 , 6
0 , 4.86 , 6.0 , 6 , 6
0 , 4.86 , 6.0 , 6 , 6
0 , 4.86 , 6.0 , 6 , 6
0 , 4.86 , 6.0 , 6 , 6
0 , 4.84 , 6.0 , 6 , 6
0 , 4.84 , 6.0 , 6 , 6
0 , 4.84 , 6.0 , 6 , 6
0 , 4.82 , 6.0 , 6 , 6
0 , 4.82 , 6.0 , 6 , 6
0 , 4.82 , 6.0 , 6 , 6
0 , 4.82 , 6.0 , 6 , 6
0 , 4.82 , 6.0 , 6 , 6
0 , 4.78 , 6.0 , 6 , 6
0 , 4.78 , 6.0 , 6 , 6
0 , 4.78 , 6.0 , 6 , 6
0 , 4.78 , 6.0 , 6 , 6
0 , 4.78 , 6.0 , 6 , 6
0 , 4.78 , 6.0 , 6 , 6
0 , 4.78 , 6.0 , 6 , 6
0 , 4.78 , 6.0 , 6 , 6
0 , 4.78 , 6.0 , 6 , 6
0 , 4.74 , 6.0 , 6 , 6
0 , 4.74 , 6.0 , 6 , 6
0 , 4.74 , 6.0 , 6 , 6
0 , 4.74 , 6.0 , 6 , 6
0 , 4.72 , 6.0 , 6 , 6
0 , 4.72 , 6.0 , 6 , 6
0 , 4.72 , 6.0 , 6 , 6
0 , 4.72 , 6.0 , 6 , 6
0 , 4.72 , 6.0 , 6 , 6
0 , 4.72 , 6.0 , 6 , 6
0 , 4.66 , 6.0 , 6 , 6
0 , 4.64 , 5.0 , 6 , 6
0 , 4.64 , 5.0 , 6 , 6
0 , 4.64 , 5.0 , 6 , 6
0 , 4.64 , 5.0 , 6 , 6
0 , 4.6 , 4.0 , 6 , 6
0 , 4.6 , 4.0 , 6 , 6
0 , 4.6 , 4.0 , 6 , 6
0 , 4.6 , 4.0 , 6 , 6
0 , 4.56 , 4.0 , 6 , 6
0 , 4.56 , 4.0 , 6 , 6
0 , 4.56 , 4.0 , 6 , 6
0 , 4.56 , 4.0 , 6 , 6
0 , 4.52 , 4.0 , 6 , 6
0 , 4.52 , 4.0 , 6 , 6
0 , 4.52 , 4.0 , 6 , 6
0 , 4.52 , 4.0 , 6 , 6
0 , 4.52 , 4.0 , 6 , 6
0 , 4.52 , 4.0 , 6 , 6
0 , 4.52 , 4.0 , 6 , 6
0 , 4.48 , 4.0 , 6 , 6
0 , 4.48 , 4.0 , 6 , 6
0 , 4.48 , 4.0 , 6 , 6
0 , 4.48 , 4.0 , 6 , 6
0 , 4.48 , 4.0 , 6 , 6
0 , 4.48 , 4.0 , 6 , 6
0 , 4.48 , 4.0 , 6 , 6
0 , 4.48 , 4.0 , 6 , 6
0 , 4.48 , 4.0 , 6 , 6
0 , 4.48 , 4.0 , 6 , 6
0 , 4.48 , 4.0 , 6 , 6
0 , 4.46 , 4.0 , 6 , 6
0 , 4.44 , 4.0 , 6 , 6
0 , 4.44 , 4.0 , 6 , 6
0 , 4.44 , 4.0 , 6 , 6
0 , 4.44 , 4.0 , 6 , 6
0 , 4.42 , 4.0 , 6 , 6
0 , 4.42 , 4.0 , 6 , 6
0 , 4.42 , 4.0 , 6 , 6
0 , 4.42 , 4.0 , 6 , 6
0 , 4.42 , 4.0 , 6 , 6
0 , 4.38 , 4.0 , 4 , 6
0 , 4.38 , 4.0 , 4 , 6
0 , 4.38 , 4.0 , 4 , 6
0 , 4.38 , 4.0 , 4 , 6
0 , 4.38 , 4.0 , 4 , 6
0 , 4.38 , 4.0 , 4 , 6
0 , 4.36 , 4.0 , 4 , 6
0 , 4.36 , 4.0 , 4 , 6
0 , 4.34 , 4.0 , 4 , 6
0 , 4.34 , 4.0 , 4 , 6
0 , 4.32 , 4.0 , 4 , 6
0 , 4.28 , 4.0 , 4 , 6
0 , 4.28 , 4.0 , 4 , 6
0 , 4.26 , 4.0 , 4 , 6
0 , 4.26 , 4.0 , 4 , 6
0 , 4.26 , 4.0 , 4 , 6
0 , 4.26 , 4.0 , 4 , 6
0 , 4.26 , 4.0 , 4 , 6
0 , 4.24 , 4.0 , 4 , 6
0 , 4.24 , 4.0 , 4 , 6
0 , 4.24 , 4.0 , 4 , 6
0 , 4.24 , 4.0 , 4 , 6
0 , 4.24 , 4.0 , 4 , 6
0 , 4.24 , 4.0 , 4 , 6
0 , 4.22 , 4.0 , 4 , 6
0 , 4.2 , 4.0 , 4 , 6
0 , 4.2 , 4.0 , 4 , 6
0 , 4.18 , 4.0 , 4 , 6
0 , 4.18 , 4.0 , 4 , 6
0 , 4.16 , 4.0 , 4 , 6
0 , 4.16 , 4.0 , 4 , 6
0 , 4.14 , 4.0 , 4 , 6
0 , 4.1 , 4.0 , 4 , 6
0 , 4.04 , 4.0 , 4 , 6
0 , 4.04 , 4.0 , 4 , 6
0 , 4.02 , 4.0 , 4 , 6
0 , 4.02 , 4.0 , 4 , 6
0 , 4.02 , 4.0 , 4 , 6
0 , 4.02 , 4.0 , 4 , 6
0 , 4.02 , 4.0 , 4 , 6
0 , 4.02 , 4.0 , 4 , 6
0 , 4.02 , 4.0 , 4 , 6
0 , 4.02 , 4.0 , 4 , 6
0 , 4.02 , 4.0 , 4 , 6
0 , 4.02 , 4.0 , 4 , 6
0 , 4.02 , 4.0 , 4 , 6
0 , 4.0 , 4.0 , 4 , 6
0 , 4.0 , 4.0 , 4 , 6
0 , 3.98 , 4.0 , 4 , 6
0 , 3.98 , 4.0 , 4 , 6
0 , 3.98 , 4.0 , 4 , 6
0 , 3.96 , 4.0 , 4 , 6
0 , 3.92 , 4.0 , 4 , 6
0 , 3.92 , 4.0 , 4 , 6
0 , 3.92 , 4.0 , 4 , 6
0 , 3.92 , 4.0 , 4 , 6
0 , 3.92 , 4.0 , 4 , 6
0 , 3.9 , 4.0 , 4 , 6
0 , 3.88 , 4.0 , 4 , 6
0 , 3.86 , 4.0 , 4 , 6
0 , 3.86 , 4.0 , 4 , 6
0 , 3.86 , 4.0 , 4 , 6
0 , 3.86 , 4.0 , 4 , 6
0 , 3.82 , 4.0 , 4 , 6
0 , 3.82 , 4.0 , 4 , 6
0 , 3.82 , 4.0 , 4 , 6
0 , 3.82 , 4.0 , 4 , 6
0 , 3.78 , 4.0 , 4 , 6
0 , 3.78 , 4.0 , 4 , 6
0 , 3.72 , 4.0 , 4 , 6
0 , 3.72 , 4.0 , 4 , 6
0 , 3.68 , 4.0 , 4 , 6
0 , 3.68 , 4.0 , 4 , 6
0 , 3.68 , 4.0 , 4 , 6
0 , 3.68 , 4.0 , 4 , 6
0 , 3.68 , 4.0 , 4 , 6
0 , 3.68 , 4.0 , 4 , 6
0 , 3.68 , 4.0 , 4 , 6
0 , 3.68 , 4.0 , 4 , 6
0 , 3.66 , 4.0 , 4 , 6
0 , 3.64 , 4.0 , 4 , 6
0 , 3.64 , 4.0 , 4 , 6
0 , 3.64 , 4.0 , 4 , 6
0 , 3.64 , 4.0 , 4 , 6
0 , 3.62 , 4.0 , 4 , 6
0 , 3.62 , 4.0 , 4 , 6
0 , 3.62 , 4.0 , 4 , 6
0 , 3.62 , 4.0 , 4 , 6
0 , 3.6 , 4.0 , 4 , 6
0 , 3.6 , 4.0 , 4 , 6
0 , 3.6 , 4.0 , 4 , 6
0 , 3.6 , 4.0 , 4 , 6
0 , 3.6 , 4.0 , 4 , 6
0 , 3.6 , 4.0 , 4 , 6
0 , 3.6 , 4.0 , 4 , 6
0 , 3.6 , 4.0 , 4 , 6
0 , 3.6 , 4.0 , 4 , 6
0 , 3.58 , 4.0 , 4 , 6
0 , 3.58 , 4.0 , 4 , 6
0 , 3.58 , 4.0 , 4 , 6
0 , 3.52 , 4.0 , 4 , 6
0 , 3.5 , 4.0 , 4 , 6
0 , 3.5 , 4.0 , 4 , 6
0 , 3.48 , 4.0 , 4 , 6
0 , 3.46 , 4.0 , 4 , 6
0 , 3.46 , 4.0 , 4 , 6
0 , 3.42 , 4.0 , 4 , 6
0 , 3.36 , 4.0 , 4 , 6
0 , 3.36 , 4.0 , 4 , 6
0 , 3.36 , 4.0 , 4 , 6
0 , 3.36 , 4.0 , 4 , 6
0 , 3.36 , 4.0 , 4 , 6
0 , 3.36 , 4.0 , 4 , 6
0 , 3.32 , 4.0 , 4 , 6
0 , 3.32 , 4.0 , 4 , 6
0 , 3.3 , 4.0 , 4 , 6
0 , 3.3 , 4.0 , 4 , 6
0 , 3.3 , 4.0 , 4 , 6
0 , 3.3 , 4.0 , 4 , 6
0 , 3.3 , 4.0 , 4 , 6
0 , 3.3 , 4.0 , 4 , 6
0 , 3.3 , 4.0 , 4 , 6
0 , 3.3 , 4.0 , 4 , 6
0 , 3.26 , 4.0 , 4 , 6
0 , 3.26 , 4.0 , 4 , 6
0 , 3.26 , 4.0 , 4 , 6
0 , 3.26 , 4.0 , 4 , 6
0 , 3.26 , 4.0 , 4 , 6
0 , 3.26 , 4.0 , 4 , 6
0 , 3.26 , 4.0 , 4 , 6
0 , 3.26 , 4.0 , 4 , 6
0 , 3.26 , 4.0 , 4 , 6
0 , 3.22 , 4.0 , 4 , 4
0 , 3.22 , 4.0 , 4 , 4
0 , 3.22 , 4.0 , 4 , 4
0 , 3.22 , 4.0 , 4 , 4
0 , 3.22 , 4.0 , 4 , 4
0 , 3.22 , 4.0 , 4 , 4
0 , 3.2 , 4.0 , 4 , 4
0 , 3.2 , 4.0 , 4 , 4
0 , 3.2 , 4.0 , 4 , 4
0 , 3.2 , 4.0 , 4 , 4
0 , 3.2 , 4.0 , 4 , 4
0 , 3.2 , 4.0 , 4 , 4
0 , 3.18 , 4.0 , 4 , 4
0 , 3.18 , 4.0 , 4 , 4
0 , 3.18 , 4.0 , 4 , 4
0 , 3.18 , 4.0 , 4 , 4
0 , 3.18 , 4.0 , 4 , 4
0 , 3.18 , 4.0 , 4 , 4
0 , 3.18 , 4.0 , 4 , 4
0 , 3.18 , 4.0 , 4 , 4
0 , 3.16 , 4.0 , 4 , 4
0 , 3.16 , 4.0 , 4 , 4
0 , 3.16 , 4.0 , 4 , 4
0 , 3.16 , 4.0 , 4 , 4
0 , 3.16 , 4.0 , 4 , 4
0 , 3.16 , 4.0 , 4 , 4
0 , 3.14 , 4.0 , 4 , 4
0 , 3.12 , 4.0 , 4 , 4
0 , 3.1 , 4.0 , 4 , 4
0 , 3.1 , 4.0 , 4 , 4
0 , 3.1 , 4.0 , 4 , 4
0 , 3.1 , 4.0 , 4 , 4
0 , 3.1 , 4.0 , 4 , 4
0 , 3.1 , 4.0 , 4 , 4
0 , 3.1 , 4.0 , 4 , 4
0 , 3.1 , 4.0 , 4 , 4
0 , 3.1 , 4.0 , 4 , 4
0 , 3.1 , 4.0 , 4 , 4
0 , 3.1 , 4.0 , 4 , 4
0 , 3.1 , 4.0 , 4 , 4
0 , 3.1 , 4.0 , 4 , 4
0 , 3.1 , 4.0 , 4 , 4
0 , 3.1 , 4.0 , 4 , 4
0 , 3.1 , 4.0 , 4 , 4
0 , 3.1 , 4.0 , 4 , 4
0 , 3.08 , 4.0 , 4 , 4
0 , 3.08 , 4.0 , 4 , 4
0 , 3.08 , 4.0 , 4 , 4
0 , 3.08 , 4.0 , 4 , 4
0 , 3.08 , 4.0 , 4 , 4
0 , 3.08 , 4.0 , 4 , 4
0 , 3.08 , 4.0 , 4 , 4
0 , 3.08 , 4.0 , 4 , 4
0 , 3.08 , 4.0 , 4 , 4
0 , 3.08 , 4.0 , 4 , 4
0 , 3.08 , 4.0 , 4 , 4
0 , 3.08 , 4.0 , 4 , 4
0 , 3.08 , 4.0 , 4 , 4
0 , 3.06 , 4.0 , 4 , 4
0 , 3.06 , 4.0 , 4 , 4
0 , 3.06 , 4.0 , 4 , 4
0 , 3.06 , 4.0 , 4 , 4
0 , 3.06 , 4.0 , 4 , 4
0 , 3.06 , 4.0 , 4 , 4
0 , 3.06 , 4.0 , 4 , 4
0 , 3.06 , 4.0 , 4 , 4
0 , 3.04 , 4.0 , 4 , 4
0 , 3.04 , 4.0 , 4 , 4
0 , 3.04 , 4.0 , 4 , 4
0 , 3.04 , 4.0 , 4 , 4
0 , 3.04 , 4.0 , 4 , 4
0 , 3.04 , 4.0 , 4 , 4
0 , 3.04 , 4.0 , 4 , 4
0 , 3.04 , 4.0 , 4 , 4
0 , 3.04 , 4.0 , 4 , 4
0 , 3.04 , 4.0 , 4 , 4
0 , 3.04 , 4.0 , 4 , 4
0 , 3.04 , 4.0 , 4 , 4
0 , 3.04 , 4.0 , 4 , 4
0 , 3.04 , 4.0 , 4 , 4
0 , 3.04 , 4.0 , 4 , 4
0 , 3.04 , 4.0 , 4 , 4
0 , 3.04 , 4.0 , 4 , 4
0 , 3.04 , 4.0 , 4 , 4
0 , 3.04 , 4.0 , 4 , 4
0 , 3.04 , 4.0 , 4 , 4
0 , 3.04 , 4.0 , 4 , 4
0 , 3.04 , 4.0 , 4 , 4
0 , 3.04 , 4.0 , 4 , 4
0 , 3.04 , 4.0 , 4 , 4
0 , 3.04 , 4.0 , 4 , 4
0 , 3.04 , 4.0 , 4 , 4
0 , 3.04 , 4.0 , 4 , 4
0 , 3.04 , 4.0 , 4 , 4
0 , 3.04 , 4.0 , 4 , 4
0 , 3.04 , 4.0 , 4 , 4
0 , 3.04 , 4.0 , 4 , 4
0 , 3.04 , 4.0 , 4 , 4
0 , 3.04 , 4.0 , 4 , 4
0 , 3.04 , 4.0 , 4 , 4
0 , 3.04 , 4.0 , 4 , 4
0 , 3.04 , 4.0 , 4 , 4
0 , 3.04 , 4.0 , 4 , 4
0 , 3.04 , 4.0 , 4 , 4
0 , 3.04 , 4.0 , 4 , 4
0 , 3.02 , 4.0 , 4 , 4
0 , 3.02 , 4.0 , 4 , 4
0 , 3.02 , 4.0 , 4 , 4
0 , 3.02 , 4.0 , 4 , 4
0 , 3.02 , 4.0 , 4 , 4
0 , 3.02 , 4.0 , 4 , 4
0 , 3.02 , 4.0 , 4 , 4
0 , 3.02 , 4.0 , 4 , 4
0 , 3.0 , 4.0 , 4 , 4
0 , 3.0 , 4.0 , 4 , 4
0 , 3.0 , 4.0 , 4 , 4
0 , 3.0 , 4.0 , 4 , 4
0 , 3.0 , 4.0 , 4 , 4
0 , 3.0 , 4.0 , 4 , 4
0 , 3.0 , 4.0 , 4 , 4
0 , 3.0 , 4.0 , 4 , 4
0 , 3.0 , 4.0 , 4 , 4
0 , 3.0 , 4.0 , 4 , 4
0 , 3.0 , 4.0 , 4 , 4
0 , 2.98 , 4.0 , 4 , 4
0 , 2.96 , 4.0 , 4 , 4
0 , 2.96 , 4.0 , 4 , 4
0 , 2.96 , 4.0 , 4 , 4
0 , 2.96 , 4.0 , 4 , 4
0 , 2.96 , 4.0 , 4 , 4
0 , 2.96 , 4.0 , 4 , 4
0 , 2.96 , 4.0 , 4 , 4
0 , 2.96 , 4.0 , 4 , 4
0 , 2.96 , 4.0 , 4 , 4
0 , 2.96 , 4.0 , 4 , 4
0 , 2.96 , 4.0 , 4 , 4
0 , 2.96 , 4.0 , 4 , 4
0 , 2.96 , 4.0 , 4 , 4
0 , 2.96 , 4.0 , 4 , 4
0 , 2.96 , 4.0 , 4 , 4
0 , 2.96 , 4.0 , 4 , 4
0 , 2.96 , 4.0 , 4 , 4
0 , 2.96 , 4.0 , 4 , 4
0 , 2.96 , 4.0 , 4 , 4
0 , 2.96 , 4.0 , 4 , 4
0 , 2.96 , 4.0 , 4 , 4
0 , 2.96 , 4.0 , 4 , 4
0 , 2.96 , 4.0 , 4 , 4
0 , 2.96 , 4.0 , 4 , 4
0 , 2.96 , 4.0 , 4 , 4
0 , 2.96 , 4.0 , 4 , 4
0 , 2.96 , 4.0 , 4 , 4
0 , 2.96 , 4.0 , 4 , 4
0 , 2.96 , 4.0 , 4 , 4
0 , 2.96 , 4.0 , 4 , 4
0 , 2.96 , 4.0 , 4 , 4
0 , 2.96 , 4.0 , 4 , 4
0 , 2.94 , 4.0 , 4 , 4
0 , 2.94 , 4.0 , 4 , 4
0 , 2.94 , 4.0 , 4 , 4
0 , 2.94 , 4.0 , 4 , 4
0 , 2.94 , 4.0 , 4 , 4
0 , 2.94 , 4.0 , 4 , 4
0 , 2.94 , 4.0 , 4 , 4
0 , 2.94 , 4.0 , 4 , 4
0 , 2.94 , 4.0 , 4 , 4
0 , 2.94 , 4.0 , 4 , 4
0 , 2.94 , 4.0 , 4 , 4
0 , 2.94 , 4.0 , 4 , 4
0 , 2.94 , 4.0 , 4 , 4
0 , 2.94 , 4.0 , 4 , 4
0 , 2.94 , 4.0 , 4 , 4
0 , 2.94 , 4.0 , 4 , 4
0 , 2.94 , 4.0 , 4 , 4
0 , 2.94 , 4.0 , 4 , 4
0 , 2.94 , 4.0 , 4 , 4
0 , 2.94 , 4.0 , 4 , 4
0 , 2.94 , 4.0 , 4 , 4
0 , 2.94 , 4.0 , 4 , 4
0 , 2.94 , 4.0 , 4 , 4
0 , 2.94 , 4.0 , 4 , 4
0 , 2.94 , 4.0 , 4 , 4
0 , 2.94 , 4.0 , 4 , 4
0 , 2.94 , 4.0 , 4 , 4
0 , 2.94 , 4.0 , 4 , 4
0 , 2.94 , 4.0 , 4 , 4
0 , 2.94 , 4.0 , 4 , 4
0 , 2.94 , 4.0 , 4 , 4
0 , 2.94 , 4.0 , 4 , 4
0 , 2.94 , 4.0 , 4 , 4
0 , 2.94 , 4.0 , 4 , 4
0 , 2.94 , 4.0 , 4 , 4
0 , 2.92 , 4.0 , 4 , 4
0 , 2.9 , 4.0 , 4 , 4
0 , 2.9 , 4.0 , 4 , 4
0 , 2.9 , 4.0 , 4 , 4
0 , 2.9 , 4.0 , 4 , 4
0 , 2.9 , 4.0 , 4 , 4
0 , 2.9 , 4.0 , 4 , 4
0 , 2.9 , 4.0 , 4 , 4
0 , 2.9 , 4.0 , 4 , 4
0 , 2.9 , 4.0 , 4 , 4
0 , 2.9 , 4.0 , 4 , 4
0 , 2.9 , 4.0 , 4 , 4
0 , 2.9 , 4.0 , 4 , 4
0 , 2.9 , 4.0 , 4 , 4
0 , 2.9 , 4.0 , 4 , 4
0 , 2.9 , 4.0 , 4 , 4
0 , 2.9 , 4.0 , 4 , 4
0 , 2.9 , 4.0 , 4 , 4
0 , 2.9 , 4.0 , 4 , 4
0 , 2.9 , 4.0 , 4 , 4
0 , 2.9 , 4.0 , 4 , 4
0 , 2.9 , 4.0 , 4 , 4
0 , 2.9 , 4.0 , 4 , 4
0 , 2.9 , 4.0 , 4 , 4
0 , 2.9 , 4.0 , 4 , 4
0 , 2.9 , 4.0 , 4 , 4
0 , 2.9 , 4.0 , 4 , 4
0 , 2.9 , 4.0 , 4 , 4
0 , 2.9 , 4.0 , 4 , 4
0 , 2.9 , 4.0 , 4 , 4
0 , 2.9 , 4.0 , 4 , 4
0 , 2.9 , 4.0 , 4 , 4
0 , 2.9 , 4.0 , 4 , 4
0 , 2.9 , 4.0 , 4 , 4
0 , 2.9 , 4.0 , 4 , 4
0 , 2.9 , 4.0 , 4 , 4
0 , 2.9 , 4.0 , 4 , 4
0 , 2.86 , 4.0 , 4 , 4
0 , 2.84 , 3.0 , 4 , 4
0 , 2.82 , 2.0 , 4 , 4
0 , 2.82 , 2.0 , 4 , 4
0 , 2.82 , 2.0 , 4 , 4
0 , 2.8 , 2.0 , 4 , 4
0 , 2.8 , 2.0 , 4 , 4
0 , 2.76 , 2.0 , 4 , 4
0 , 2.76 , 2.0 , 4 , 4
0 , 2.76 , 2.0 , 4 , 4
0 , 2.76 , 2.0 , 4 , 4
0 , 2.76 , 2.0 , 4 , 4
0 , 2.76 , 2.0 , 4 , 4
0 , 2.76 , 2.0 , 4 , 4
0 , 2.74 , 2.0 , 4 , 4
0 , 2.74 , 2.0 , 4 , 4
0 , 2.74 , 2.0 , 4 , 4
0 , 2.74 , 2.0 , 4 , 4
0 , 2.74 , 2.0 , 4 , 4
0 , 2.74 , 2.0 , 4 , 4
0 , 2.74 , 2.0 , 4 , 4
0 , 2.74 , 2.0 , 4 , 4
0 , 2.74 , 2.0 , 4 , 4
0 , 2.74 , 2.0 , 4 , 4
0 , 2.72 , 2.0 , 2 , 4
0 , 2.72 , 2.0 , 2 , 4
0 , 2.72 , 2.0 , 2 , 4
0 , 2.72 , 2.0 , 2 , 4
0 , 2.7 , 2.0 , 2 , 4
0 , 2.7 , 2.0 , 2 , 4
0 , 2.7 , 2.0 , 2 , 4
0 , 2.7 , 2.0 , 2 , 4
0 , 2.7 , 2.0 , 2 , 4
0 , 2.7 , 2.0 , 2 , 4
0 , 2.7 , 2.0 , 2 , 4
0 , 2.68 , 2.0 , 2 , 4
0 , 2.68 , 2.0 , 2 , 4
0 , 2.66 , 2.0 , 2 , 4
0 , 2.66 , 2.0 , 2 , 4
0 , 2.66 , 2.0 , 2 , 4
0 , 2.66 , 2.0 , 2 , 4
0 , 2.66 , 2.0 , 2 , 4
0 , 2.66 , 2.0 , 2 , 4
0 , 2.66 , 2.0 , 2 , 4
0 , 2.62 , 2.0 , 2 , 4
0 , 2.62 , 2.0 , 2 , 4
0 , 2.58 , 2.0 , 2 , 4
0 , 2.58 , 2.0 , 2 , 4
0 , 2.58 , 2.0 , 2 , 4
0 , 2.58 , 2.0 , 2 , 4
0 , 2.58 , 2.0 , 2 , 4
0 , 2.58 , 2.0 , 2 , 4
0 , 2.58 , 2.0 , 2 , 4
0 , 2.58 , 2.0 , 2 , 4
0 , 2.58 , 2.0 , 2 , 4
0 , 2.56 , 2.0 , 2 , 4
0 , 2.56 , 2.0 , 2 , 4
0 , 2.56 , 2.0 , 2 , 4
0 , 2.56 , 2.0 , 2 , 4
0 , 2.56 , 2.0 , 2 , 4
0 , 2.56 , 2.0 , 2 , 4
0 , 2.56 , 2.0 , 2 , 4
0 , 2.56 , 2.0 , 2 , 4
0 , 2.56 , 2.0 , 2 , 4
0 , 2.56 , 2.0 , 2 , 4
0 , 2.56 , 2.0 , 2 , 4
0 , 2.56 , 2.0 , 2 , 4
0 , 2.56 , 2.0 , 2 , 4
0 , 2.56 , 2.0 , 2 , 4
0 , 2.56 , 2.0 , 2 , 4
0 , 2.54 , 2.0 , 2 , 4
0 , 2.54 , 2.0 , 2 , 4
0 , 2.54 , 2.0 , 2 , 4
0 , 2.54 , 2.0 , 2 , 4
0 , 2.54 , 2.0 , 2 , 4
0 , 2.54 , 2.0 , 2 , 4
0 , 2.52 , 2.0 , 2 , 4
0 , 2.52 , 2.0 , 2 , 4
0 , 2.52 , 2.0 , 2 , 4
0 , 2.52 , 2.0 , 2 , 4
0 , 2.5 , 2.0 , 2 , 4
0 , 2.5 , 2.0 , 2 , 4
0 , 2.5 , 2.0 , 2 , 4
0 , 2.5 , 2.0 , 2 , 4
0 , 2.48 , 2.0 , 2 , 4
0 , 2.48 , 2.0 , 2 , 4
0 , 2.48 , 2.0 , 2 , 4
0 , 2.48 , 2.0 , 2 , 4
0 , 2.48 , 2.0 , 2 , 4
0 , 2.48 , 2.0 , 2 , 4
0 , 2.48 , 2.0 , 2 , 4
0 , 2.48 , 2.0 , 2 , 4
0 , 2.48 , 2.0 , 2 , 4
0 , 2.48 , 2.0 , 2 , 4
0 , 2.48 , 2.0 , 2 , 4
0 , 2.48 , 2.0 , 2 , 4
0 , 2.48 , 2.0 , 2 , 4
0 , 2.46 , 2.0 , 2 , 4
0 , 2.46 , 2.0 , 2 , 4
0 , 2.46 , 2.0 , 2 , 4
0 , 2.46 , 2.0 , 2 , 4
0 , 2.42 , 2.0 , 2 , 4
0 , 2.42 , 2.0 , 2 , 4
0 , 2.42 , 2.0 , 2 , 4
0 , 2.42 , 2.0 , 2 , 4
0 , 2.4 , 2.0 , 2 , 4
0 , 2.4 , 2.0 , 2 , 4
0 , 2.4 , 2.0 , 2 , 4
0 , 2.4 , 2.0 , 2 , 4
0 , 2.4 , 2.0 , 2 , 4
0 , 2.4 , 2.0 , 2 , 4
0 , 2.4 , 2.0 , 2 , 4
0 , 2.4 , 2.0 , 2 , 4
0 , 2.4 , 2.0 , 2 , 4
0 , 2.4 , 2.0 , 2 , 4
0 , 2.4 , 2.0 , 2 , 4
0 , 2.4 , 2.0 , 2 , 4
0 , 2.4 , 2.0 , 2 , 4
0 , 2.4 , 2.0 , 2 , 4
0 , 2.4 , 2.0 , 2 , 4
0 , 2.4 , 2.0 , 2 , 4
0 , 2.4 , 2.0 , 2 , 4
0 , 2.4 , 2.0 , 2 , 4
0 , 2.4 , 2.0 , 2 , 4
0 , 2.4 , 2.0 , 2 , 4
0 , 2.4 , 2.0 , 2 , 4
0 , 2.4 , 2.0 , 2 , 4
0 , 2.38 , 2.0 , 2 , 4
0 , 2.38 , 2.0 , 2 , 4
0 , 2.38 , 2.0 , 2 , 4
0 , 2.38 , 2.0 , 2 , 4
0 , 2.38 , 2.0 , 2 , 4
0 , 2.36 , 2.0 , 2 , 4
0 , 2.36 , 2.0 , 2 , 4
0 , 2.36 , 2.0 , 2 , 4
0 , 2.36 , 2.0 , 2 , 4
0 , 2.36 , 2.0 , 2 , 4
0 , 2.36 , 2.0 , 2 , 4
0 , 2.34 , 2.0 , 2 , 4
0 , 2.34 , 2.0 , 2 , 4
0 , 2.34 , 2.0 , 2 , 4
0 , 2.34 , 2.0 , 2 , 4
0 , 2.34 , 2.0 , 2 , 4
0 , 2.34 , 2.0 , 2 , 4
0 , 2.34 , 2.0 , 2 , 4
0 , 2.34 , 2.0 , 2 , 4
0 , 2.34 , 2.0 , 2 , 4
0 , 2.34 , 2.0 , 2 , 4
0 , 2.3 , 2.0 , 2 , 4
0 , 2.26 , 2.0 , 2 , 4
0 , 2.26 , 2.0 , 2 , 4
0 , 2.26 , 2.0 , 2 , 4
0 , 2.26 , 2.0 , 2 , 4
0 , 2.24 , 2.0 , 2 , 4
0 , 2.24 , 2.0 , 2 , 4
0 , 2.24 , 2.0 , 2 , 4
0 , 2.24 , 2.0 , 2 , 4
0 , 2.24 , 2.0 , 2 , 4
0 , 2.24 , 2.0 , 2 , 4
0 , 2.24 , 2.0 , 2 , 4
0 , 2.24 , 2.0 , 2 , 4
0 , 2.24 , 2.0 , 2 , 4
0 , 2.24 , 2.0 , 2 , 4
0 , 2.22 , 2.0 , 2 , 4
0 , 2.22 , 2.0 , 2 , 4
0 , 2.22 , 2.0 , 2 , 4
0 , 2.22 , 2.0 , 2 , 4
0 , 2.22 , 2.0 , 2 , 4
0 , 2.22 , 2.0 , 2 , 4
0 , 2.22 , 2.0 , 2 , 4
0 , 2.22 , 2.0 , 2 , 4
0 , 2.22 , 2.0 , 2 , 4
0 , 2.22 , 2.0 , 2 , 4
0 , 2.22 , 2.0 , 2 , 4
0 , 2.22 , 2.0 , 2 , 4
0 , 2.22 , 2.0 , 2 , 4
0 , 2.22 , 2.0 , 2 , 4
0 , 2.22 , 2.0 , 2 , 4
0 , 2.22 , 2.0 , 2 , 4
0 , 2.22 , 2.0 , 2 , 4
0 , 2.22 , 2.0 , 2 , 4
0 , 2.22 , 2.0 , 2 , 4
0 , 2.22 , 2.0 , 2 , 4
0 , 2.22 , 2.0 , 2 , 4
0 , 2.22 , 2.0 , 2 , 4
0 , 2.22 , 2.0 , 2 , 4
0 , 2.22 , 2.0 , 2 , 4
0 , 2.22 , 2.0 , 2 , 4
0 , 2.22 , 2.0 , 2 , 4
0 , 2.22 , 2.0 , 2 , 4
0 , 2.22 , 2.0 , 2 , 4
0 , 2.22 , 2.0 , 2 , 4
0 , 2.22 , 2.0 , 2 , 4
0 , 2.22 , 2.0 , 2 , 4
0 , 2.22 , 2.0 , 2 , 4
0 , 2.22 , 2.0 , 2 , 4
0 , 2.22 , 2.0 , 2 , 4
0 , 2.22 , 2.0 , 2 , 4
0 , 2.22 , 2.0 , 2 , 4
0 , 2.22 , 2.0 , 2 , 4
0 , 2.22 , 2.0 , 2 , 4
0 , 2.22 , 2.0 , 2 , 4
0 , 2.22 , 2.0 , 2 , 4
0 , 2.22 , 2.0 , 2 , 4
0 , 2.2 , 2.0 , 2 , 4
0 , 2.18 , 2.0 , 2 , 4
0 , 2.18 , 2.0 , 2 , 4
0 , 2.18 , 2.0 , 2 , 4
0 , 2.18 , 2.0 , 2 , 4
0 , 2.18 , 2.0 , 2 , 4
0 , 2.18 , 2.0 , 2 , 4
0 , 2.18 , 2.0 , 2 , 4
0 , 2.18 , 2.0 , 2 , 4
0 , 2.18 , 2.0 , 2 , 4
0 , 2.18 , 2.0 , 2 , 4
0 , 2.18 , 2.0 , 2 , 4
0 , 2.18 , 2.0 , 2 , 4
0 , 2.18 , 2.0 , 2 , 4
0 , 2.18 , 2.0 , 2 , 4
0 , 2.18 , 2.0 , 2 , 4
0 , 2.16 , 2.0 , 2 , 4
0 , 2.14 , 2.0 , 2 , 4
0 , 2.14 , 2.0 , 2 , 4
0 , 2.14 , 2.0 , 2 , 4
0 , 2.12 , 2.0 , 2 , 4
0 , 2.12 , 2.0 , 2 , 4
0 , 2.12 , 2.0 , 2 , 4
0 , 2.12 , 2.0 , 2 , 4
0 , 2.12 , 2.0 , 2 , 4
0 , 2.12 , 2.0 , 2 , 4
0 , 2.12 , 2.0 , 2 , 4
0 , 2.12 , 2.0 , 2 , 4
0 , 2.1 , 2.0 , 2 , 4
0 , 2.1 , 2.0 , 2 , 4
0 , 2.04 , 2.0 , 2 , 4
0 , 2.04 , 2.0 , 2 , 4
0 , 2.02 , 2.0 , 2 , 4
0 , 2.02 , 2.0 , 2 , 4
0 , 2.02 , 2.0 , 2 , 4
0 , 2.02 , 2.0 , 2 , 4
0 , 2.02 , 2.0 , 2 , 4
0 , 2.0 , 2.0 , 2 , 4
0 , 2.0 , 2.0 , 2 , 4
0 , 2.0 , 2.0 , 2 , 4
0 , 2.0 , 2.0 , 2 , 4
0 , 2.0 , 2.0 , 2 , 4
0 , 1.98 , 2.0 , 2 , 4
0 , 1.98 , 2.0 , 2 , 4
0 , 1.98 , 2.0 , 2 , 4
0 , 1.98 , 2.0 , 2 , 4
0 , 1.98 , 2.0 , 2 , 4
0 , 1.98 , 2.0 , 2 , 4
0 , 1.98 , 2.0 , 2 , 4
0 , 1.96 , 2.0 , 2 , 4
0 , 1.96 , 2.0 , 2 , 4
0 , 1.96 , 2.0 , 2 , 4
0 , 1.96 , 2.0 , 2 , 4
0 , 1.96 , 2.0 , 2 , 4
0 , 1.96 , 2.0 , 2 , 4
0 , 1.96 , 2.0 , 2 , 4
0 , 1.96 , 2.0 , 2 , 4
0 , 1.96 , 2.0 , 2 , 4
0 , 1.96 , 2.0 , 2 , 4
0 , 1.94 , 2.0 , 2 , 4
0 , 1.94 , 2.0 , 2 , 4
0 , 1.94 , 2.0 , 2 , 4
0 , 1.94 , 2.0 , 2 , 4
0 , 1.94 , 2.0 , 2 , 4
0 , 1.94 , 2.0 , 2 , 4
0 , 1.94 , 2.0 , 2 , 4
0 , 1.94 , 2.0 , 2 , 4
0 , 1.94 , 2.0 , 2 , 4
0 , 1.94 , 2.0 , 2 , 4
0 , 1.94 , 2.0 , 2 , 4
0 , 1.94 , 2.0 , 2 , 4
0 , 1.94 , 2.0 , 2 , 4
0 , 1.94 , 2.0 , 2 , 4
0 , 1.92 , 2.0 , 2 , 4
0 , 1.9 , 2.0 , 2 , 4
0 , 1.9 , 2.0 , 2 , 4
0 , 1.9 , 2.0 , 2 , 4
0 , 1.9 , 2.0 , 2 , 4
0 , 1.9 , 2.0 , 2 , 4
0 , 1.9 , 2.0 , 2 , 4
0 , 1.9 , 2.0 , 2 , 4
0 , 1.88 , 2.0 , 2 , 4
0 , 1.88 , 2.0 , 2 , 4
0 , 1.88 , 2.0 , 2 , 4
0 , 1.86 , 2.0 , 2 , 4
0 , 1.86 , 2.0 , 2 , 4
0 , 1.86 , 2.0 , 2 , 4
0 , 1.86 , 2.0 , 2 , 4
0 , 1.86 , 2.0 , 2 , 4
0 , 1.86 , 2.0 , 2 , 4
0 , 1.86 , 2.0 , 2 , 4
0 , 1.86 , 2.0 , 2 , 4
0 , 1.86 , 2.0 , 2 , 4
0 , 1.86 , 2.0 , 2 , 4
0 , 1.86 , 2.0 , 2 , 4
0 , 1.86 , 2.0 , 2 , 4
0 , 1.86 , 2.0 , 2 , 4
0 , 1.86 , 2.0 , 2 , 4
0 , 1.86 , 2.0 , 2 , 4
0 , 1.86 , 2.0 , 2 , 4
0 , 1.86 , 2.0 , 2 , 4
0 , 1.86 , 2.0 , 2 , 4
0 , 1.86 , 2.0 , 2 , 4
0 , 1.86 , 2.0 , 2 , 4
0 , 1.86 , 2.0 , 2 , 4
0 , 1.86 , 2.0 , 2 , 4
0 , 1.86 , 2.0 , 2 , 4
0 , 1.84 , 2.0 , 2 , 4
0 , 1.84 , 2.0 , 2 , 4
0 , 1.84 , 2.0 , 2 , 4
0 , 1.82 , 2.0 , 2 , 4
0 , 1.78 , 2.0 , 2 , 4
0 , 1.78 , 2.0 , 2 , 4
0 , 1.78 , 2.0 , 2 , 4
0 , 1.78 , 2.0 , 2 , 4
0 , 1.78 , 2.0 , 2 , 4
0 , 1.78 , 2.0 , 2 , 4
0 , 1.78 , 2.0 , 2 , 4
0 , 1.78 , 2.0 , 2 , 4
0 , 1.76 , 2.0 , 2 , 4
0 , 1.76 , 2.0 , 2 , 4
0 , 1.76 , 2.0 , 2 , 4
0 , 1.76 , 2.0 , 2 , 4
0 , 1.76 , 2.0 , 2 , 4
0 , 1.76 , 2.0 , 2 , 4
0 , 1.76 , 2.0 , 2 , 4
0 , 1.76 , 2.0 , 2 , 4
0 , 1.74 , 2.0 , 2 , 4
0 , 1.74 , 2.0 , 2 , 4
0 , 1.74 , 2.0 , 2 , 4
0 , 1.74 , 2.0 , 2 , 4
0 , 1.7 , 2.0 , 2 , 4
0 , 1.7 , 2.0 , 2 , 4
0 , 1.7 , 2.0 , 2 , 4
0 , 1.7 , 2.0 , 2 , 4
0 , 1.7 , 2.0 , 2 , 4
0 , 1.7 , 2.0 , 2 , 4
0 , 1.7 , 2.0 , 2 , 4
0 , 1.7 , 2.0 , 2 , 4
0 , 1.68 , 2.0 , 2 , 2
0 , 1.68 , 2.0 , 2 , 2
0 , 1.68 , 2.0 , 2 , 2
0 , 1.68 , 2.0 , 2 , 2
0 , 1.68 , 2.0 , 2 , 2
0 , 1.68 , 2.0 , 2 , 2
0 , 1.68 , 2.0 , 2 , 2
0 , 1.68 , 2.0 , 2 , 2
0 , 1.68 , 2.0 , 2 , 2
0 , 1.68 , 2.0 , 2 , 2
0 , 1.68 , 2.0 , 2 , 2
0 , 1.68 , 2.0 , 2 , 2
0 , 1.68 , 2.0 , 2 , 2
0 , 1.68 , 2.0 , 2 , 2
0 , 1.68 , 2.0 , 2 , 2
0 , 1.68 , 2.0 , 2 , 2
0 , 1.68 , 2.0 , 2 , 2
0 , 1.68 , 2.0 , 2 , 2
0 , 1.68 , 2.0 , 2 , 2
0 , 1.68 , 2.0 , 2 , 2
0 , 1.68 , 2.0 , 2 , 2
0 , 1.68 , 2.0 , 2 , 2
0 , 1.68 , 2.0 , 2 , 2
0 , 1.68 , 2.0 , 2 , 2
0 , 1.68 , 2.0 , 2 , 2
0 , 1.66 , 2.0 , 2 , 2
0 , 1.66 , 2.0 , 2 , 2
0 , 1.66 , 2.0 , 2 , 2
0 , 1.66 , 2.0 , 2 , 2
0 , 1.66 , 2.0 , 2 , 2
0 , 1.66 , 2.0 , 2 , 2
0 , 1.66 , 2.0 , 2 , 2
0 , 1.66 , 2.0 , 2 , 2
0 , 1.66 , 2.0 , 2 , 2
0 , 1.66 , 2.0 , 2 , 2
0 , 1.66 , 2.0 , 2 , 2
0 , 1.66 , 2.0 , 2 , 2
0 , 1.66 , 2.0 , 2 , 2
0 , 1.66 , 2.0 , 2 , 2
0 , 1.66 , 2.0 , 2 , 2
0 , 1.66 , 2.0 , 2 , 2
0 , 1.66 , 2.0 , 2 , 2
0 , 1.66 , 2.0 , 2 , 2
0 , 1.66 , 2.0 , 2 , 2
17  Perfect solutions
perfect solution individuals [[4, 6, 1, 3, 7, 0, 2, 5], [4, 6, 0, 3, 1, 7, 5, 2], [3, 1, 6, 2, 5, 7, 4, 0], [3, 1, 6, 2, 5, 7, 4, 0], [3, 7, 0, 2, 5, 1, 6, 4], [3, 1, 6, 2, 5, 7, 0, 4], [2, 6, 1, 7, 5, 3, 0, 4], [1, 4, 6, 3, 0, 7, 5, 2], [1, 5, 0, 6, 3, 7, 2, 4], [2, 6, 1, 7, 5, 3, 0, 4], [3, 7, 0, 2, 5, 1, 6, 4], [2, 6, 1, 7, 5, 3, 0, 4], [3, 1, 6, 2, 5, 7, 0, 4], [1, 5, 0, 6, 3, 7, 2, 4], [7, 1, 3, 0, 6, 4, 2, 5], [3, 1, 6, 2, 5, 7, 4, 0], [4, 6, 1, 3, 7, 0, 2, 5]]
