2 , 9.2 , 8.0 , 8 , 20
2 , 8.96 , 8.0 , 8 , 16
2 , 8.84 , 8.0 , 8 , 16
2 , 8.68 , 8.0 , 8 , 14
2 , 8.58 , 8.0 , 8 , 14
2 , 8.58 , 8.0 , 8 , 14
2 , 8.46 , 8.0 , 8 , 14
2 , 8.3 , 8.0 , 8 , 14
2 , 8.22 , 8.0 , 8 , 14
2 , 8.16 , 8.0 , 8 , 12
2 , 8.1 , 8.0 , 8 , 12
2 , 8.02 , 8.0 , 8 , 12
2 , 8.02 , 8.0 , 8 , 12
2 , 7.9 , 8.0 , 8 , 12
2 , 7.82 , 8.0 , 8 , 12
2 , 7.8 , 8.0 , 8 , 12
2 , 7.72 , 8.0 , 8 , 12
2 , 7.68 , 8.0 , 8 , 12
2 , 7.64 , 8.0 , 8 , 10
2 , 7.6 , 8.0 , 8 , 10
2 , 7.54 , 8.0 , 8 , 10
2 , 7.5 , 8.0 , 8 , 10
2 , 7.4 , 8.0 , 8 , 10
2 , 7.38 , 8.0 , 8 , 10
2 , 7.36 , 8.0 , 8 , 10
2 , 7.28 , 8.0 , 8 , 10
2 , 7.22 , 8.0 , 8 , 10
2 , 7.22 , 8.0 , 8 , 10
2 , 7.22 , 8.0 , 8 , 10
2 , 7.18 , 8.0 , 8 , 10
2 , 7.16 , 8.0 , 8 , 10
2 , 7.16 , 8.0 , 8 , 10
2 , 7.14 , 8.0 , 8 , 10
2 , 7.1 , 8.0 , 8 , 10
2 , 7.08 , 8.0 , 8 , 10
2 , 7.06 , 8.0 , 8 , 10
2 , 6.98 , 8.0 , 8 , 10
2 , 6.94 , 8.0 , 8 , 10
2 , 6.84 , 7.0 , 8 , 10
2 , 6.76 , 6.0 , 8 , 10
2 , 6.74 , 6.0 , 8 , 10
2 , 6.74 , 6.0 , 8 , 10
2 , 6.72 , 6.0 , 8 , 10
2 , 6.66 , 6.0 , 8 , 10
2 , 6.66 , 6.0 , 8 , 10
2 , 6.64 , 6.0 , 8 , 10
2 , 6.64 , 6.0 , 8 , 10
2 , 6.64 , 6.0 , 8 , 10
2 , 6.62 , 6.0 , 8 , 10
2 , 6.62 , 6.0 , 8 , 10
2 , 6.62 , 6.0 , 8 , 10
2 , 6.62 , 6.0 , 8 , 10
2 , 6.62 , 6.0 , 8 , 10
2 , 6.62 , 6.0 , 8 , 10
2 , 6.62 , 6.0 , 8 , 10
2 , 6.6 , 6.0 , 8 , 8
2 , 6.6 , 6.0 , 8 , 8
2 , 6.6 , 6.0 , 8 , 8
2 , 6.6 , 6.0 , 8 , 8
2 , 6.56 , 6.0 , 8 , 8
2 , 6.54 , 6.0 , 8 , 8
2 , 6.52 , 6.0 , 8 , 8
2 , 6.5 , 6.0 , 8 , 8
2 , 6.5 , 6.0 , 8 , 8
2 , 6.48 , 6.0 , 6 , 8
2 , 6.48 , 6.0 , 6 , 8
2 , 6.48 , 6.0 , 6 , 8
2 , 6.44 , 6.0 , 6 , 8
2 , 6.44 , 6.0 , 6 , 8
2 , 6.44 , 6.0 , 6 , 8
2 , 6.44 , 6.0 , 6 , 8
2 , 6.44 , 6.0 , 6 , 8
2 , 6.42 , 6.0 , 6 , 8
2 , 6.36 , 6.0 , 6 , 8
2 , 6.32 , 6.0 , 6 , 8
2 , 6.32 , 6.0 , 6 , 8
2 , 6.3 , 6.0 , 6 , 8
2 , 6.3 , 6.0 , 6 , 8
2 , 6.3 , 6.0 , 6 , 8
2 , 6.28 , 6.0 , 6 , 8
2 , 6.28 , 6.0 , 6 , 8
2 , 6.18 , 6.0 , 6 , 8
2 , 6.1 , 6.0 , 6 , 8
2 , 6.06 , 6.0 , 6 , 8
2 , 6.02 , 6.0 , 6 , 8
2 , 6.0 , 6.0 , 6 , 8
2 , 6.0 , 6.0 , 6 , 8
2 , 5.98 , 6.0 , 6 , 8
2 , 5.96 , 6.0 , 6 , 8
2 , 5.92 , 6.0 , 6 , 8
2 , 5.92 , 6.0 , 6 , 8
2 , 5.88 , 6.0 , 6 , 8
2 , 5.86 , 6.0 , 6 , 8
2 , 5.86 , 6.0 , 6 , 8
2 , 5.86 , 6.0 , 6 , 8
2 , 5.82 , 6.0 , 6 , 8
2 , 5.82 , 6.0 , 6 , 8
2 , 5.8 , 6.0 , 6 , 8
2 , 5.8 , 6.0 , 6 , 8
2 , 5.8 , 6.0 , 6 , 8
2 , 5.78 , 6.0 , 6 , 8
2 , 5.78 , 6.0 , 6 , 8
2 , 5.78 , 6.0 , 6 , 8
2 , 5.78 , 6.0 , 6 , 8
2 , 5.78 , 6.0 , 6 , 8
2 , 5.74 , 6.0 , 6 , 8
2 , 5.72 , 6.0 , 6 , 8
2 , 5.72 , 6.0 , 6 , 8
2 , 5.68 , 6.0 , 6 , 8
2 , 5.68 , 6.0 , 6 , 8
2 , 5.68 , 6.0 , 6 , 8
2 , 5.68 , 6.0 , 6 , 8
2 , 5.68 , 6.0 , 6 , 8
2 , 5.68 , 6.0 , 6 , 8
2 , 5.68 , 6.0 , 6 , 8
2 , 5.68 , 6.0 , 6 , 8
2 , 5.66 , 6.0 , 6 , 8
2 , 5.62 , 6.0 , 6 , 8
2 , 5.58 , 6.0 , 6 , 8
2 , 5.58 , 6.0 , 6 , 8
2 , 5.58 , 6.0 , 6 , 8
2 , 5.56 , 6.0 , 6 , 8
2 , 5.56 , 6.0 , 6 , 8
2 , 5.54 , 6.0 , 6 , 8
2 , 5.5 , 6.0 , 6 , 8
2 , 5.5 , 6.0 , 6 , 8
2 , 5.48 , 6.0 , 6 , 8
2 , 5.48 , 6.0 , 6 , 8
2 , 5.48 , 6.0 , 6 , 8
2 , 5.48 , 6.0 , 6 , 8
2 , 5.44 , 6.0 , 6 , 8
2 , 5.42 , 6.0 , 6 , 8
2 , 5.36 , 6.0 , 6 , 8
2 , 5.32 , 6.0 , 6 , 6
2 , 5.32 , 6.0 , 6 , 6
2 , 5.32 , 6.0 , 6 , 6
2 , 5.32 , 6.0 , 6 , 6
2 , 5.32 , 6.0 , 6 , 6
2 , 5.3 , 6.0 , 6 , 6
2 , 5.3 , 6.0 , 6 , 6
2 , 5.3 , 6.0 , 6 , 6
2 , 5.3 , 6.0 , 6 , 6
2 , 5.3 , 6.0 , 6 , 6
2 , 5.3 , 6.0 , 6 , 6
2 , 5.3 , 6.0 , 6 , 6
2 , 5.3 , 6.0 , 6 , 6
2 , 5.3 , 6.0 , 6 , 6
2 , 5.3 , 6.0 , 6 , 6
2 , 5.3 , 6.0 , 6 , 6
2 , 5.3 , 6.0 , 6 , 6
2 , 5.28 , 6.0 , 6 , 6
2 , 5.28 , 6.0 , 6 , 6
2 , 5.22 , 6.0 , 6 , 6
2 , 5.22 , 6.0 , 6 , 6
2 , 5.22 , 6.0 , 6 , 6
2 , 5.16 , 6.0 , 6 , 6
2 , 5.16 , 6.0 , 6 , 6
2 , 5.16 , 6.0 , 6 , 6
2 , 5.16 , 6.0 , 6 , 6
2 , 5.16 , 6.0 , 6 , 6
2 , 5.16 , 6.0 , 6 , 6
2 , 5.16 , 6.0 , 6 , 6
2 , 5.16 , 6.0 , 6 , 6
2 , 5.16 , 6.0 , 6 , 6
2 , 5.14 , 6.0 , 6 , 6
2 , 5.14 , 6.0 , 6 , 6
2 , 5.14 , 6.0 , 6 , 6
2 , 5.14 , 6.0 , 6 , 6
2 , 5.14 , 6.0 , 6 , 6
2 , 5.14 , 6.0 , 6 , 6
2 , 5.14 , 6.0 , 6 , 6
2 , 5.14 , 6.0 , 6 , 6
2 , 5.14 , 6.0 , 6 , 6
2 , 5.14 , 6.0 , 6 , 6
2 , 5.12 , 6.0 , 6 , 6
2 , 5.12 , 6.0 , 6 , 6
2 , 5.12 , 6.0 , 6 , 6
2 , 5.12 , 6.0 , 6 , 6
2 , 5.12 , 6.0 , 6 , 6
2 , 5.12 , 6.0 , 6 , 6
2 , 5.1 , 6.0 , 6 , 6
2 , 5.1 , 6.0 , 6 , 6
2 , 5.1 , 6.0 , 6 , 6
2 , 5.08 , 6.0 , 6 , 6
2 , 5.08 , 6.0 , 6 , 6
2 , 5.08 , 6.0 , 6 , 6
2 , 5.08 , 6.0 , 6 , 6
2 , 5.08 , 6.0 , 6 , 6
2 , 5.08 , 6.0 , 6 , 6
2 , 5.08 , 6.0 , 6 , 6
2 , 5.08 , 6.0 , 6 , 6
2 , 5.08 , 6.0 , 6 , 6
2 , 5.06 , 6.0 , 6 , 6
2 , 5.06 , 6.0 , 6 , 6
2 , 5.06 , 6.0 , 6 , 6
2 , 5.06 , 6.0 , 6 , 6
2 , 5.06 , 6.0 , 6 , 6
2 , 5.06 , 6.0 , 6 , 6
2 , 5.06 , 6.0 , 6 , 6
2 , 5.06 , 6.0 , 6 , 6
2 , 5.06 , 6.0 , 6 , 6
2 , 5.06 , 6.0 , 6 , 6
2 , 5.06 , 6.0 , 6 , 6
2 , 5.06 , 6.0 , 6 , 6
2 , 5.06 , 6.0 , 6 , 6
2 , 5.06 , 6.0 , 6 , 6
2 , 5.06 , 6.0 , 6 , 6
2 , 5.06 , 6.0 , 6 , 6
2 , 5.06 , 6.0 , 6 , 6
2 , 5.06 , 6.0 , 6 , 6
2 , 5.06 , 6.0 , 6 , 6
2 , 5.06 , 6.0 , 6 , 6
2 , 5.06 , 6.0 , 6 , 6
2 , 5.06 , 6.0 , 6 , 6
2 , 5.06 , 6.0 , 6 , 6
2 , 5.06 , 6.0 , 6 , 6
2 , 5.06 , 6.0 , 6 , 6
2 , 5.04 , 6.0 , 6 , 6
2 , 5.02 , 6.0 , 6 , 6
2 , 5.02 , 6.0 , 6 , 6
2 , 5.02 , 6.0 , 6 , 6
2 , 4.98 , 6.0 , 6 , 6
2 , 4.98 , 6.0 , 6 , 6
2 , 4.98 , 6.0 , 6 , 6
2 , 4.98 , 6.0 , 6 , 6
2 , 4.98 , 6.0 , 6 , 6
2 , 4.98 , 6.0 , 6 , 6
2 , 4.98 , 6.0 , 6 , 6
2 , 4.98 , 6.0 , 6 , 6
2 , 4.98 , 6.0 , 6 , 6
2 , 4.98 , 6.0 , 6 , 6
2 , 4.98 , 6.0 , 6 , 6
2 , 4.98 , 6.0 , 6 , 6
2 , 4.98 , 6.0 , 6 , 6
2 , 4.96 , 6.0 , 6 , 6
2 , 4.96 , 6.0 , 6 , 6
2 , 4.96 , 6.0 , 6 , 6
2 , 4.96 , 6.0 , 6 , 6
2 , 4.94 , 6.0 , 6 , 6
2 , 4.94 , 6.0 , 6 , 6
2 , 4.94 , 6.0 , 6 , 6
2 , 4.94 , 6.0 , 6 , 6
2 , 4.94 , 6.0 , 6 , 6
2 , 4.9 , 6.0 , 6 , 6
2 , 4.9 , 6.0 , 6 , 6
2 , 4.9 , 6.0 , 6 , 6
2 , 4.88 , 6.0 , 6 , 6
2 , 4.88 , 6.0 , 6 , 6
2 , 4.88 , 6.0 , 6 , 6
2 , 4.88 , 6.0 , 6 , 6
2 , 4.88 , 6.0 , 6 , 6
2 , 4.88 , 6.0 , 6 , 6
2 , 4.88 , 6.0 , 6 , 6
2 , 4.88 , 6.0 , 6 , 6
2 , 4.88 , 6.0 , 6 , 6
2 , 4.88 , 6.0 , 6 , 6
2 , 4.88 , 6.0 , 6 , 6
2 , 4.88 , 6.0 , 6 , 6
2 , 4.88 , 6.0 , 6 , 6
2 , 4.88 , 6.0 , 6 , 6
2 , 4.88 , 6.0 , 6 , 6
2 , 4.84 , 6.0 , 6 , 6
2 , 4.84 , 6.0 , 6 , 6
2 , 4.84 , 6.0 , 6 , 6
2 , 4.82 , 6.0 , 6 , 6
2 , 4.82 , 6.0 , 6 , 6
2 , 4.78 , 5.0 , 6 , 6
2 , 4.74 , 4.0 , 6 , 6
2 , 4.74 , 4.0 , 6 , 6
2 , 4.74 , 4.0 , 6 , 6
2 , 4.74 , 4.0 , 6 , 6
2 , 4.74 , 4.0 , 6 , 6
2 , 4.74 , 4.0 , 6 , 6
2 , 4.74 , 4.0 , 6 , 6
2 , 4.74 , 4.0 , 6 , 6
2 , 4.74 , 4.0 , 6 , 6
2 , 4.74 , 4.0 , 6 , 6
2 , 4.74 , 4.0 , 6 , 6
2 , 4.72 , 4.0 , 6 , 6
2 , 4.7 , 4.0 , 6 , 6
2 , 4.66 , 4.0 , 6 , 6
2 , 4.66 , 4.0 , 6 , 6
2 , 4.66 , 4.0 , 6 , 6
2 , 4.66 , 4.0 , 6 , 6
2 , 4.66 , 4.0 , 6 , 6
2 , 4.66 , 4.0 , 6 , 6
2 , 4.66 , 4.0 , 6 , 6
2 , 4.66 , 4.0 , 6 , 6
2 , 4.66 , 4.0 , 6 , 6
2 , 4.66 , 4.0 , 6 , 6
2 , 4.64 , 4.0 , 6 , 6
2 , 4.64 , 4.0 , 6 , 6
2 , 4.62 , 4.0 , 6 , 6
2 , 4.6 , 4.0 , 4 , 6
2 , 4.58 , 4.0 , 4 , 6
2 , 4.58 , 4.0 , 4 , 6
2 , 4.58 , 4.0 , 4 , 6
2 , 4.58 , 4.0 , 4 , 6
2 , 4.58 , 4.0 , 4 , 6
2 , 4.58 , 4.0 , 4 , 6
2 , 4.58 , 4.0 , 4 , 6
2 , 4.58 , 4.0 , 4 , 6
2 , 4.56 , 4.0 , 4 , 6
2 , 4.56 , 4.0 , 4 , 6
2 , 4.56 , 4.0 , 4 , 6
2 , 4.56 , 4.0 , 4 , 6
2 , 4.56 , 4.0 , 4 , 6
2 , 4.56 , 4.0 , 4 , 6
2 , 4.54 , 4.0 , 4 , 6
2 , 4.54 , 4.0 , 4 , 6
2 , 4.52 , 4.0 , 4 , 6
2 , 4.48 , 4.0 , 4 , 6
2 , 4.48 , 4.0 , 4 , 6
2 , 4.46 , 4.0 , 4 , 6
2 , 4.46 , 4.0 , 4 , 6
2 , 4.46 , 4.0 , 4 , 6
2 , 4.44 , 4.0 , 4 , 6
2 , 4.44 , 4.0 , 4 , 6
2 , 4.44 , 4.0 , 4 , 6
2 , 4.42 , 4.0 , 4 , 6
2 , 4.42 , 4.0 , 4 , 6
2 , 4.4 , 4.0 , 4 , 6
2 , 4.38 , 4.0 , 4 , 6
2 , 4.36 , 4.0 , 4 , 6
2 , 4.36 , 4.0 , 4 , 6
2 , 4.36 , 4.0 , 4 , 6
2 , 4.36 , 4.0 , 4 , 6
2 , 4.36 , 4.0 , 4 , 6
2 , 4.36 , 4.0 , 4 , 6
2 , 4.36 , 4.0 , 4 , 6
2 , 4.36 , 4.0 , 4 , 6
2 , 4.36 , 4.0 , 4 , 6
2 , 4.36 , 4.0 , 4 , 6
2 , 4.36 , 4.0 , 4 , 6
2 , 4.36 , 4.0 , 4 , 6
2 , 4.36 , 4.0 , 4 , 6
2 , 4.36 , 4.0 , 4 , 6
2 , 4.36 , 4.0 , 4 , 6
2 , 4.36 , 4.0 , 4 , 6
2 , 4.36 , 4.0 , 4 , 6
2 , 4.36 , 4.0 , 4 , 6
2 , 4.36 , 4.0 , 4 , 6
2 , 4.34 , 4.0 , 4 , 6
2 , 4.34 , 4.0 , 4 , 6
2 , 4.34 , 4.0 , 4 , 6
2 , 4.34 , 4.0 , 4 , 6
2 , 4.34 , 4.0 , 4 , 6
2 , 4.32 , 4.0 , 4 , 6
2 , 4.32 , 4.0 , 4 , 6
2 , 4.32 , 4.0 , 4 , 6
2 , 4.3 , 4.0 , 4 , 6
2 , 4.3 , 4.0 , 4 , 6
2 , 4.3 , 4.0 , 4 , 6
2 , 4.3 , 4.0 , 4 , 6
2 , 4.3 , 4.0 , 4 , 6
2 , 4.3 , 4.0 , 4 , 6
2 , 4.3 , 4.0 , 4 , 6
2 , 4.26 , 4.0 , 4 , 6
2 , 4.26 , 4.0 , 4 , 6
2 , 4.26 , 4.0 , 4 , 6
2 , 4.24 , 4.0 , 4 , 6
2 , 4.24 , 4.0 , 4 , 6
2 , 4.24 , 4.0 , 4 , 6
2 , 4.24 , 4.0 , 4 , 6
2 , 4.24 , 4.0 , 4 , 6
2 , 4.22 , 4.0 , 4 , 6
2 , 4.2 , 4.0 , 4 , 6
2 , 4.2 , 4.0 , 4 , 6
2 , 4.2 , 4.0 , 4 , 6
2 , 4.16 , 4.0 , 4 , 6
2 , 4.16 , 4.0 , 4 , 6
2 , 4.12 , 4.0 , 4 , 6
2 , 4.12 , 4.0 , 4 , 6
2 , 4.12 , 4.0 , 4 , 6
2 , 4.12 , 4.0 , 4 , 6
2 , 4.1 , 4.0 , 4 , 6
2 , 4.1 , 4.0 , 4 , 6
2 , 4.1 , 4.0 , 4 , 6
2 , 4.08 , 4.0 , 4 , 6
2 , 4.08 , 4.0 , 4 , 6
2 , 4.08 , 4.0 , 4 , 6
2 , 4.08 , 4.0 , 4 , 6
2 , 4.08 , 4.0 , 4 , 6
2 , 4.08 , 4.0 , 4 , 6
2 , 4.08 , 4.0 , 4 , 6
2 , 4.04 , 4.0 , 4 , 6
2 , 4.04 , 4.0 , 4 , 6
2 , 4.04 , 4.0 , 4 , 6
2 , 4.02 , 4.0 , 4 , 6
2 , 4.02 , 4.0 , 4 , 6
2 , 4.02 , 4.0 , 4 , 6
2 , 4.02 , 4.0 , 4 , 6
2 , 4.02 , 4.0 , 4 , 6
2 , 4.02 , 4.0 , 4 , 6
2 , 4.02 , 4.0 , 4 , 6
2 , 4.02 , 4.0 , 4 , 6
2 , 4.0 , 4.0 , 4 , 6
2 , 4.0 , 4.0 , 4 , 6
2 , 3.98 , 4.0 , 4 , 6
2 , 3.98 , 4.0 , 4 , 6
2 , 3.98 , 4.0 , 4 , 6
2 , 3.96 , 4.0 , 4 , 6
2 , 3.96 , 4.0 , 4 , 6
2 , 3.96 , 4.0 , 4 , 6
2 , 3.96 , 4.0 , 4 , 6
2 , 3.94 , 4.0 , 4 , 6
2 , 3.92 , 4.0 , 4 , 6
2 , 3.92 , 4.0 , 4 , 6
2 , 3.88 , 4.0 , 4 , 6
2 , 3.84 , 4.0 , 4 , 6
2 , 3.8 , 4.0 , 4 , 6
2 , 3.8 , 4.0 , 4 , 6
2 , 3.8 , 4.0 , 4 , 6
2 , 3.8 , 4.0 , 4 , 6
2 , 3.8 , 4.0 , 4 , 6
2 , 3.8 , 4.0 , 4 , 6
2 , 3.8 , 4.0 , 4 , 6
2 , 3.8 , 4.0 , 4 , 6
2 , 3.78 , 4.0 , 4 , 6
2 , 3.78 , 4.0 , 4 , 6
2 , 3.76 , 4.0 , 4 , 6
2 , 3.76 , 4.0 , 4 , 6
2 , 3.76 , 4.0 , 4 , 6
2 , 3.76 , 4.0 , 4 , 6
2 , 3.76 , 4.0 , 4 , 6
2 , 3.76 , 4.0 , 4 , 6
2 , 3.76 , 4.0 , 4 , 6
2 , 3.76 , 4.0 , 4 , 6
2 , 3.76 , 4.0 , 4 , 6
2 , 3.76 , 4.0 , 4 , 6
2 , 3.76 , 4.0 , 4 , 6
2 , 3.74 , 4.0 , 4 , 6
2 , 3.74 , 4.0 , 4 , 6
2 , 3.74 , 4.0 , 4 , 6
2 , 3.74 , 4.0 , 4 , 6
2 , 3.74 , 4.0 , 4 , 6
2 , 3.74 , 4.0 , 4 , 6
2 , 3.74 , 4.0 , 4 , 6
2 , 3.74 , 4.0 , 4 , 6
2 , 3.74 , 4.0 , 4 , 6
2 , 3.74 , 4.0 , 4 , 6
2 , 3.74 , 4.0 , 4 , 6
2 , 3.74 , 4.0 , 4 , 6
2 , 3.72 , 4.0 , 4 , 6
2 , 3.72 , 4.0 , 4 , 6
2 , 3.7 , 4.0 , 4 , 6
2 , 3.66 , 4.0 , 4 , 6
2 , 3.64 , 4.0 , 4 , 6
2 , 3.64 , 4.0 , 4 , 6
2 , 3.64 , 4.0 , 4 , 6
2 , 3.64 , 4.0 , 4 , 6
2 , 3.64 , 4.0 , 4 , 6
2 , 3.64 , 4.0 , 4 , 6
2 , 3.62 , 4.0 , 4 , 6
2 , 3.62 , 4.0 , 4 , 6
2 , 3.62 , 4.0 , 4 , 6
2 , 3.62 , 4.0 , 4 , 6
2 , 3.62 , 4.0 , 4 , 6
2 , 3.62 , 4.0 , 4 , 6
2 , 3.62 , 4.0 , 4 , 6
2 , 3.62 , 4.0 , 4 , 6
2 , 3.62 , 4.0 , 4 , 6
2 , 3.6 , 4.0 , 4 , 6
2 , 3.58 , 4.0 , 4 , 6
2 , 3.54 , 4.0 , 4 , 4
2 , 3.54 , 4.0 , 4 , 4
2 , 3.54 , 4.0 , 4 , 4
2 , 3.54 , 4.0 , 4 , 4
2 , 3.54 , 4.0 , 4 , 4
2 , 3.54 , 4.0 , 4 , 4
2 , 3.54 , 4.0 , 4 , 4
2 , 3.54 , 4.0 , 4 , 4
2 , 3.54 , 4.0 , 4 , 4
2 , 3.54 , 4.0 , 4 , 4
2 , 3.54 , 4.0 , 4 , 4
2 , 3.54 , 4.0 , 4 , 4
2 , 3.54 , 4.0 , 4 , 4
2 , 3.54 , 4.0 , 4 , 4
2 , 3.54 , 4.0 , 4 , 4
2 , 3.54 , 4.0 , 4 , 4
2 , 3.54 , 4.0 , 4 , 4
2 , 3.54 , 4.0 , 4 , 4
2 , 3.52 , 4.0 , 4 , 4
2 , 3.52 , 4.0 , 4 , 4
2 , 3.52 , 4.0 , 4 , 4
2 , 3.52 , 4.0 , 4 , 4
2 , 3.52 , 4.0 , 4 , 4
2 , 3.52 , 4.0 , 4 , 4
2 , 3.52 , 4.0 , 4 , 4
2 , 3.52 , 4.0 , 4 , 4
2 , 3.52 , 4.0 , 4 , 4
2 , 3.52 , 4.0 , 4 , 4
2 , 3.52 , 4.0 , 4 , 4
2 , 3.52 , 4.0 , 4 , 4
2 , 3.5 , 4.0 , 4 , 4
2 , 3.5 , 4.0 , 4 , 4
2 , 3.5 , 4.0 , 4 , 4
2 , 3.5 , 4.0 , 4 , 4
2 , 3.5 , 4.0 , 4 , 4
2 , 3.5 , 4.0 , 4 , 4
2 , 3.5 , 4.0 , 4 , 4
2 , 3.5 , 4.0 , 4 , 4
2 , 3.5 , 4.0 , 4 , 4
2 , 3.5 , 4.0 , 4 , 4
2 , 3.5 , 4.0 , 4 , 4
2 , 3.5 , 4.0 , 4 , 4
2 , 3.5 , 4.0 , 4 , 4
2 , 3.5 , 4.0 , 4 , 4
2 , 3.5 , 4.0 , 4 , 4
2 , 3.5 , 4.0 , 4 , 4
2 , 3.5 , 4.0 , 4 , 4
2 , 3.5 , 4.0 , 4 , 4
2 , 3.5 , 4.0 , 4 , 4
2 , 3.5 , 4.0 , 4 , 4
2 , 3.5 , 4.0 , 4 , 4
2 , 3.5 , 4.0 , 4 , 4
2 , 3.5 , 4.0 , 4 , 4
2 , 3.5 , 4.0 , 4 , 4
2 , 3.5 , 4.0 , 4 , 4
2 , 3.48 , 4.0 , 4 , 4
2 , 3.48 , 4.0 , 4 , 4
2 , 3.48 , 4.0 , 4 , 4
2 , 3.48 , 4.0 , 4 , 4
2 , 3.48 , 4.0 , 4 , 4
2 , 3.48 , 4.0 , 4 , 4
2 , 3.48 , 4.0 , 4 , 4
2 , 3.48 , 4.0 , 4 , 4
2 , 3.48 , 4.0 , 4 , 4
2 , 3.48 , 4.0 , 4 , 4
2 , 3.48 , 4.0 , 4 , 4
2 , 3.46 , 4.0 , 4 , 4
2 , 3.46 , 4.0 , 4 , 4
2 , 3.46 , 4.0 , 4 , 4
2 , 3.46 , 4.0 , 4 , 4
2 , 3.46 , 4.0 , 4 , 4
2 , 3.46 , 4.0 , 4 , 4
2 , 3.46 , 4.0 , 4 , 4
2 , 3.46 , 4.0 , 4 , 4
2 , 3.46 , 4.0 , 4 , 4
2 , 3.46 , 4.0 , 4 , 4
2 , 3.46 , 4.0 , 4 , 4
2 , 3.46 , 4.0 , 4 , 4
2 , 3.46 , 4.0 , 4 , 4
2 , 3.46 , 4.0 , 4 , 4
2 , 3.46 , 4.0 , 4 , 4
2 , 3.46 , 4.0 , 4 , 4
2 , 3.46 , 4.0 , 4 , 4
2 , 3.46 , 4.0 , 4 , 4
2 , 3.46 , 4.0 , 4 , 4
2 , 3.46 , 4.0 , 4 , 4
2 , 3.44 , 4.0 , 4 , 4
2 , 3.44 , 4.0 , 4 , 4
2 , 3.44 , 4.0 , 4 , 4
2 , 3.44 , 4.0 , 4 , 4
2 , 3.44 , 4.0 , 4 , 4
2 , 3.44 , 4.0 , 4 , 4
2 , 3.44 , 4.0 , 4 , 4
2 , 3.44 , 4.0 , 4 , 4
2 , 3.44 , 4.0 , 4 , 4
2 , 3.44 , 4.0 , 4 , 4
2 , 3.44 , 4.0 , 4 , 4
2 , 3.42 , 4.0 , 4 , 4
2 , 3.42 , 4.0 , 4 , 4
2 , 3.42 , 4.0 , 4 , 4
2 , 3.42 , 4.0 , 4 , 4
2 , 3.42 , 4.0 , 4 , 4
2 , 3.42 , 4.0 , 4 , 4
2 , 3.42 , 4.0 , 4 , 4
2 , 3.42 , 4.0 , 4 , 4
2 , 3.42 , 4.0 , 4 , 4
2 , 3.42 , 4.0 , 4 , 4
2 , 3.42 , 4.0 , 4 , 4
2 , 3.42 , 4.0 , 4 , 4
2 , 3.42 , 4.0 , 4 , 4
2 , 3.42 , 4.0 , 4 , 4
2 , 3.42 , 4.0 , 4 , 4
2 , 3.42 , 4.0 , 4 , 4
2 , 3.42 , 4.0 , 4 , 4
0 , 3.38 , 4.0 , 4 , 4
0 , 3.38 , 4.0 , 4 , 4
0 , 3.38 , 4.0 , 4 , 4
0 , 3.38 , 4.0 , 4 , 4
0 , 3.38 , 4.0 , 4 , 4
0 , 3.38 , 4.0 , 4 , 4
0 , 3.38 , 4.0 , 4 , 4
0 , 3.38 , 4.0 , 4 , 4
0 , 3.38 , 4.0 , 4 , 4
0 , 3.38 , 4.0 , 4 , 4
0 , 3.38 , 4.0 , 4 , 4
0 , 3.38 , 4.0 , 4 , 4
0 , 3.38 , 4.0 , 4 , 4
0 , 3.38 , 4.0 , 4 , 4
0 , 3.38 , 4.0 , 4 , 4
0 , 3.38 , 4.0 , 4 , 4
0 , 3.38 , 4.0 , 4 , 4
0 , 3.34 , 4.0 , 4 , 4
0 , 3.34 , 4.0 , 4 , 4
0 , 3.34 , 4.0 , 4 , 4
0 , 3.34 , 4.0 , 4 , 4
0 , 3.34 , 4.0 , 4 , 4
0 , 3.34 , 4.0 , 4 , 4
0 , 3.34 , 4.0 , 4 , 4
0 , 3.34 , 4.0 , 4 , 4
0 , 3.34 , 4.0 , 4 , 4
0 , 3.34 , 4.0 , 4 , 4
0 , 3.34 , 4.0 , 4 , 4
0 , 3.34 , 4.0 , 4 , 4
0 , 3.34 , 4.0 , 4 , 4
0 , 3.34 , 4.0 , 4 , 4
0 , 3.34 , 4.0 , 4 , 4
0 , 3.34 , 4.0 , 4 , 4
0 , 3.34 , 4.0 , 4 , 4
0 , 3.34 , 4.0 , 4 , 4
0 , 3.34 , 4.0 , 4 , 4
0 , 3.34 , 4.0 , 4 , 4
0 , 3.34 , 4.0 , 4 , 4
0 , 3.34 , 4.0 , 4 , 4
0 , 3.34 , 4.0 , 4 , 4
0 , 3.34 , 4.0 , 4 , 4
0 , 3.34 , 4.0 , 4 , 4
0 , 3.34 , 4.0 , 4 , 4
0 , 3.34 , 4.0 , 4 , 4
0 , 3.34 , 4.0 , 4 , 4
0 , 3.34 , 4.0 , 4 , 4
0 , 3.34 , 4.0 , 4 , 4
0 , 3.34 , 4.0 , 4 , 4
0 , 3.34 , 4.0 , 4 , 4
0 , 3.34 , 4.0 , 4 , 4
0 , 3.34 , 4.0 , 4 , 4
0 , 3.34 , 4.0 , 4 , 4
0 , 3.34 , 4.0 , 4 , 4
0 , 3.34 , 4.0 , 4 , 4
0 , 3.34 , 4.0 , 4 , 4
0 , 3.34 , 4.0 , 4 , 4
0 , 3.34 , 4.0 , 4 , 4
0 , 3.34 , 4.0 , 4 , 4
0 , 3.34 , 4.0 , 4 , 4
0 , 3.3 , 4.0 , 4 , 4
0 , 3.3 , 4.0 , 4 , 4
0 , 3.3 , 4.0 , 4 , 4
0 , 3.3 , 4.0 , 4 , 4
0 , 3.3 , 4.0 , 4 , 4
0 , 3.3 , 4.0 , 4 , 4
0 , 3.28 , 4.0 , 4 , 4
0 , 3.28 , 4.0 , 4 , 4
0 , 3.28 , 4.0 , 4 , 4
0 , 3.28 , 4.0 , 4 , 4
0 , 3.26 , 4.0 , 4 , 4
0 , 3.26 , 4.0 , 4 , 4
0 , 3.26 , 4.0 , 4 , 4
0 , 3.26 , 4.0 , 4 , 4
0 , 3.26 , 4.0 , 4 , 4
0 , 3.26 , 4.0 , 4 , 4
0 , 3.26 , 4.0 , 4 , 4
0 , 3.26 , 4.0 , 4 , 4
0 , 3.26 , 4.0 , 4 , 4
0 , 3.26 , 4.0 , 4 , 4
0 , 3.26 , 4.0 , 4 , 4
0 , 3.26 , 4.0 , 4 , 4
0 , 3.26 , 4.0 , 4 , 4
0 , 3.26 , 4.0 , 4 , 4
0 , 3.26 , 4.0 , 4 , 4
0 , 3.26 , 4.0 , 4 , 4
0 , 3.26 , 4.0 , 4 , 4
0 , 3.26 , 4.0 , 4 , 4
0 , 3.26 , 4.0 , 4 , 4
0 , 3.26 , 4.0 , 4 , 4
0 , 3.26 , 4.0 , 4 , 4
0 , 3.26 , 4.0 , 4 , 4
0 , 3.26 , 4.0 , 4 , 4
0 , 3.26 , 4.0 , 4 , 4
0 , 3.26 , 4.0 , 4 , 4
0 , 3.26 , 4.0 , 4 , 4
0 , 3.26 , 4.0 , 4 , 4
0 , 3.26 , 4.0 , 4 , 4
0 , 3.26 , 4.0 , 4 , 4
0 , 3.24 , 4.0 , 4 , 4
0 , 3.24 , 4.0 , 4 , 4
0 , 3.2 , 4.0 , 4 , 4
0 , 3.2 , 4.0 , 4 , 4
0 , 3.2 , 4.0 , 4 , 4
0 , 3.2 , 4.0 , 4 , 4
0 , 3.2 , 4.0 , 4 , 4
0 , 3.2 , 4.0 , 4 , 4
0 , 3.2 , 4.0 , 4 , 4
0 , 3.2 , 4.0 , 4 , 4
0 , 3.2 , 4.0 , 4 , 4
0 , 3.2 , 4.0 , 4 , 4
0 , 3.2 , 4.0 , 4 , 4
0 , 3.2 , 4.0 , 4 , 4
0 , 3.2 , 4.0 , 4 , 4
0 , 3.2 , 4.0 , 4 , 4
0 , 3.2 , 4.0 , 4 , 4
0 , 3.2 , 4.0 , 4 , 4
0 , 3.2 , 4.0 , 4 , 4
0 , 3.2 , 4.0 , 4 , 4
0 , 3.2 , 4.0 , 4 , 4
0 , 3.2 , 4.0 , 4 , 4
0 , 3.2 , 4.0 , 4 , 4
0 , 3.2 , 4.0 , 4 , 4
0 , 3.2 , 4.0 , 4 , 4
0 , 3.2 , 4.0 , 4 , 4
0 , 3.2 , 4.0 , 4 , 4
0 , 3.2 , 4.0 , 4 , 4
0 , 3.2 , 4.0 , 4 , 4
0 , 3.2 , 4.0 , 4 , 4
0 , 3.2 , 4.0 , 4 , 4
0 , 3.2 , 4.0 , 4 , 4
0 , 3.2 , 4.0 , 4 , 4
0 , 3.2 , 4.0 , 4 , 4
0 , 3.2 , 4.0 , 4 , 4
0 , 3.2 , 4.0 , 4 , 4
0 , 3.2 , 4.0 , 4 , 4
0 , 3.2 , 4.0 , 4 , 4
0 , 3.2 , 4.0 , 4 , 4
0 , 3.2 , 4.0 , 4 , 4
0 , 3.2 , 4.0 , 4 , 4
0 , 3.2 , 4.0 , 4 , 4
0 , 3.2 , 4.0 , 4 , 4
0 , 3.2 , 4.0 , 4 , 4
0 , 3.2 , 4.0 , 4 , 4
0 , 3.2 , 4.0 , 4 , 4
0 , 3.2 , 4.0 , 4 , 4
0 , 3.2 , 4.0 , 4 , 4
0 , 3.2 , 4.0 , 4 , 4
0 , 3.2 , 4.0 , 4 , 4
0 , 3.18 , 4.0 , 4 , 4
0 , 3.14 , 4.0 , 4 , 4
0 , 3.14 , 4.0 , 4 , 4
0 , 3.14 , 4.0 , 4 , 4
0 , 3.14 , 4.0 , 4 , 4
0 , 3.14 , 4.0 , 4 , 4
0 , 3.14 , 4.0 , 4 , 4
0 , 3.14 , 4.0 , 4 , 4
0 , 3.14 , 4.0 , 4 , 4
0 , 3.14 , 4.0 , 4 , 4
0 , 3.14 , 4.0 , 4 , 4
0 , 3.1 , 4.0 , 4 , 4
0 , 3.1 , 4.0 , 4 , 4
0 , 3.1 , 4.0 , 4 , 4
0 , 3.1 , 4.0 , 4 , 4
0 , 3.08 , 4.0 , 4 , 4
0 , 3.08 , 4.0 , 4 , 4
0 , 3.08 , 4.0 , 4 , 4
0 , 3.08 , 4.0 , 4 , 4
0 , 3.08 , 4.0 , 4 , 4
0 , 3.08 , 4.0 , 4 , 4
0 , 3.06 , 4.0 , 4 , 4
0 , 3.06 , 4.0 , 4 , 4
0 , 3.06 , 4.0 , 4 , 4
0 , 3.06 , 4.0 , 4 , 4
0 , 3.04 , 4.0 , 4 , 4
0 , 3.04 , 4.0 , 4 , 4
0 , 3.04 , 4.0 , 4 , 4
0 , 3.04 , 4.0 , 4 , 4
0 , 3.04 , 4.0 , 4 , 4
0 , 3.04 , 4.0 , 4 , 4
0 , 3.04 , 4.0 , 4 , 4
0 , 3.04 , 4.0 , 4 , 4
0 , 3.04 , 4.0 , 4 , 4
0 , 3.04 , 4.0 , 4 , 4
0 , 3.02 , 4.0 , 4 , 4
0 , 3.02 , 4.0 , 4 , 4
0 , 3.02 , 4.0 , 4 , 4
0 , 3.02 , 4.0 , 4 , 4
0 , 3.02 , 4.0 , 4 , 4
0 , 3.02 , 4.0 , 4 , 4
0 , 3.02 , 4.0 , 4 , 4
0 , 3.02 , 4.0 , 4 , 4
0 , 3.02 , 4.0 , 4 , 4
0 , 3.02 , 4.0 , 4 , 4
0 , 3.0 , 4.0 , 4 , 4
0 , 3.0 , 4.0 , 4 , 4
0 , 2.98 , 4.0 , 4 , 4
0 , 2.98 , 4.0 , 4 , 4
0 , 2.98 , 4.0 , 4 , 4
0 , 2.96 , 4.0 , 4 , 4
0 , 2.96 , 4.0 , 4 , 4
0 , 2.96 , 4.0 , 4 , 4
0 , 2.96 , 4.0 , 4 , 4
0 , 2.96 , 4.0 , 4 , 4
0 , 2.96 , 4.0 , 4 , 4
0 , 2.96 , 4.0 , 4 , 4
0 , 2.96 , 4.0 , 4 , 4
0 , 2.96 , 4.0 , 4 , 4
0 , 2.96 , 4.0 , 4 , 4
0 , 2.96 , 4.0 , 4 , 4
0 , 2.96 , 4.0 , 4 , 4
0 , 2.96 , 4.0 , 4 , 4
0 , 2.96 , 4.0 , 4 , 4
0 , 2.96 , 4.0 , 4 , 4
0 , 2.94 , 4.0 , 4 , 4
0 , 2.94 , 4.0 , 4 , 4
0 , 2.94 , 4.0 , 4 , 4
0 , 2.94 , 4.0 , 4 , 4
0 , 2.94 , 4.0 , 4 , 4
0 , 2.92 , 4.0 , 4 , 4
0 , 2.92 , 4.0 , 4 , 4
0 , 2.92 , 4.0 , 4 , 4
0 , 2.92 , 4.0 , 4 , 4
0 , 2.92 , 4.0 , 4 , 4
0 , 2.92 , 4.0 , 4 , 4
0 , 2.92 , 4.0 , 4 , 4
0 , 2.92 , 4.0 , 4 , 4
0 , 2.92 , 4.0 , 4 , 4
0 , 2.9 , 4.0 , 4 , 4
0 , 2.9 , 4.0 , 4 , 4
0 , 2.9 , 4.0 , 4 , 4
0 , 2.9 , 4.0 , 4 , 4
0 , 2.88 , 3.0 , 4 , 4
0 , 2.88 , 3.0 , 4 , 4
0 , 2.88 , 3.0 , 4 , 4
0 , 2.88 , 3.0 , 4 , 4
0 , 2.88 , 3.0 , 4 , 4
0 , 2.88 , 3.0 , 4 , 4
0 , 2.88 , 3.0 , 4 , 4
0 , 2.88 , 3.0 , 4 , 4
0 , 2.88 , 3.0 , 4 , 4
0 , 2.88 , 3.0 , 4 , 4
0 , 2.84 , 2.0 , 4 , 4
0 , 2.84 , 2.0 , 4 , 4
0 , 2.84 , 2.0 , 4 , 4
0 , 2.84 , 2.0 , 4 , 4
0 , 2.84 , 2.0 , 4 , 4
0 , 2.84 , 2.0 , 4 , 4
0 , 2.84 , 2.0 , 4 , 4
0 , 2.84 , 2.0 , 4 , 4
0 , 2.84 , 2.0 , 4 , 4
0 , 2.82 , 2.0 , 4 , 4
0 , 2.82 , 2.0 , 4 , 4
0 , 2.78 , 2.0 , 4 , 4
0 , 2.78 , 2.0 , 4 , 4
0 , 2.78 , 2.0 , 4 , 4
0 , 2.78 , 2.0 , 4 , 4
0 , 2.78 , 2.0 , 4 , 4
0 , 2.78 , 2.0 , 4 , 4
0 , 2.78 , 2.0 , 4 , 4
0 , 2.78 , 2.0 , 4 , 4
0 , 2.76 , 2.0 , 2 , 4
0 , 2.76 , 2.0 , 2 , 4
0 , 2.76 , 2.0 , 2 , 4
0 , 2.76 , 2.0 , 2 , 4
0 , 2.76 , 2.0 , 2 , 4
0 , 2.76 , 2.0 , 2 , 4
0 , 2.76 , 2.0 , 2 , 4
0 , 2.76 , 2.0 , 2 , 4
0 , 2.76 , 2.0 , 2 , 4
0 , 2.76 , 2.0 , 2 , 4
0 , 2.76 , 2.0 , 2 , 4
0 , 2.76 , 2.0 , 2 , 4
0 , 2.76 , 2.0 , 2 , 4
0 , 2.76 , 2.0 , 2 , 4
0 , 2.76 , 2.0 , 2 , 4
0 , 2.76 , 2.0 , 2 , 4
0 , 2.76 , 2.0 , 2 , 4
0 , 2.76 , 2.0 , 2 , 4
0 , 2.76 , 2.0 , 2 , 4
0 , 2.76 , 2.0 , 2 , 4
0 , 2.76 , 2.0 , 2 , 4
0 , 2.76 , 2.0 , 2 , 4
0 , 2.76 , 2.0 , 2 , 4
0 , 2.76 , 2.0 , 2 , 4
0 , 2.76 , 2.0 , 2 , 4
0 , 2.76 , 2.0 , 2 , 4
0 , 2.76 , 2.0 , 2 , 4
0 , 2.76 , 2.0 , 2 , 4
0 , 2.76 , 2.0 , 2 , 4
0 , 2.76 , 2.0 , 2 , 4
0 , 2.76 , 2.0 , 2 , 4
0 , 2.76 , 2.0 , 2 , 4
0 , 2.74 , 2.0 , 2 , 4
0 , 2.74 , 2.0 , 2 , 4
0 , 2.74 , 2.0 , 2 , 4
0 , 2.74 , 2.0 , 2 , 4
0 , 2.74 , 2.0 , 2 , 4
0 , 2.74 , 2.0 , 2 , 4
0 , 2.74 , 2.0 , 2 , 4
0 , 2.74 , 2.0 , 2 , 4
0 , 2.74 , 2.0 , 2 , 4
0 , 2.74 , 2.0 , 2 , 4
0 , 2.74 , 2.0 , 2 , 4
0 , 2.74 , 2.0 , 2 , 4
0 , 2.74 , 2.0 , 2 , 4
0 , 2.74 , 2.0 , 2 , 4
0 , 2.74 , 2.0 , 2 , 4
0 , 2.74 , 2.0 , 2 , 4
0 , 2.74 , 2.0 , 2 , 4
0 , 2.74 , 2.0 , 2 , 4
0 , 2.74 , 2.0 , 2 , 4
0 , 2.74 , 2.0 , 2 , 4
0 , 2.74 , 2.0 , 2 , 4
0 , 2.74 , 2.0 , 2 , 4
0 , 2.7 , 2.0 , 2 , 4
0 , 2.7 , 2.0 , 2 , 4
0 , 2.7 , 2.0 , 2 , 4
0 , 2.7 , 2.0 , 2 , 4
0 , 2.7 , 2.0 , 2 , 4
0 , 2.7 , 2.0 , 2 , 4
0 , 2.7 , 2.0 , 2 , 4
0 , 2.7 , 2.0 , 2 , 4
0 , 2.7 , 2.0 , 2 , 4
0 , 2.7 , 2.0 , 2 , 4
0 , 2.7 , 2.0 , 2 , 4
0 , 2.7 , 2.0 , 2 , 4
0 , 2.7 , 2.0 , 2 , 4
0 , 2.7 , 2.0 , 2 , 4
0 , 2.7 , 2.0 , 2 , 4
0 , 2.7 , 2.0 , 2 , 4
0 , 2.7 , 2.0 , 2 , 4
0 , 2.68 , 2.0 , 2 , 4
0 , 2.68 , 2.0 , 2 , 4
0 , 2.68 , 2.0 , 2 , 4
0 , 2.68 , 2.0 , 2 , 4
0 , 2.68 , 2.0 , 2 , 4
0 , 2.68 , 2.0 , 2 , 4
0 , 2.68 , 2.0 , 2 , 4
0 , 2.68 , 2.0 , 2 , 4
0 , 2.62 , 2.0 , 2 , 4
0 , 2.62 , 2.0 , 2 , 4
0 , 2.62 , 2.0 , 2 , 4
0 , 2.62 , 2.0 , 2 , 4
0 , 2.62 , 2.0 , 2 , 4
0 , 2.62 , 2.0 , 2 , 4
0 , 2.62 , 2.0 , 2 , 4
0 , 2.62 , 2.0 , 2 , 4
0 , 2.62 , 2.0 , 2 , 4
0 , 2.62 , 2.0 , 2 , 4
0 , 2.6 , 2.0 , 2 , 4
0 , 2.6 , 2.0 , 2 , 4
0 , 2.6 , 2.0 , 2 , 4
0 , 2.6 , 2.0 , 2 , 4
0 , 2.6 , 2.0 , 2 , 4
0 , 2.6 , 2.0 , 2 , 4
0 , 2.6 , 2.0 , 2 , 4
0 , 2.6 , 2.0 , 2 , 4
0 , 2.6 , 2.0 , 2 , 4
0 , 2.6 , 2.0 , 2 , 4
0 , 2.6 , 2.0 , 2 , 4
0 , 2.6 , 2.0 , 2 , 4
0 , 2.6 , 2.0 , 2 , 4
0 , 2.58 , 2.0 , 2 , 4
0 , 2.54 , 2.0 , 2 , 4
0 , 2.54 , 2.0 , 2 , 4
0 , 2.54 , 2.0 , 2 , 4
0 , 2.52 , 2.0 , 2 , 4
0 , 2.52 , 2.0 , 2 , 4
0 , 2.52 , 2.0 , 2 , 4
0 , 2.5 , 2.0 , 2 , 4
0 , 2.48 , 2.0 , 2 , 4
0 , 2.48 , 2.0 , 2 , 4
0 , 2.48 , 2.0 , 2 , 4
0 , 2.48 , 2.0 , 2 , 4
0 , 2.48 , 2.0 , 2 , 4
0 , 2.48 , 2.0 , 2 , 4
0 , 2.48 , 2.0 , 2 , 4
0 , 2.48 , 2.0 , 2 , 4
0 , 2.48 , 2.0 , 2 , 4
0 , 2.48 , 2.0 , 2 , 4
0 , 2.48 , 2.0 , 2 , 4
0 , 2.48 , 2.0 , 2 , 4
0 , 2.44 , 2.0 , 2 , 4
0 , 2.44 , 2.0 , 2 , 4
0 , 2.44 , 2.0 , 2 , 4
0 , 2.44 , 2.0 , 2 , 4
0 , 2.44 , 2.0 , 2 , 4
0 , 2.44 , 2.0 , 2 , 4
0 , 2.44 , 2.0 , 2 , 4
0 , 2.44 , 2.0 , 2 , 4
0 , 2.44 , 2.0 , 2 , 4
0 , 2.44 , 2.0 , 2 , 4
0 , 2.44 , 2.0 , 2 , 4
0 , 2.44 , 2.0 , 2 , 4
0 , 2.44 , 2.0 , 2 , 4
0 , 2.44 , 2.0 , 2 , 4
0 , 2.44 , 2.0 , 2 , 4
0 , 2.44 , 2.0 , 2 , 4
0 , 2.44 , 2.0 , 2 , 4
0 , 2.44 , 2.0 , 2 , 4
0 , 2.42 , 2.0 , 2 , 4
0 , 2.42 , 2.0 , 2 , 4
0 , 2.42 , 2.0 , 2 , 4
0 , 2.42 , 2.0 , 2 , 4
0 , 2.42 , 2.0 , 2 , 4
0 , 2.42 , 2.0 , 2 , 4
0 , 2.42 , 2.0 , 2 , 4
0 , 2.42 , 2.0 , 2 , 4
0 , 2.42 , 2.0 , 2 , 4
0 , 2.42 , 2.0 , 2 , 4
0 , 2.4 , 2.0 , 2 , 4
0 , 2.4 , 2.0 , 2 , 4
0 , 2.4 , 2.0 , 2 , 4
0 , 2.38 , 2.0 , 2 , 4
0 , 2.38 , 2.0 , 2 , 4
0 , 2.38 , 2.0 , 2 , 4
0 , 2.38 , 2.0 , 2 , 4
0 , 2.38 , 2.0 , 2 , 4
0 , 2.38 , 2.0 , 2 , 4
0 , 2.38 , 2.0 , 2 , 4
0 , 2.38 , 2.0 , 2 , 4
0 , 2.38 , 2.0 , 2 , 4
12  Perfect solutions
perfect solution individuals [[4, 6, 1, 5, 2, 0, 3, 7], [2, 4, 1, 7, 5, 3, 6, 0], [4, 6, 0, 3, 1, 7, 5, 2], [2, 5, 7, 1, 3, 0, 6, 4], [2, 7, 3, 6, 0, 5, 1, 4], [2, 4, 6, 0, 3, 1, 7, 5], [4, 6, 0, 3, 1, 7, 5, 2], [3, 5, 7, 1, 6, 0, 2, 4], [4, 6, 1, 3, 7, 0, 2, 5], [3, 1, 7, 4, 6, 0, 2, 5], [2, 4, 1, 7, 5, 3, 6, 0], [4, 6, 1, 5, 2, 0, 3, 7]]
