6 , 15.96 , 16.0 , 14 , 28
6 , 15.82 , 16.0 , 14 , 26
6 , 15.48 , 16.0 , 14 , 24
6 , 15.28 , 15.0 , 14 , 24
6 , 15.18 , 14.0 , 14 , 24
6 , 14.9 , 14.0 , 14 , 22
6 , 14.72 , 14.0 , 14 , 22
6 , 14.6 , 14.0 , 14 , 22
6 , 14.46 , 14.0 , 14 , 22
6 , 14.44 , 14.0 , 14 , 22
6 , 14.4 , 14.0 , 14 , 20
6 , 14.3 , 14.0 , 14 , 20
6 , 14.22 , 14.0 , 14 , 20
6 , 14.12 , 14.0 , 14 , 20
6 , 14.06 , 14.0 , 14 , 20
6 , 13.92 , 14.0 , 14 , 20
6 , 13.86 , 14.0 , 14 , 20
6 , 13.72 , 14.0 , 14 , 20
6 , 13.6 , 14.0 , 14 , 18
6 , 13.46 , 14.0 , 14 , 18
6 , 13.42 , 14.0 , 14 , 18
6 , 13.38 , 14.0 , 14 , 18
6 , 13.32 , 14.0 , 14 , 18
6 , 13.32 , 14.0 , 14 , 18
6 , 13.2 , 14.0 , 14 , 18
6 , 13.12 , 14.0 , 14 , 18
6 , 12.94 , 14.0 , 14 , 18
6 , 12.76 , 14.0 , 14 , 18
6 , 12.64 , 12.0 , 14 , 16
6 , 12.56 , 12.0 , 14 , 16
6 , 12.5 , 12.0 , 14 , 16
6 , 12.42 , 12.0 , 12 , 16
6 , 12.32 , 12.0 , 12 , 16
6 , 12.3 , 12.0 , 12 , 16
6 , 12.18 , 12.0 , 12 , 16
6 , 12.08 , 12.0 , 14 , 16
4 , 11.92 , 12.0 , 12 , 16
4 , 11.9 , 12.0 , 14 , 16
4 , 11.82 , 12.0 , 12 , 16
4 , 11.72 , 12.0 , 12 , 16
4 , 11.66 , 12.0 , 12 , 16
4 , 11.56 , 12.0 , 12 , 14
4 , 11.56 , 12.0 , 12 , 14
4 , 11.46 , 12.0 , 12 , 14
4 , 11.44 , 12.0 , 12 , 14
4 , 11.38 , 12.0 , 12 , 14
4 , 11.34 , 12.0 , 12 , 14
4 , 11.34 , 12.0 , 12 , 14
4 , 11.34 , 12.0 , 12 , 14
4 , 11.32 , 12.0 , 12 , 14
4 , 11.32 , 12.0 , 12 , 14
4 , 11.24 , 12.0 , 12 , 14
4 , 11.14 , 12.0 , 12 , 14
4 , 11.08 , 12.0 , 12 , 14
4 , 11.02 , 12.0 , 12 , 14
4 , 10.98 , 12.0 , 12 , 14
4 , 10.96 , 12.0 , 12 , 14
4 , 10.92 , 12.0 , 12 , 14
4 , 10.86 , 12.0 , 12 , 14
4 , 10.86 , 12.0 , 12 , 14
4 , 10.76 , 12.0 , 12 , 14
4 , 10.7 , 12.0 , 12 , 14
4 , 10.68 , 12.0 , 12 , 14
4 , 10.68 , 12.0 , 12 , 14
4 , 10.58 , 12.0 , 12 , 14
4 , 10.52 , 12.0 , 12 , 14
2 , 10.4 , 11.0 , 12 , 14
2 , 10.38 , 11.0 , 12 , 14
2 , 10.38 , 11.0 , 12 , 14
2 , 10.3 , 10.0 , 12 , 14
2 , 10.28 , 10.0 , 12 , 14
2 , 10.28 , 10.0 , 12 , 14
2 , 10.28 , 10.0 , 12 , 14
2 , 10.2 , 10.0 , 12 , 14
2 , 10.18 , 10.0 , 12 , 12
2 , 10.18 , 10.0 , 12 , 12
2 , 10.12 , 10.0 , 12 , 12
2 , 10.08 , 10.0 , 12 , 12
2 , 10.08 , 10.0 , 12 , 12
2 , 10.08 , 10.0 , 12 , 12
2 , 10.08 , 10.0 , 12 , 12
2 , 10.08 , 10.0 , 12 , 12
2 , 10.08 , 10.0 , 12 , 12
2 , 10.08 , 10.0 , 12 , 12
2 , 10.04 , 10.0 , 12 , 12
2 , 10.02 , 10.0 , 12 , 12
2 , 10.0 , 10.0 , 12 , 12
2 , 10.0 , 10.0 , 12 , 12
2 , 9.94 , 10.0 , 12 , 12
2 , 9.9 , 10.0 , 10 , 12
2 , 9.9 , 10.0 , 10 , 12
2 , 9.86 , 10.0 , 10 , 12
2 , 9.86 , 10.0 , 10 , 12
2 , 9.84 , 10.0 , 10 , 12
2 , 9.84 , 10.0 , 10 , 12
2 , 9.82 , 10.0 , 10 , 12
2 , 9.8 , 10.0 , 10 , 12
2 , 9.8 , 10.0 , 10 , 12
2 , 9.8 , 10.0 , 10 , 12
2 , 9.8 , 10.0 , 10 , 12
2 , 9.74 , 10.0 , 10 , 12
2 , 9.74 , 10.0 , 10 , 12
2 , 9.74 , 10.0 , 10 , 12
2 , 9.72 , 10.0 , 10 , 12
2 , 9.66 , 10.0 , 10 , 12
2 , 9.66 , 10.0 , 10 , 12
2 , 9.66 , 10.0 , 10 , 12
2 , 9.66 , 10.0 , 10 , 12
2 , 9.64 , 10.0 , 10 , 12
2 , 9.64 , 10.0 , 10 , 12
2 , 9.62 , 10.0 , 10 , 12
2 , 9.58 , 10.0 , 10 , 12
2 , 9.54 , 10.0 , 10 , 12
2 , 9.54 , 10.0 , 10 , 12
2 , 9.54 , 10.0 , 10 , 12
2 , 9.52 , 10.0 , 10 , 12
2 , 9.48 , 10.0 , 10 , 12
2 , 9.48 , 10.0 , 10 , 12
2 , 9.4 , 10.0 , 10 , 12
2 , 9.32 , 10.0 , 10 , 12
2 , 9.28 , 10.0 , 10 , 12
2 , 9.24 , 10.0 , 10 , 12
2 , 9.24 , 10.0 , 10 , 12
2 , 9.24 , 10.0 , 10 , 12
2 , 9.24 , 10.0 , 10 , 12
2 , 9.2 , 10.0 , 10 , 12
2 , 9.2 , 10.0 , 10 , 12
2 , 9.2 , 10.0 , 10 , 12
2 , 9.16 , 10.0 , 10 , 12
2 , 9.16 , 10.0 , 10 , 12
2 , 9.16 , 10.0 , 10 , 12
2 , 9.12 , 10.0 , 10 , 12
2 , 9.12 , 10.0 , 10 , 12
2 , 9.02 , 10.0 , 10 , 12
2 , 9.02 , 10.0 , 10 , 12
2 , 9.0 , 10.0 , 10 , 12
2 , 8.98 , 10.0 , 10 , 12
2 , 8.98 , 10.0 , 10 , 12
2 , 8.98 , 10.0 , 10 , 12
2 , 8.98 , 10.0 , 10 , 12
2 , 8.9 , 10.0 , 10 , 12
2 , 8.86 , 10.0 , 10 , 12
2 , 8.86 , 10.0 , 10 , 12
2 , 8.76 , 10.0 , 10 , 12
2 , 8.76 , 10.0 , 10 , 12
2 , 8.72 , 10.0 , 10 , 12
2 , 8.72 , 10.0 , 10 , 12
2 , 8.64 , 10.0 , 10 , 12
2 , 8.62 , 10.0 , 10 , 10
2 , 8.6 , 10.0 , 10 , 10
2 , 8.6 , 10.0 , 10 , 10
2 , 8.56 , 10.0 , 10 , 10
2 , 8.56 , 10.0 , 10 , 10
2 , 8.56 , 10.0 , 10 , 10
2 , 8.56 , 10.0 , 10 , 10
2 , 8.56 , 10.0 , 10 , 10
2 , 8.48 , 10.0 , 10 , 10
2 , 8.48 , 10.0 , 10 , 10
2 , 8.48 , 10.0 , 10 , 10
2 , 8.48 , 10.0 , 10 , 10
2 , 8.48 , 10.0 , 10 , 10
2 , 8.48 , 10.0 , 10 , 10
2 , 8.48 , 10.0 , 10 , 10
2 , 8.48 , 10.0 , 10 , 10
2 , 8.48 , 10.0 , 10 , 10
2 , 8.46 , 10.0 , 10 , 10
2 , 8.46 , 10.0 , 10 , 10
2 , 8.42 , 10.0 , 10 , 10
2 , 8.42 , 10.0 , 10 , 10
2 , 8.42 , 10.0 , 10 , 10
2 , 8.38 , 9.0 , 10 , 10
2 , 8.38 , 9.0 , 10 , 10
2 , 8.38 , 9.0 , 10 , 10
2 , 8.38 , 9.0 , 10 , 10
2 , 8.32 , 8.0 , 10 , 10
2 , 8.32 , 8.0 , 10 , 10
2 , 8.28 , 8.0 , 10 , 10
2 , 8.28 , 8.0 , 10 , 10
2 , 8.28 , 8.0 , 10 , 10
2 , 8.28 , 8.0 , 10 , 10
2 , 8.26 , 8.0 , 10 , 10
2 , 8.26 , 8.0 , 10 , 10
2 , 8.24 , 8.0 , 10 , 10
2 , 8.22 , 8.0 , 10 , 10
2 , 8.22 , 8.0 , 10 , 10
2 , 8.2 , 8.0 , 10 , 10
2 , 8.2 , 8.0 , 10 , 10
2 , 8.2 , 8.0 , 10 , 10
2 , 8.2 , 8.0 , 10 , 10
2 , 8.18 , 8.0 , 10 , 10
2 , 8.18 , 8.0 , 10 , 10
2 , 8.14 , 8.0 , 10 , 10
2 , 8.08 , 8.0 , 10 , 10
2 , 8.08 , 8.0 , 10 , 10
2 , 8.06 , 8.0 , 10 , 10
2 , 8.06 , 8.0 , 10 , 10
2 , 8.06 , 8.0 , 10 , 10
2 , 8.02 , 8.0 , 10 , 10
2 , 8.02 , 8.0 , 10 , 10
2 , 7.98 , 8.0 , 10 , 10
2 , 7.98 , 8.0 , 10 , 10
2 , 7.98 , 8.0 , 10 , 10
2 , 7.98 , 8.0 , 10 , 10
2 , 7.96 , 8.0 , 10 , 10
2 , 7.96 , 8.0 , 10 , 10
2 , 7.96 , 8.0 , 10 , 10
2 , 7.96 , 8.0 , 10 , 10
2 , 7.96 , 8.0 , 10 , 10
2 , 7.9 , 8.0 , 8 , 10
2 , 7.9 , 8.0 , 8 , 10
2 , 7.9 , 8.0 , 8 , 10
2 , 7.9 , 8.0 , 8 , 10
2 , 7.9 , 8.0 , 8 , 10
2 , 7.9 , 8.0 , 8 , 10
2 , 7.9 , 8.0 , 8 , 10
2 , 7.86 , 8.0 , 8 , 10
2 , 7.86 , 8.0 , 8 , 10
2 , 7.86 , 8.0 , 8 , 10
2 , 7.86 , 8.0 , 8 , 10
2 , 7.86 , 8.0 , 8 , 10
2 , 7.86 , 8.0 , 8 , 10
2 , 7.86 , 8.0 , 8 , 10
2 , 7.84 , 8.0 , 8 , 10
2 , 7.8 , 8.0 , 8 , 10
2 , 7.8 , 8.0 , 8 , 10
2 , 7.8 , 8.0 , 8 , 10
2 , 7.78 , 8.0 , 8 , 10
2 , 7.78 , 8.0 , 8 , 10
2 , 7.78 , 8.0 , 8 , 10
2 , 7.7 , 8.0 , 8 , 10
2 , 7.7 , 8.0 , 8 , 10
2 , 7.7 , 8.0 , 8 , 10
2 , 7.7 , 8.0 , 8 , 10
2 , 7.7 , 8.0 , 8 , 10
2 , 7.68 , 8.0 , 8 , 10
2 , 7.66 , 8.0 , 8 , 10
2 , 7.62 , 8.0 , 8 , 10
2 , 7.62 , 8.0 , 8 , 10
2 , 7.58 , 8.0 , 8 , 10
2 , 7.58 , 8.0 , 8 , 10
2 , 7.58 , 8.0 , 8 , 10
2 , 7.58 , 8.0 , 8 , 10
2 , 7.58 , 8.0 , 8 , 10
2 , 7.56 , 8.0 , 8 , 10
2 , 7.56 , 8.0 , 8 , 10
2 , 7.56 , 8.0 , 8 , 10
2 , 7.56 , 8.0 , 8 , 10
2 , 7.56 , 8.0 , 8 , 10
2 , 7.56 , 8.0 , 8 , 10
2 , 7.56 , 8.0 , 8 , 10
2 , 7.56 , 8.0 , 8 , 10
2 , 7.56 , 8.0 , 8 , 10
2 , 7.56 , 8.0 , 8 , 10
2 , 7.56 , 8.0 , 8 , 10
2 , 7.56 , 8.0 , 8 , 10
2 , 7.54 , 8.0 , 8 , 10
2 , 7.54 , 8.0 , 8 , 10
2 , 7.52 , 8.0 , 8 , 10
2 , 7.52 , 8.0 , 8 , 10
2 , 7.52 , 8.0 , 8 , 10
2 , 7.5 , 8.0 , 8 , 10
2 , 7.5 , 8.0 , 8 , 10
2 , 7.44 , 8.0 , 8 , 10
2 , 7.42 , 8.0 , 8 , 10
2 , 7.42 , 8.0 , 8 , 10
2 , 7.42 , 8.0 , 8 , 10
2 , 7.42 , 8.0 , 8 , 10
2 , 7.4 , 8.0 , 8 , 10
2 , 7.4 , 8.0 , 8 , 10
2 , 7.4 , 8.0 , 8 , 10
2 , 7.36 , 8.0 , 8 , 10
2 , 7.32 , 8.0 , 8 , 10
2 , 7.28 , 8.0 , 8 , 10
2 , 7.28 , 8.0 , 8 , 10
2 , 7.28 , 8.0 , 8 , 10
2 , 7.24 , 8.0 , 8 , 10
2 , 7.2 , 8.0 , 8 , 10
2 , 7.2 , 8.0 , 8 , 10
2 , 7.2 , 8.0 , 8 , 10
2 , 7.14 , 8.0 , 8 , 10
2 , 7.12 , 8.0 , 8 , 10
2 , 7.1 , 8.0 , 8 , 10
2 , 7.1 , 8.0 , 8 , 10
2 , 7.1 , 8.0 , 8 , 10
2 , 7.06 , 8.0 , 8 , 10
2 , 7.06 , 8.0 , 8 , 10
2 , 7.06 , 8.0 , 8 , 10
2 , 7.04 , 8.0 , 8 , 10
2 , 7.04 , 8.0 , 8 , 10
2 , 7.0 , 8.0 , 8 , 10
2 , 7.0 , 8.0 , 8 , 10
2 , 6.98 , 8.0 , 8 , 10
2 , 6.98 , 8.0 , 8 , 10
2 , 6.98 , 8.0 , 8 , 10
2 , 6.98 , 8.0 , 8 , 10
2 , 6.94 , 8.0 , 8 , 10
2 , 6.94 , 8.0 , 8 , 10
2 , 6.94 , 8.0 , 8 , 10
2 , 6.94 , 8.0 , 8 , 10
2 , 6.94 , 8.0 , 8 , 10
2 , 6.9 , 8.0 , 8 , 10
2 , 6.88 , 8.0 , 8 , 10
2 , 6.88 , 8.0 , 8 , 10
2 , 6.84 , 8.0 , 8 , 8
2 , 6.82 , 7.0 , 8 , 8
2 , 6.82 , 7.0 , 8 , 8
2 , 6.82 , 7.0 , 8 , 8
2 , 6.8 , 6.0 , 8 , 8
2 , 6.76 , 6.0 , 8 , 8
2 , 6.76 , 6.0 , 8 , 8
2 , 6.76 , 6.0 , 8 , 8
2 , 6.76 , 6.0 , 8 , 8
2 , 6.76 , 6.0 , 8 , 8
2 , 6.76 , 6.0 , 8 , 8
2 , 6.76 , 6.0 , 8 , 8
2 , 6.76 , 6.0 , 8 , 8
2 , 6.76 , 6.0 , 8 , 8
2 , 6.76 , 6.0 , 8 , 8
2 , 6.76 , 6.0 , 8 , 8
2 , 6.76 , 6.0 , 8 , 8
2 , 6.76 , 6.0 , 8 , 8
2 , 6.76 , 6.0 , 8 , 8
2 , 6.76 , 6.0 , 8 , 8
2 , 6.72 , 6.0 , 8 , 8
2 , 6.72 , 6.0 , 8 , 8
2 , 6.72 , 6.0 , 8 , 8
2 , 6.72 , 6.0 , 8 , 8
2 , 6.7 , 6.0 , 6 , 8
2 , 6.7 , 6.0 , 6 , 8
2 , 6.7 , 6.0 , 6 , 8
2 , 6.7 , 6.0 , 6 , 8
2 , 6.7 , 6.0 , 6 , 8
2 , 6.7 , 6.0 , 6 , 8
2 , 6.7 , 6.0 , 6 , 8
2 , 6.7 , 6.0 , 6 , 8
2 , 6.7 , 6.0 , 6 , 8
2 , 6.7 , 6.0 , 6 , 8
2 , 6.7 , 6.0 , 6 , 8
2 , 6.7 , 6.0 , 6 , 8
2 , 6.68 , 6.0 , 6 , 8
2 , 6.68 , 6.0 , 6 , 8
2 , 6.68 , 6.0 , 6 , 8
2 , 6.68 , 6.0 , 6 , 8
2 , 6.68 , 6.0 , 6 , 8
2 , 6.68 , 6.0 , 6 , 8
2 , 6.68 , 6.0 , 6 , 8
2 , 6.66 , 6.0 , 6 , 8
2 , 6.66 , 6.0 , 6 , 8
2 , 6.66 , 6.0 , 6 , 8
2 , 6.66 , 6.0 , 6 , 8
2 , 6.66 , 6.0 , 6 , 8
2 , 6.66 , 6.0 , 6 , 8
2 , 6.66 , 6.0 , 6 , 8
2 , 6.66 , 6.0 , 6 , 8
2 , 6.66 , 6.0 , 6 , 8
2 , 6.66 , 6.0 , 6 , 8
2 , 6.66 , 6.0 , 6 , 8
2 , 6.64 , 6.0 , 6 , 8
2 , 6.64 , 6.0 , 6 , 8
2 , 6.64 , 6.0 , 6 , 8
2 , 6.64 , 6.0 , 6 , 8
2 , 6.64 , 6.0 , 6 , 8
2 , 6.64 , 6.0 , 6 , 8
2 , 6.62 , 6.0 , 6 , 8
2 , 6.62 , 6.0 , 6 , 8
2 , 6.62 , 6.0 , 6 , 8
2 , 6.62 , 6.0 , 6 , 8
2 , 6.58 , 6.0 , 6 , 8
2 , 6.54 , 6.0 , 6 , 8
2 , 6.54 , 6.0 , 6 , 8
2 , 6.5 , 6.0 , 6 , 8
2 , 6.5 , 6.0 , 6 , 8
2 , 6.5 , 6.0 , 6 , 8
2 , 6.46 , 6.0 , 6 , 8
2 , 6.46 , 6.0 , 6 , 8
2 , 6.46 , 6.0 , 6 , 8
2 , 6.44 , 6.0 , 6 , 8
2 , 6.44 , 6.0 , 6 , 8
2 , 6.44 , 6.0 , 6 , 8
2 , 6.44 , 6.0 , 6 , 8
2 , 6.44 , 6.0 , 6 , 8
2 , 6.44 , 6.0 , 6 , 8
2 , 6.44 , 6.0 , 6 , 8
2 , 6.44 , 6.0 , 6 , 8
2 , 6.44 , 6.0 , 6 , 8
2 , 6.44 , 6.0 , 6 , 8
2 , 6.44 , 6.0 , 6 , 8
2 , 6.42 , 6.0 , 6 , 8
2 , 6.4 , 6.0 , 6 , 8
2 , 6.4 , 6.0 , 6 , 8
2 , 6.4 , 6.0 , 6 , 8
2 , 6.4 , 6.0 , 6 , 8
2 , 6.4 , 6.0 , 6 , 8
2 , 6.4 , 6.0 , 6 , 8
2 , 6.4 , 6.0 , 6 , 8
2 , 6.4 , 6.0 , 6 , 8
2 , 6.38 , 6.0 , 6 , 8
2 , 6.38 , 6.0 , 6 , 8
2 , 6.38 , 6.0 , 6 , 8
2 , 6.38 , 6.0 , 6 , 8
2 , 6.38 , 6.0 , 6 , 8
2 , 6.38 , 6.0 , 6 , 8
2 , 6.38 , 6.0 , 6 , 8
2 , 6.38 , 6.0 , 6 , 8
2 , 6.38 , 6.0 , 6 , 8
2 , 6.38 , 6.0 , 6 , 8
2 , 6.38 , 6.0 , 6 , 8
2 , 6.38 , 6.0 , 6 , 8
2 , 6.38 , 6.0 , 6 , 8
2 , 6.38 , 6.0 , 6 , 8
2 , 6.38 , 6.0 , 6 , 8
2 , 6.36 , 6.0 , 6 , 8
2 , 6.36 , 6.0 , 6 , 8
2 , 6.36 , 6.0 , 6 , 8
2 , 6.36 , 6.0 , 6 , 8
2 , 6.36 , 6.0 , 6 , 8
2 , 6.36 , 6.0 , 6 , 8
2 , 6.36 , 6.0 , 6 , 8
2 , 6.36 , 6.0 , 6 , 8
2 , 6.36 , 6.0 , 6 , 8
2 , 6.36 , 6.0 , 6 , 8
2 , 6.36 , 6.0 , 6 , 8
2 , 6.36 , 6.0 , 6 , 8
2 , 6.36 , 6.0 , 6 , 8
2 , 6.36 , 6.0 , 6 , 8
2 , 6.36 , 6.0 , 6 , 8
2 , 6.36 , 6.0 , 6 , 8
2 , 6.36 , 6.0 , 6 , 8
2 , 6.34 , 6.0 , 6 , 8
2 , 6.34 , 6.0 , 6 , 8
2 , 6.34 , 6.0 , 6 , 8
2 , 6.34 , 6.0 , 6 , 8
2 , 6.34 , 6.0 , 6 , 8
2 , 6.34 , 6.0 , 6 , 8
2 , 6.3 , 6.0 , 6 , 8
2 , 6.3 , 6.0 , 6 , 8
2 , 6.3 , 6.0 , 6 , 8
2 , 6.3 , 6.0 , 6 , 8
2 , 6.3 , 6.0 , 6 , 8
2 , 6.28 , 6.0 , 6 , 8
2 , 6.28 , 6.0 , 6 , 8
2 , 6.28 , 6.0 , 6 , 8
2 , 6.28 , 6.0 , 6 , 8
2 , 6.28 , 6.0 , 6 , 8
2 , 6.28 , 6.0 , 6 , 8
2 , 6.28 , 6.0 , 6 , 8
2 , 6.28 , 6.0 , 6 , 8
2 , 6.28 , 6.0 , 6 , 8
2 , 6.28 , 6.0 , 6 , 8
2 , 6.28 , 6.0 , 6 , 8
2 , 6.26 , 6.0 , 6 , 8
2 , 6.26 , 6.0 , 6 , 8
2 , 6.26 , 6.0 , 6 , 8
2 , 6.24 , 6.0 , 6 , 8
2 , 6.24 , 6.0 , 6 , 8
2 , 6.24 , 6.0 , 6 , 8
2 , 6.24 , 6.0 , 6 , 8
2 , 6.24 , 6.0 , 6 , 8
2 , 6.24 , 6.0 , 6 , 8
2 , 6.24 , 6.0 , 6 , 8
2 , 6.24 , 6.0 , 6 , 8
2 , 6.24 , 6.0 , 6 , 8
2 , 6.24 , 6.0 , 6 , 8
2 , 6.24 , 6.0 , 6 , 8
2 , 6.22 , 6.0 , 6 , 8
2 , 6.22 , 6.0 , 6 , 8
2 , 6.22 , 6.0 , 6 , 8
2 , 6.22 , 6.0 , 6 , 8
2 , 6.22 , 6.0 , 6 , 8
2 , 6.2 , 6.0 , 6 , 8
2 , 6.2 , 6.0 , 6 , 8
2 , 6.2 , 6.0 , 6 , 8
2 , 6.16 , 6.0 , 6 , 8
2 , 6.16 , 6.0 , 6 , 8
2 , 6.16 , 6.0 , 6 , 8
2 , 6.16 , 6.0 , 6 , 8
2 , 6.16 , 6.0 , 6 , 8
2 , 6.16 , 6.0 , 6 , 8
2 , 6.16 , 6.0 , 6 , 8
2 , 6.16 , 6.0 , 6 , 8
2 , 6.16 , 6.0 , 6 , 8
2 , 6.16 , 6.0 , 6 , 8
2 , 6.16 , 6.0 , 6 , 8
2 , 6.16 , 6.0 , 6 , 8
2 , 6.16 , 6.0 , 6 , 8
2 , 6.14 , 6.0 , 6 , 8
2 , 6.12 , 6.0 , 6 , 8
2 , 6.12 , 6.0 , 6 , 8
2 , 6.12 , 6.0 , 6 , 8
2 , 6.08 , 6.0 , 6 , 8
2 , 6.08 , 6.0 , 6 , 8
2 , 6.08 , 6.0 , 6 , 8
2 , 6.08 , 6.0 , 6 , 8
2 , 6.06 , 6.0 , 6 , 8
2 , 6.06 , 6.0 , 6 , 8
2 , 6.06 , 6.0 , 6 , 8
2 , 6.06 , 6.0 , 6 , 8
2 , 6.06 , 6.0 , 6 , 8
2 , 6.06 , 6.0 , 6 , 8
2 , 6.06 , 6.0 , 6 , 8
2 , 6.06 , 6.0 , 6 , 8
2 , 6.06 , 6.0 , 6 , 8
2 , 6.06 , 6.0 , 6 , 8
2 , 6.06 , 6.0 , 6 , 8
2 , 6.02 , 6.0 , 6 , 8
2 , 6.02 , 6.0 , 6 , 8
2 , 6.02 , 6.0 , 6 , 8
2 , 6.02 , 6.0 , 6 , 8
2 , 6.0 , 6.0 , 6 , 8
2 , 5.96 , 6.0 , 6 , 8
2 , 5.94 , 6.0 , 6 , 8
2 , 5.94 , 6.0 , 6 , 8
2 , 5.94 , 6.0 , 6 , 8
2 , 5.94 , 6.0 , 6 , 8
2 , 5.92 , 6.0 , 6 , 8
2 , 5.92 , 6.0 , 6 , 8
2 , 5.92 , 6.0 , 6 , 8
2 , 5.9 , 6.0 , 6 , 8
2 , 5.9 , 6.0 , 6 , 8
2 , 5.88 , 6.0 , 6 , 8
2 , 5.88 , 6.0 , 6 , 8
2 , 5.88 , 6.0 , 6 , 8
2 , 5.88 , 6.0 , 6 , 8
2 , 5.86 , 6.0 , 6 , 8
2 , 5.84 , 6.0 , 6 , 8
2 , 5.84 , 6.0 , 6 , 8
2 , 5.84 , 6.0 , 6 , 8
2 , 5.84 , 6.0 , 6 , 8
2 , 5.84 , 6.0 , 6 , 8
2 , 5.84 , 6.0 , 6 , 8
2 , 5.84 , 6.0 , 6 , 8
2 , 5.84 , 6.0 , 6 , 8
2 , 5.84 , 6.0 , 6 , 8
2 , 5.84 , 6.0 , 6 , 8
2 , 5.84 , 6.0 , 6 , 8
2 , 5.8 , 6.0 , 6 , 8
2 , 5.74 , 6.0 , 6 , 8
2 , 5.74 , 6.0 , 6 , 8
2 , 5.74 , 6.0 , 6 , 8
2 , 5.74 , 6.0 , 6 , 8
2 , 5.72 , 6.0 , 6 , 8
2 , 5.72 , 6.0 , 6 , 8
2 , 5.72 , 6.0 , 6 , 8
2 , 5.72 , 6.0 , 6 , 8
2 , 5.72 , 6.0 , 6 , 8
2 , 5.7 , 6.0 , 6 , 8
2 , 5.7 , 6.0 , 6 , 8
2 , 5.7 , 6.0 , 6 , 8
2 , 5.7 , 6.0 , 6 , 8
2 , 5.7 , 6.0 , 6 , 8
2 , 5.7 , 6.0 , 6 , 8
2 , 5.7 , 6.0 , 6 , 8
2 , 5.7 , 6.0 , 6 , 8
2 , 5.7 , 6.0 , 6 , 8
2 , 5.7 , 6.0 , 6 , 8
2 , 5.7 , 6.0 , 6 , 8
2 , 5.7 , 6.0 , 6 , 8
2 , 5.68 , 6.0 , 6 , 8
2 , 5.66 , 6.0 , 6 , 8
2 , 5.66 , 6.0 , 6 , 8
2 , 5.66 , 6.0 , 6 , 8
2 , 5.62 , 6.0 , 6 , 8
2 , 5.62 , 6.0 , 6 , 8
2 , 5.62 , 6.0 , 6 , 8
2 , 5.62 , 6.0 , 6 , 8
2 , 5.6 , 6.0 , 6 , 8
2 , 5.6 , 6.0 , 6 , 8
2 , 5.6 , 6.0 , 6 , 8
2 , 5.58 , 6.0 , 6 , 8
2 , 5.58 , 6.0 , 6 , 8
2 , 5.58 , 6.0 , 6 , 8
2 , 5.58 , 6.0 , 6 , 8
2 , 5.58 , 6.0 , 6 , 8
2 , 5.58 , 6.0 , 6 , 8
2 , 5.56 , 6.0 , 6 , 6
2 , 5.56 , 6.0 , 6 , 6
2 , 5.56 , 6.0 , 6 , 6
2 , 5.56 , 6.0 , 6 , 6
2 , 5.56 , 6.0 , 6 , 6
2 , 5.56 , 6.0 , 6 , 6
2 , 5.56 , 6.0 , 6 , 6
2 , 5.54 , 6.0 , 6 , 6
2 , 5.54 , 6.0 , 6 , 6
2 , 5.52 , 6.0 , 6 , 6
2 , 5.52 , 6.0 , 6 , 6
2 , 5.5 , 6.0 , 6 , 6
2 , 5.5 , 6.0 , 6 , 6
2 , 5.5 , 6.0 , 6 , 6
2 , 5.5 , 6.0 , 6 , 6
2 , 5.5 , 6.0 , 6 , 6
2 , 5.5 , 6.0 , 6 , 6
2 , 5.5 , 6.0 , 6 , 6
2 , 5.5 , 6.0 , 6 , 6
2 , 5.5 , 6.0 , 6 , 6
2 , 5.5 , 6.0 , 6 , 6
2 , 5.5 , 6.0 , 6 , 6
2 , 5.5 , 6.0 , 6 , 6
2 , 5.5 , 6.0 , 6 , 6
2 , 5.5 , 6.0 , 6 , 6
2 , 5.5 , 6.0 , 6 , 6
2 , 5.5 , 6.0 , 6 , 6
2 , 5.48 , 6.0 , 6 , 6
2 , 5.48 , 6.0 , 6 , 6
2 , 5.48 , 6.0 , 6 , 6
2 , 5.48 , 6.0 , 6 , 6
2 , 5.48 , 6.0 , 6 , 6
2 , 5.48 , 6.0 , 6 , 6
2 , 5.48 , 6.0 , 6 , 6
2 , 5.48 , 6.0 , 6 , 6
2 , 5.48 , 6.0 , 6 , 6
2 , 5.48 , 6.0 , 6 , 6
2 , 5.48 , 6.0 , 6 , 6
2 , 5.48 , 6.0 , 6 , 6
2 , 5.48 , 6.0 , 6 , 6
2 , 5.48 , 6.0 , 6 , 6
2 , 5.48 , 6.0 , 6 , 6
2 , 5.48 , 6.0 , 6 , 6
2 , 5.48 , 6.0 , 6 , 6
2 , 5.48 , 6.0 , 6 , 6
2 , 5.48 , 6.0 , 6 , 6
2 , 5.48 , 6.0 , 6 , 6
2 , 5.48 , 6.0 , 6 , 6
2 , 5.48 , 6.0 , 6 , 6
2 , 5.48 , 6.0 , 6 , 6
2 , 5.48 , 6.0 , 6 , 6
2 , 5.46 , 6.0 , 6 , 6
2 , 5.46 , 6.0 , 6 , 6
2 , 5.46 , 6.0 , 6 , 6
2 , 5.46 , 6.0 , 6 , 6
2 , 5.46 , 6.0 , 6 , 6
2 , 5.46 , 6.0 , 6 , 6
2 , 5.46 , 6.0 , 6 , 6
2 , 5.46 , 6.0 , 6 , 6
2 , 5.46 , 6.0 , 6 , 6
2 , 5.46 , 6.0 , 6 , 6
2 , 5.46 , 6.0 , 6 , 6
2 , 5.46 , 6.0 , 6 , 6
2 , 5.46 , 6.0 , 6 , 6
2 , 5.46 , 6.0 , 6 , 6
2 , 5.46 , 6.0 , 6 , 6
2 , 5.46 , 6.0 , 6 , 6
2 , 5.46 , 6.0 , 6 , 6
2 , 5.46 , 6.0 , 6 , 6
2 , 5.46 , 6.0 , 6 , 6
2 , 5.46 , 6.0 , 6 , 6
2 , 5.46 , 6.0 , 6 , 6
2 , 5.44 , 6.0 , 6 , 6
2 , 5.44 , 6.0 , 6 , 6
2 , 5.44 , 6.0 , 6 , 6
2 , 5.44 , 6.0 , 6 , 6
2 , 5.44 , 6.0 , 6 , 6
2 , 5.44 , 6.0 , 6 , 6
2 , 5.44 , 6.0 , 6 , 6
2 , 5.44 , 6.0 , 6 , 6
2 , 5.44 , 6.0 , 6 , 6
2 , 5.42 , 6.0 , 6 , 6
2 , 5.42 , 6.0 , 6 , 6
2 , 5.42 , 6.0 , 6 , 6
2 , 5.42 , 6.0 , 6 , 6
2 , 5.42 , 6.0 , 6 , 6
2 , 5.42 , 6.0 , 6 , 6
2 , 5.42 , 6.0 , 6 , 6
2 , 5.38 , 6.0 , 6 , 6
2 , 5.38 , 6.0 , 6 , 6
2 , 5.38 , 6.0 , 6 , 6
2 , 5.38 , 6.0 , 6 , 6
2 , 5.38 , 6.0 , 6 , 6
2 , 5.38 , 6.0 , 6 , 6
2 , 5.38 , 6.0 , 6 , 6
2 , 5.38 , 6.0 , 6 , 6
2 , 5.38 , 6.0 , 6 , 6
2 , 5.36 , 6.0 , 6 , 6
2 , 5.36 , 6.0 , 6 , 6
2 , 5.36 , 6.0 , 6 , 6
2 , 5.36 , 6.0 , 6 , 6
2 , 5.36 , 6.0 , 6 , 6
2 , 5.36 , 6.0 , 6 , 6
2 , 5.36 , 6.0 , 6 , 6
2 , 5.36 , 6.0 , 6 , 6
2 , 5.36 , 6.0 , 6 , 6
2 , 5.36 , 6.0 , 6 , 6
2 , 5.36 , 6.0 , 6 , 6
2 , 5.36 , 6.0 , 6 , 6
2 , 5.36 , 6.0 , 6 , 6
2 , 5.36 , 6.0 , 6 , 6
2 , 5.36 , 6.0 , 6 , 6
2 , 5.36 , 6.0 , 6 , 6
2 , 5.36 , 6.0 , 6 , 6
2 , 5.36 , 6.0 , 6 , 6
2 , 5.36 , 6.0 , 6 , 6
2 , 5.36 , 6.0 , 6 , 6
2 , 5.36 , 6.0 , 6 , 6
2 , 5.36 , 6.0 , 6 , 6
2 , 5.36 , 6.0 , 6 , 6
2 , 5.36 , 6.0 , 6 , 6
2 , 5.36 , 6.0 , 6 , 6
2 , 5.36 , 6.0 , 6 , 6
2 , 5.36 , 6.0 , 6 , 6
2 , 5.34 , 6.0 , 6 , 6
2 , 5.34 , 6.0 , 6 , 6
2 , 5.34 , 6.0 , 6 , 6
2 , 5.34 , 6.0 , 6 , 6
2 , 5.34 , 6.0 , 6 , 6
2 , 5.34 , 6.0 , 6 , 6
2 , 5.34 , 6.0 , 6 , 6
2 , 5.34 , 6.0 , 6 , 6
2 , 5.34 , 6.0 , 6 , 6
2 , 5.34 , 6.0 , 6 , 6
2 , 5.34 , 6.0 , 6 , 6
2 , 5.34 , 6.0 , 6 , 6
2 , 5.34 , 6.0 , 6 , 6
2 , 5.34 , 6.0 , 6 , 6
2 , 5.34 , 6.0 , 6 , 6
2 , 5.34 , 6.0 , 6 , 6
2 , 5.34 , 6.0 , 6 , 6
2 , 5.34 , 6.0 , 6 , 6
2 , 5.32 , 6.0 , 6 , 6
2 , 5.32 , 6.0 , 6 , 6
2 , 5.3 , 6.0 , 6 , 6
2 , 5.3 , 6.0 , 6 , 6
2 , 5.3 , 6.0 , 6 , 6
2 , 5.3 , 6.0 , 6 , 6
2 , 5.3 , 6.0 , 6 , 6
2 , 5.3 , 6.0 , 6 , 6
2 , 5.3 , 6.0 , 6 , 6
2 , 5.3 , 6.0 , 6 , 6
2 , 5.3 , 6.0 , 6 , 6
2 , 5.3 , 6.0 , 6 , 6
2 , 5.3 , 6.0 , 6 , 6
2 , 5.3 , 6.0 , 6 , 6
2 , 5.3 , 6.0 , 6 , 6
2 , 5.3 , 6.0 , 6 , 6
2 , 5.28 , 6.0 , 6 , 6
2 , 5.28 , 6.0 , 6 , 6
2 , 5.28 , 6.0 , 6 , 6
2 , 5.28 , 6.0 , 6 , 6
2 , 5.28 , 6.0 , 6 , 6
2 , 5.28 , 6.0 , 6 , 6
2 , 5.28 , 6.0 , 6 , 6
2 , 5.28 , 6.0 , 6 , 6
2 , 5.28 , 6.0 , 6 , 6
2 , 5.28 , 6.0 , 6 , 6
2 , 5.28 , 6.0 , 6 , 6
2 , 5.26 , 6.0 , 6 , 6
2 , 5.26 , 6.0 , 6 , 6
2 , 5.26 , 6.0 , 6 , 6
2 , 5.26 , 6.0 , 6 , 6
2 , 5.26 , 6.0 , 6 , 6
2 , 5.26 , 6.0 , 6 , 6
2 , 5.22 , 6.0 , 6 , 6
2 , 5.22 , 6.0 , 6 , 6
2 , 5.22 , 6.0 , 6 , 6
2 , 5.22 , 6.0 , 6 , 6
2 , 5.22 , 6.0 , 6 , 6
2 , 5.22 , 6.0 , 6 , 6
2 , 5.22 , 6.0 , 6 , 6
2 , 5.22 , 6.0 , 6 , 6
2 , 5.22 , 6.0 , 6 , 6
2 , 5.22 , 6.0 , 6 , 6
2 , 5.22 , 6.0 , 6 , 6
2 , 5.22 , 6.0 , 6 , 6
2 , 5.22 , 6.0 , 6 , 6
2 , 5.22 , 6.0 , 6 , 6
2 , 5.22 , 6.0 , 6 , 6
2 , 5.22 , 6.0 , 6 , 6
2 , 5.22 , 6.0 , 6 , 6
2 , 5.22 , 6.0 , 6 , 6
2 , 5.22 , 6.0 , 6 , 6
2 , 5.22 , 6.0 , 6 , 6
2 , 5.22 , 6.0 , 6 , 6
2 , 5.22 , 6.0 , 6 , 6
2 , 5.22 , 6.0 , 6 , 6
2 , 5.2 , 6.0 , 6 , 6
2 , 5.2 , 6.0 , 6 , 6
2 , 5.2 , 6.0 , 6 , 6
2 , 5.2 , 6.0 , 6 , 6
2 , 5.2 , 6.0 , 6 , 6
2 , 5.2 , 6.0 , 6 , 6
2 , 5.2 , 6.0 , 6 , 6
2 , 5.2 , 6.0 , 6 , 6
2 , 5.2 , 6.0 , 6 , 6
2 , 5.2 , 6.0 , 6 , 6
2 , 5.2 , 6.0 , 6 , 6
2 , 5.2 , 6.0 , 6 , 6
2 , 5.2 , 6.0 , 6 , 6
2 , 5.2 , 6.0 , 6 , 6
2 , 5.2 , 6.0 , 6 , 6
2 , 5.2 , 6.0 , 6 , 6
2 , 5.2 , 6.0 , 6 , 6
2 , 5.2 , 6.0 , 6 , 6
2 , 5.2 , 6.0 , 6 , 6
2 , 5.2 , 6.0 , 6 , 6
2 , 5.2 , 6.0 , 6 , 6
2 , 5.18 , 6.0 , 6 , 6
2 , 5.18 , 6.0 , 6 , 6
2 , 5.18 , 6.0 , 6 , 6
2 , 5.18 , 6.0 , 6 , 6
2 , 5.18 , 6.0 , 6 , 6
2 , 5.16 , 6.0 , 6 , 6
2 , 5.16 , 6.0 , 6 , 6
2 , 5.16 , 6.0 , 6 , 6
2 , 5.16 , 6.0 , 6 , 6
2 , 5.16 , 6.0 , 6 , 6
2 , 5.16 , 6.0 , 6 , 6
2 , 5.16 , 6.0 , 6 , 6
2 , 5.14 , 6.0 , 6 , 6
2 , 5.14 , 6.0 , 6 , 6
2 , 5.14 , 6.0 , 6 , 6
2 , 5.14 , 6.0 , 6 , 6
2 , 5.14 , 6.0 , 6 , 6
2 , 5.14 , 6.0 , 6 , 6
2 , 5.14 , 6.0 , 6 , 6
2 , 5.14 , 6.0 , 6 , 6
2 , 5.14 , 6.0 , 6 , 6
2 , 5.14 , 6.0 , 6 , 6
2 , 5.14 , 6.0 , 6 , 6
2 , 5.14 , 6.0 , 6 , 6
2 , 5.14 , 6.0 , 6 , 6
2 , 5.14 , 6.0 , 6 , 6
2 , 5.14 , 6.0 , 6 , 6
2 , 5.14 , 6.0 , 6 , 6
2 , 5.14 , 6.0 , 6 , 6
2 , 5.14 , 6.0 , 6 , 6
2 , 5.14 , 6.0 , 6 , 6
2 , 5.14 , 6.0 , 6 , 6
2 , 5.14 , 6.0 , 6 , 6
2 , 5.14 , 6.0 , 6 , 6
2 , 5.14 , 6.0 , 6 , 6
2 , 5.14 , 6.0 , 6 , 6
2 , 5.14 , 6.0 , 6 , 6
2 , 5.12 , 6.0 , 6 , 6
2 , 5.12 , 6.0 , 6 , 6
2 , 5.12 , 6.0 , 6 , 6
2 , 5.12 , 6.0 , 6 , 6
2 , 5.12 , 6.0 , 6 , 6
2 , 5.12 , 6.0 , 6 , 6
2 , 5.12 , 6.0 , 6 , 6
2 , 5.12 , 6.0 , 6 , 6
2 , 5.12 , 6.0 , 6 , 6
2 , 5.12 , 6.0 , 6 , 6
2 , 5.12 , 6.0 , 6 , 6
2 , 5.12 , 6.0 , 6 , 6
2 , 5.12 , 6.0 , 6 , 6
2 , 5.12 , 6.0 , 6 , 6
2 , 5.12 , 6.0 , 6 , 6
2 , 5.12 , 6.0 , 6 , 6
2 , 5.12 , 6.0 , 6 , 6
2 , 5.12 , 6.0 , 6 , 6
2 , 5.12 , 6.0 , 6 , 6
2 , 5.12 , 6.0 , 6 , 6
2 , 5.12 , 6.0 , 6 , 6
2 , 5.12 , 6.0 , 6 , 6
2 , 5.12 , 6.0 , 6 , 6
2 , 5.12 , 6.0 , 6 , 6
2 , 5.12 , 6.0 , 6 , 6
2 , 5.12 , 6.0 , 6 , 6
2 , 5.12 , 6.0 , 6 , 6
2 , 5.12 , 6.0 , 6 , 6
2 , 5.12 , 6.0 , 6 , 6
2 , 5.12 , 6.0 , 6 , 6
2 , 5.12 , 6.0 , 6 , 6
2 , 5.12 , 6.0 , 6 , 6
2 , 5.12 , 6.0 , 6 , 6
2 , 5.12 , 6.0 , 6 , 6
2 , 5.1 , 6.0 , 6 , 6
2 , 5.1 , 6.0 , 6 , 6
2 , 5.1 , 6.0 , 6 , 6
2 , 5.1 , 6.0 , 6 , 6
2 , 5.08 , 6.0 , 6 , 6
2 , 5.08 , 6.0 , 6 , 6
2 , 5.08 , 6.0 , 6 , 6
2 , 5.08 , 6.0 , 6 , 6
2 , 5.08 , 6.0 , 6 , 6
2 , 5.08 , 6.0 , 6 , 6
2 , 5.08 , 6.0 , 6 , 6
2 , 5.08 , 6.0 , 6 , 6
2 , 5.08 , 6.0 , 6 , 6
2 , 5.08 , 6.0 , 6 , 6
2 , 5.08 , 6.0 , 6 , 6
2 , 5.06 , 6.0 , 6 , 6
2 , 5.06 , 6.0 , 6 , 6
2 , 5.06 , 6.0 , 6 , 6
2 , 5.06 , 6.0 , 6 , 6
2 , 5.04 , 6.0 , 6 , 6
2 , 5.04 , 6.0 , 6 , 6
2 , 5.02 , 6.0 , 6 , 6
2 , 5.02 , 6.0 , 6 , 6
2 , 5.02 , 6.0 , 6 , 6
2 , 5.02 , 6.0 , 6 , 6
2 , 5.02 , 6.0 , 6 , 6
2 , 5.02 , 6.0 , 6 , 6
2 , 5.02 , 6.0 , 6 , 6
2 , 5.02 , 6.0 , 6 , 6
2 , 5.02 , 6.0 , 6 , 6
2 , 5.02 , 6.0 , 6 , 6
2 , 5.02 , 6.0 , 6 , 6
2 , 5.0 , 6.0 , 6 , 6
2 , 5.0 , 6.0 , 6 , 6
2 , 5.0 , 6.0 , 6 , 6
2 , 5.0 , 6.0 , 6 , 6
2 , 5.0 , 6.0 , 6 , 6
2 , 5.0 , 6.0 , 6 , 6
2 , 5.0 , 6.0 , 6 , 6
2 , 5.0 , 6.0 , 6 , 6
2 , 4.98 , 6.0 , 6 , 6
2 , 4.98 , 6.0 , 6 , 6
2 , 4.98 , 6.0 , 6 , 6
2 , 4.98 , 6.0 , 6 , 6
2 , 4.98 , 6.0 , 6 , 6
2 , 4.98 , 6.0 , 6 , 6
2 , 4.98 , 6.0 , 6 , 6
2 , 4.96 , 6.0 , 6 , 6
2 , 4.96 , 6.0 , 6 , 6
2 , 4.96 , 6.0 , 6 , 6
2 , 4.96 , 6.0 , 6 , 6
2 , 4.96 , 6.0 , 6 , 6
2 , 4.96 , 6.0 , 6 , 6
2 , 4.96 , 6.0 , 6 , 6
2 , 4.94 , 5.0 , 6 , 6
2 , 4.94 , 5.0 , 6 , 6
2 , 4.94 , 5.0 , 6 , 6
2 , 4.94 , 5.0 , 6 , 6
2 , 4.94 , 5.0 , 6 , 6
2 , 4.94 , 5.0 , 6 , 6
2 , 4.94 , 5.0 , 6 , 6
2 , 4.94 , 5.0 , 6 , 6
2 , 4.9 , 4.0 , 6 , 6
2 , 4.9 , 4.0 , 6 , 6
2 , 4.9 , 4.0 , 6 , 6
2 , 4.9 , 4.0 , 6 , 6
2 , 4.9 , 4.0 , 6 , 6
2 , 4.9 , 4.0 , 6 , 6
2 , 4.9 , 4.0 , 6 , 6
2 , 4.9 , 4.0 , 6 , 6
2 , 4.9 , 4.0 , 6 , 6
2 , 4.9 , 4.0 , 6 , 6
2 , 4.9 , 4.0 , 6 , 6
2 , 4.9 , 4.0 , 6 , 6
2 , 4.9 , 4.0 , 6 , 6
2 , 4.9 , 4.0 , 6 , 6
2 , 4.9 , 4.0 , 6 , 6
2 , 4.9 , 4.0 , 6 , 6
2 , 4.9 , 4.0 , 6 , 6
2 , 4.9 , 4.0 , 6 , 6
2 , 4.9 , 4.0 , 6 , 6
2 , 4.9 , 4.0 , 6 , 6
2 , 4.88 , 4.0 , 4 , 6
2 , 4.88 , 4.0 , 4 , 6
2 , 4.88 , 4.0 , 4 , 6
2 , 4.88 , 4.0 , 4 , 6
2 , 4.88 , 4.0 , 4 , 6
2 , 4.88 , 4.0 , 4 , 6
2 , 4.88 , 4.0 , 4 , 6
2 , 4.88 , 4.0 , 4 , 6
2 , 4.86 , 4.0 , 4 , 6
2 , 4.86 , 4.0 , 4 , 6
2 , 4.86 , 4.0 , 4 , 6
2 , 4.86 , 4.0 , 4 , 6
2 , 4.86 , 4.0 , 4 , 6
2 , 4.86 , 4.0 , 4 , 6
2 , 4.86 , 4.0 , 4 , 6
2 , 4.86 , 4.0 , 4 , 6
2 , 4.86 , 4.0 , 4 , 6
2 , 4.86 , 4.0 , 4 , 6
2 , 4.86 , 4.0 , 4 , 6
2 , 4.86 , 4.0 , 4 , 6
2 , 4.86 , 4.0 , 4 , 6
2 , 4.86 , 4.0 , 4 , 6
2 , 4.86 , 4.0 , 4 , 6
2 , 4.86 , 4.0 , 4 , 6
2 , 4.86 , 4.0 , 4 , 6
2 , 4.86 , 4.0 , 4 , 6
2 , 4.86 , 4.0 , 4 , 6
2 , 4.86 , 4.0 , 4 , 6
2 , 4.86 , 4.0 , 4 , 6
2 , 4.86 , 4.0 , 4 , 6
2 , 4.86 , 4.0 , 4 , 6
2 , 4.86 , 4.0 , 4 , 6
2 , 4.86 , 4.0 , 4 , 6
2 , 4.86 , 4.0 , 4 , 6
2 , 4.86 , 4.0 , 4 , 6
2 , 4.86 , 4.0 , 4 , 6
2 , 4.86 , 4.0 , 4 , 6
2 , 4.86 , 4.0 , 4 , 6
2 , 4.86 , 4.0 , 4 , 6
2 , 4.86 , 4.0 , 4 , 6
2 , 4.86 , 4.0 , 4 , 6
2 , 4.86 , 4.0 , 4 , 6
2 , 4.86 , 4.0 , 4 , 6
2 , 4.86 , 4.0 , 4 , 6
2 , 4.86 , 4.0 , 4 , 6
2 , 4.86 , 4.0 , 4 , 6
2 , 4.86 , 4.0 , 4 , 6
2 , 4.86 , 4.0 , 4 , 6
2 , 4.86 , 4.0 , 4 , 6
2 , 4.86 , 4.0 , 4 , 6
2 , 4.86 , 4.0 , 4 , 6
2 , 4.86 , 4.0 , 4 , 6
2 , 4.86 , 4.0 , 4 , 6
2 , 4.86 , 4.0 , 4 , 6
0  Perfect solutions
perfect solution individuals []
