6 , 16.4 , 16.0 , 12 , 30
6 , 16.14 , 16.0 , 12 , 24
6 , 16.02 , 16.0 , 12 , 24
6 , 15.74 , 16.0 , 12 , 24
6 , 15.62 , 16.0 , 12 , 22
6 , 15.54 , 16.0 , 12 , 22
6 , 15.48 , 16.0 , 12 , 22
6 , 15.26 , 16.0 , 12 , 22
6 , 15.14 , 16.0 , 12 , 22
6 , 15.02 , 16.0 , 12 , 22
6 , 14.88 , 15.0 , 12 , 20
6 , 14.72 , 14.0 , 12 , 20
6 , 14.54 , 14.0 , 12 , 20
6 , 14.44 , 14.0 , 12 , 20
6 , 14.4 , 14.0 , 12 , 20
6 , 14.2 , 14.0 , 12 , 20
6 , 14.02 , 14.0 , 12 , 20
4 , 13.82 , 14.0 , 12 , 20
4 , 13.7 , 14.0 , 12 , 20
4 , 13.54 , 14.0 , 12 , 18
4 , 13.44 , 14.0 , 12 , 18
4 , 13.34 , 14.0 , 12 , 18
4 , 13.16 , 14.0 , 12 , 18
4 , 13.04 , 12.0 , 12 , 18
4 , 13.02 , 12.0 , 12 , 18
4 , 12.9 , 12.0 , 12 , 18
4 , 12.76 , 12.0 , 12 , 18
4 , 12.74 , 12.0 , 12 , 18
4 , 12.64 , 12.0 , 12 , 18
4 , 12.58 , 12.0 , 12 , 18
4 , 12.5 , 12.0 , 12 , 18
4 , 12.42 , 12.0 , 12 , 16
4 , 12.28 , 12.0 , 12 , 16
4 , 12.22 , 12.0 , 12 , 16
4 , 12.14 , 12.0 , 12 , 16
4 , 12.06 , 12.0 , 12 , 16
4 , 11.96 , 12.0 , 12 , 16
4 , 11.94 , 12.0 , 12 , 16
4 , 11.86 , 12.0 , 12 , 16
4 , 11.74 , 12.0 , 12 , 16
4 , 11.64 , 12.0 , 12 , 16
4 , 11.54 , 12.0 , 12 , 16
4 , 11.52 , 12.0 , 12 , 16
4 , 11.4 , 12.0 , 12 , 16
4 , 11.24 , 12.0 , 12 , 16
4 , 11.18 , 12.0 , 12 , 14
4 , 11.06 , 12.0 , 12 , 14
4 , 11.02 , 12.0 , 12 , 14
4 , 10.94 , 12.0 , 12 , 14
4 , 10.94 , 12.0 , 12 , 14
4 , 10.84 , 12.0 , 12 , 14
4 , 10.82 , 12.0 , 12 , 14
4 , 10.82 , 12.0 , 12 , 14
4 , 10.82 , 12.0 , 12 , 14
4 , 10.82 , 12.0 , 12 , 14
4 , 10.82 , 12.0 , 12 , 14
4 , 10.8 , 12.0 , 12 , 14
4 , 10.74 , 12.0 , 12 , 14
4 , 10.72 , 12.0 , 12 , 14
4 , 10.68 , 12.0 , 12 , 14
4 , 10.6 , 11.0 , 12 , 14
4 , 10.6 , 11.0 , 12 , 14
4 , 10.54 , 10.0 , 12 , 14
4 , 10.5 , 10.0 , 12 , 14
4 , 10.5 , 10.0 , 12 , 14
4 , 10.5 , 10.0 , 12 , 14
4 , 10.5 , 10.0 , 12 , 14
4 , 10.4 , 10.0 , 12 , 14
4 , 10.3 , 10.0 , 12 , 14
4 , 10.2 , 10.0 , 12 , 14
4 , 10.14 , 10.0 , 12 , 12
4 , 10.14 , 10.0 , 12 , 12
4 , 10.14 , 10.0 , 12 , 12
4 , 10.04 , 10.0 , 12 , 12
4 , 10.04 , 10.0 , 12 , 12
4 , 10.04 , 10.0 , 12 , 12
4 , 10.04 , 10.0 , 12 , 12
4 , 10.04 , 10.0 , 12 , 12
4 , 9.98 , 10.0 , 12 , 12
4 , 9.98 , 10.0 , 12 , 12
4 , 9.94 , 10.0 , 12 , 12
4 , 9.92 , 10.0 , 12 , 12
4 , 9.9 , 10.0 , 12 , 12
4 , 9.88 , 10.0 , 12 , 12
4 , 9.84 , 10.0 , 12 , 12
4 , 9.84 , 10.0 , 12 , 12
4 , 9.8 , 10.0 , 10 , 12
4 , 9.8 , 10.0 , 10 , 12
4 , 9.8 , 10.0 , 10 , 12
4 , 9.8 , 10.0 , 10 , 12
4 , 9.74 , 10.0 , 10 , 12
4 , 9.66 , 10.0 , 10 , 12
4 , 9.64 , 10.0 , 10 , 12
4 , 9.6 , 10.0 , 10 , 12
4 , 9.58 , 10.0 , 10 , 12
4 , 9.56 , 10.0 , 10 , 12
4 , 9.56 , 10.0 , 10 , 12
4 , 9.52 , 10.0 , 10 , 12
4 , 9.52 , 10.0 , 10 , 12
4 , 9.48 , 10.0 , 10 , 12
4 , 9.46 , 10.0 , 10 , 12
4 , 9.44 , 10.0 , 10 , 12
4 , 9.4 , 10.0 , 10 , 12
4 , 9.38 , 10.0 , 10 , 12
4 , 9.34 , 10.0 , 10 , 12
4 , 9.34 , 10.0 , 10 , 12
4 , 9.3 , 10.0 , 10 , 12
4 , 9.28 , 10.0 , 10 , 12
4 , 9.22 , 10.0 , 10 , 12
4 , 9.22 , 10.0 , 10 , 12
4 , 9.18 , 10.0 , 10 , 12
4 , 9.16 , 10.0 , 10 , 12
4 , 9.14 , 10.0 , 10 , 12
4 , 9.12 , 10.0 , 10 , 12
4 , 9.12 , 10.0 , 10 , 12
4 , 9.1 , 10.0 , 10 , 12
4 , 9.1 , 10.0 , 10 , 12
4 , 9.1 , 10.0 , 10 , 12
4 , 9.1 , 10.0 , 10 , 12
4 , 9.1 , 10.0 , 10 , 12
4 , 9.1 , 10.0 , 10 , 12
4 , 9.08 , 10.0 , 10 , 12
4 , 9.08 , 10.0 , 10 , 12
4 , 9.06 , 10.0 , 10 , 12
4 , 9.04 , 10.0 , 10 , 12
4 , 9.04 , 10.0 , 10 , 12
4 , 9.0 , 10.0 , 10 , 12
4 , 9.0 , 10.0 , 10 , 12
4 , 8.9 , 10.0 , 10 , 12
4 , 8.8 , 10.0 , 10 , 12
4 , 8.78 , 10.0 , 10 , 12
4 , 8.78 , 10.0 , 10 , 12
4 , 8.78 , 10.0 , 10 , 12
4 , 8.78 , 10.0 , 10 , 12
4 , 8.76 , 10.0 , 10 , 10
4 , 8.76 , 10.0 , 10 , 10
4 , 8.76 , 10.0 , 10 , 10
4 , 8.76 , 10.0 , 10 , 10
4 , 8.76 , 10.0 , 10 , 10
4 , 8.74 , 10.0 , 10 , 10
4 , 8.68 , 10.0 , 10 , 10
4 , 8.64 , 9.0 , 10 , 10
4 , 8.64 , 9.0 , 10 , 10
4 , 8.62 , 8.0 , 10 , 10
4 , 8.58 , 8.0 , 10 , 10
4 , 8.58 , 8.0 , 10 , 10
4 , 8.58 , 8.0 , 10 , 10
4 , 8.58 , 8.0 , 10 , 10
4 , 8.56 , 8.0 , 10 , 10
4 , 8.52 , 8.0 , 10 , 10
4 , 8.52 , 8.0 , 10 , 10
4 , 8.5 , 8.0 , 10 , 10
4 , 8.5 , 8.0 , 10 , 10
4 , 8.48 , 8.0 , 10 , 10
4 , 8.48 , 8.0 , 10 , 10
4 , 8.46 , 8.0 , 10 , 10
4 , 8.46 , 8.0 , 10 , 10
4 , 8.42 , 8.0 , 8 , 10
4 , 8.42 , 8.0 , 8 , 10
4 , 8.4 , 8.0 , 8 , 10
4 , 8.4 , 8.0 , 8 , 10
4 , 8.36 , 8.0 , 8 , 10
4 , 8.36 , 8.0 , 8 , 10
4 , 8.36 , 8.0 , 8 , 10
4 , 8.36 , 8.0 , 8 , 10
4 , 8.36 , 8.0 , 8 , 10
4 , 8.34 , 8.0 , 8 , 10
4 , 8.34 , 8.0 , 8 , 10
4 , 8.32 , 8.0 , 8 , 10
4 , 8.32 , 8.0 , 8 , 10
4 , 8.3 , 8.0 , 8 , 10
4 , 8.3 , 8.0 , 8 , 10
4 , 8.3 , 8.0 , 8 , 10
4 , 8.24 , 8.0 , 8 , 10
4 , 8.24 , 8.0 , 8 , 10
4 , 8.24 , 8.0 , 8 , 10
4 , 8.22 , 8.0 , 8 , 10
4 , 8.22 , 8.0 , 8 , 10
4 , 8.2 , 8.0 , 8 , 10
4 , 8.2 , 8.0 , 8 , 10
4 , 8.18 , 8.0 , 8 , 10
4 , 8.18 , 8.0 , 8 , 10
4 , 8.18 , 8.0 , 8 , 10
4 , 8.18 , 8.0 , 8 , 10
4 , 8.16 , 8.0 , 8 , 10
4 , 8.16 , 8.0 , 8 , 10
4 , 8.16 , 8.0 , 8 , 10
4 , 8.14 , 8.0 , 8 , 10
4 , 8.12 , 8.0 , 8 , 10
4 , 8.08 , 8.0 , 8 , 10
4 , 8.08 , 8.0 , 8 , 10
4 , 8.08 , 8.0 , 8 , 10
4 , 8.02 , 8.0 , 8 , 10
4 , 8.02 , 8.0 , 8 , 10
2 , 7.94 , 8.0 , 8 , 10
2 , 7.94 , 8.0 , 8 , 10
2 , 7.94 , 8.0 , 8 , 10
2 , 7.94 , 8.0 , 8 , 10
2 , 7.92 , 8.0 , 8 , 10
2 , 7.88 , 8.0 , 8 , 10
2 , 7.88 , 8.0 , 8 , 10
2 , 7.88 , 8.0 , 8 , 10
2 , 7.88 , 8.0 , 8 , 10
2 , 7.88 , 8.0 , 8 , 10
2 , 7.88 , 8.0 , 8 , 10
2 , 7.88 , 8.0 , 8 , 10
2 , 7.88 , 8.0 , 8 , 10
2 , 7.88 , 8.0 , 8 , 10
2 , 7.88 , 8.0 , 8 , 10
2 , 7.88 , 8.0 , 8 , 10
2 , 7.86 , 8.0 , 8 , 10
2 , 7.82 , 8.0 , 8 , 10
2 , 7.82 , 8.0 , 8 , 10
2 , 7.82 , 8.0 , 8 , 10
2 , 7.82 , 8.0 , 8 , 10
2 , 7.8 , 8.0 , 8 , 10
2 , 7.8 , 8.0 , 8 , 10
2 , 7.8 , 8.0 , 8 , 10
2 , 7.8 , 8.0 , 8 , 10
2 , 7.8 , 8.0 , 8 , 10
2 , 7.8 , 8.0 , 8 , 10
2 , 7.8 , 8.0 , 8 , 10
2 , 7.8 , 8.0 , 8 , 10
2 , 7.74 , 8.0 , 8 , 10
2 , 7.72 , 8.0 , 8 , 10
2 , 7.68 , 8.0 , 8 , 10
2 , 7.66 , 8.0 , 8 , 10
2 , 7.64 , 8.0 , 8 , 10
2 , 7.64 , 8.0 , 8 , 10
2 , 7.64 , 8.0 , 8 , 10
2 , 7.6 , 8.0 , 8 , 10
2 , 7.58 , 8.0 , 8 , 10
2 , 7.56 , 8.0 , 8 , 10
2 , 7.52 , 8.0 , 8 , 10
2 , 7.48 , 8.0 , 8 , 10
2 , 7.48 , 8.0 , 8 , 10
2 , 7.48 , 8.0 , 8 , 10
2 , 7.42 , 8.0 , 8 , 10
2 , 7.42 , 8.0 , 8 , 10
2 , 7.42 , 8.0 , 8 , 10
2 , 7.38 , 8.0 , 8 , 10
2 , 7.36 , 8.0 , 8 , 10
2 , 7.36 , 8.0 , 8 , 10
2 , 7.36 , 8.0 , 8 , 10
2 , 7.34 , 8.0 , 8 , 10
2 , 7.34 , 8.0 , 8 , 10
2 , 7.34 , 8.0 , 8 , 10
2 , 7.34 , 8.0 , 8 , 10
2 , 7.32 , 8.0 , 8 , 10
2 , 7.32 , 8.0 , 8 , 10
2 , 7.32 , 8.0 , 8 , 10
2 , 7.28 , 8.0 , 8 , 10
2 , 7.28 , 8.0 , 8 , 10
2 , 7.2 , 8.0 , 8 , 10
2 , 7.18 , 8.0 , 8 , 8
2 , 7.18 , 8.0 , 8 , 8
2 , 7.18 , 8.0 , 8 , 8
2 , 7.18 , 8.0 , 8 , 8
2 , 7.14 , 8.0 , 8 , 8
2 , 7.14 , 8.0 , 8 , 8
2 , 7.14 , 8.0 , 8 , 8
2 , 7.1 , 8.0 , 8 , 8
2 , 7.1 , 8.0 , 8 , 8
2 , 7.1 , 8.0 , 8 , 8
2 , 7.08 , 8.0 , 8 , 8
2 , 7.08 , 8.0 , 8 , 8
2 , 7.08 , 8.0 , 8 , 8
2 , 7.08 , 8.0 , 8 , 8
2 , 7.08 , 8.0 , 8 , 8
2 , 7.08 , 8.0 , 8 , 8
2 , 7.08 , 8.0 , 8 , 8
2 , 7.08 , 8.0 , 8 , 8
2 , 7.08 , 8.0 , 8 , 8
2 , 7.06 , 8.0 , 8 , 8
2 , 7.06 , 8.0 , 8 , 8
2 , 7.06 , 8.0 , 8 , 8
2 , 7.02 , 8.0 , 8 , 8
2 , 7.02 , 8.0 , 8 , 8
2 , 7.02 , 8.0 , 8 , 8
2 , 6.98 , 8.0 , 8 , 8
2 , 6.98 , 8.0 , 8 , 8
2 , 6.98 , 8.0 , 8 , 8
2 , 6.98 , 8.0 , 8 , 8
2 , 6.98 , 8.0 , 8 , 8
2 , 6.98 , 8.0 , 8 , 8
2 , 6.98 , 8.0 , 8 , 8
2 , 6.98 , 8.0 , 8 , 8
2 , 6.98 , 8.0 , 8 , 8
2 , 6.98 , 8.0 , 8 , 8
2 , 6.98 , 8.0 , 8 , 8
2 , 6.98 , 8.0 , 8 , 8
2 , 6.98 , 8.0 , 8 , 8
2 , 6.98 , 8.0 , 8 , 8
2 , 6.98 , 8.0 , 8 , 8
2 , 6.98 , 8.0 , 8 , 8
2 , 6.98 , 8.0 , 8 , 8
2 , 6.94 , 8.0 , 8 , 8
2 , 6.94 , 8.0 , 8 , 8
2 , 6.94 , 8.0 , 8 , 8
2 , 6.94 , 8.0 , 8 , 8
2 , 6.94 , 8.0 , 8 , 8
2 , 6.94 , 8.0 , 8 , 8
2 , 6.94 , 8.0 , 8 , 8
2 , 6.94 , 8.0 , 8 , 8
2 , 6.94 , 8.0 , 8 , 8
2 , 6.94 , 8.0 , 8 , 8
2 , 6.94 , 8.0 , 8 , 8
2 , 6.94 , 8.0 , 8 , 8
2 , 6.94 , 8.0 , 8 , 8
2 , 6.94 , 8.0 , 8 , 8
2 , 6.94 , 8.0 , 8 , 8
2 , 6.94 , 8.0 , 8 , 8
2 , 6.94 , 8.0 , 8 , 8
2 , 6.94 , 8.0 , 8 , 8
2 , 6.94 , 8.0 , 8 , 8
2 , 6.94 , 8.0 , 8 , 8
2 , 6.94 , 8.0 , 8 , 8
2 , 6.94 , 8.0 , 8 , 8
2 , 6.94 , 8.0 , 8 , 8
2 , 6.94 , 8.0 , 8 , 8
2 , 6.94 , 8.0 , 8 , 8
2 , 6.92 , 8.0 , 8 , 8
2 , 6.92 , 8.0 , 8 , 8
2 , 6.92 , 8.0 , 8 , 8
2 , 6.92 , 8.0 , 8 , 8
2 , 6.92 , 8.0 , 8 , 8
2 , 6.92 , 8.0 , 8 , 8
2 , 6.92 , 8.0 , 8 , 8
2 , 6.92 , 8.0 , 8 , 8
2 , 6.92 , 8.0 , 8 , 8
2 , 6.92 , 8.0 , 8 , 8
2 , 6.92 , 8.0 , 8 , 8
2 , 6.92 , 8.0 , 8 , 8
2 , 6.92 , 8.0 , 8 , 8
2 , 6.88 , 8.0 , 8 , 8
2 , 6.88 , 8.0 , 8 , 8
2 , 6.88 , 8.0 , 8 , 8
2 , 6.88 , 8.0 , 8 , 8
2 , 6.88 , 8.0 , 8 , 8
2 , 6.86 , 8.0 , 8 , 8
2 , 6.86 , 8.0 , 8 , 8
2 , 6.86 , 8.0 , 8 , 8
2 , 6.86 , 8.0 , 8 , 8
2 , 6.86 , 8.0 , 8 , 8
2 , 6.86 , 8.0 , 8 , 8
2 , 6.86 , 8.0 , 8 , 8
2 , 6.86 , 8.0 , 8 , 8
2 , 6.86 , 8.0 , 8 , 8
2 , 6.86 , 8.0 , 8 , 8
2 , 6.84 , 8.0 , 8 , 8
2 , 6.84 , 8.0 , 8 , 8
2 , 6.82 , 8.0 , 8 , 8
2 , 6.82 , 8.0 , 8 , 8
2 , 6.82 , 8.0 , 8 , 8
2 , 6.82 , 8.0 , 8 , 8
2 , 6.8 , 8.0 , 8 , 8
2 , 6.8 , 8.0 , 8 , 8
2 , 6.8 , 8.0 , 8 , 8
2 , 6.8 , 8.0 , 8 , 8
2 , 6.8 , 8.0 , 8 , 8
2 , 6.78 , 8.0 , 8 , 8
2 , 6.78 , 8.0 , 8 , 8
2 , 6.78 , 8.0 , 8 , 8
2 , 6.78 , 8.0 , 8 , 8
2 , 6.78 , 8.0 , 8 , 8
2 , 6.78 , 8.0 , 8 , 8
2 , 6.78 , 8.0 , 8 , 8
2 , 6.78 , 8.0 , 8 , 8
2 , 6.78 , 8.0 , 8 , 8
2 , 6.76 , 8.0 , 8 , 8
2 , 6.76 , 8.0 , 8 , 8
2 , 6.76 , 8.0 , 8 , 8
2 , 6.72 , 7.0 , 8 , 8
2 , 6.72 , 7.0 , 8 , 8
2 , 6.72 , 7.0 , 8 , 8
2 , 6.72 , 7.0 , 8 , 8
2 , 6.7 , 6.0 , 8 , 8
2 , 6.7 , 6.0 , 8 , 8
2 , 6.7 , 6.0 , 8 , 8
2 , 6.7 , 6.0 , 8 , 8
2 , 6.7 , 6.0 , 8 , 8
2 , 6.7 , 6.0 , 8 , 8
2 , 6.7 , 6.0 , 8 , 8
2 , 6.7 , 6.0 , 8 , 8
2 , 6.7 , 6.0 , 8 , 8
2 , 6.7 , 6.0 , 8 , 8
2 , 6.7 , 6.0 , 8 , 8
2 , 6.7 , 6.0 , 8 , 8
2 , 6.7 , 6.0 , 8 , 8
2 , 6.7 , 6.0 , 8 , 8
2 , 6.7 , 6.0 , 8 , 8
2 , 6.7 , 6.0 , 8 , 8
2 , 6.7 , 6.0 , 8 , 8
2 , 6.68 , 6.0 , 8 , 8
2 , 6.68 , 6.0 , 8 , 8
2 , 6.68 , 6.0 , 8 , 8
2 , 6.66 , 6.0 , 8 , 8
2 , 6.66 , 6.0 , 8 , 8
2 , 6.66 , 6.0 , 8 , 8
2 , 6.64 , 6.0 , 8 , 8
2 , 6.64 , 6.0 , 8 , 8
2 , 6.64 , 6.0 , 8 , 8
2 , 6.64 , 6.0 , 8 , 8
2 , 6.6 , 6.0 , 8 , 8
2 , 6.6 , 6.0 , 8 , 8
2 , 6.6 , 6.0 , 8 , 8
2 , 6.6 , 6.0 , 8 , 8
2 , 6.6 , 6.0 , 8 , 8
2 , 6.6 , 6.0 , 8 , 8
2 , 6.6 , 6.0 , 8 , 8
2 , 6.6 , 6.0 , 8 , 8
2 , 6.6 , 6.0 , 8 , 8
2 , 6.6 , 6.0 , 8 , 8
2 , 6.6 , 6.0 , 8 , 8
2 , 6.56 , 6.0 , 6 , 8
2 , 6.56 , 6.0 , 6 , 8
2 , 6.56 , 6.0 , 6 , 8
2 , 6.56 , 6.0 , 6 , 8
2 , 6.56 , 6.0 , 6 , 8
2 , 6.54 , 6.0 , 6 , 8
2 , 6.52 , 6.0 , 6 , 8
2 , 6.52 , 6.0 , 6 , 8
2 , 6.52 , 6.0 , 6 , 8
2 , 6.52 , 6.0 , 6 , 8
2 , 6.52 , 6.0 , 6 , 8
2 , 6.52 , 6.0 , 6 , 8
2 , 6.48 , 6.0 , 6 , 8
2 , 6.48 , 6.0 , 6 , 8
2 , 6.48 , 6.0 , 6 , 8
2 , 6.48 , 6.0 , 6 , 8
2 , 6.48 , 6.0 , 6 , 8
2 , 6.46 , 6.0 , 6 , 8
2 , 6.46 , 6.0 , 6 , 8
2 , 6.46 , 6.0 , 6 , 8
2 , 6.46 , 6.0 , 6 , 8
2 , 6.46 , 6.0 , 6 , 8
2 , 6.46 , 6.0 , 6 , 8
2 , 6.42 , 6.0 , 6 , 8
2 , 6.42 , 6.0 , 6 , 8
2 , 6.4 , 6.0 , 6 , 8
2 , 6.4 , 6.0 , 6 , 8
2 , 6.38 , 6.0 , 6 , 8
2 , 6.38 , 6.0 , 6 , 8
2 , 6.38 , 6.0 , 6 , 8
2 , 6.38 , 6.0 , 6 , 8
2 , 6.38 , 6.0 , 6 , 8
2 , 6.38 , 6.0 , 6 , 8
2 , 6.38 , 6.0 , 6 , 8
2 , 6.38 , 6.0 , 6 , 8
2 , 6.38 , 6.0 , 6 , 8
2 , 6.38 , 6.0 , 6 , 8
2 , 6.38 , 6.0 , 6 , 8
2 , 6.36 , 6.0 , 6 , 8
2 , 6.34 , 6.0 , 6 , 8
2 , 6.32 , 6.0 , 6 , 8
2 , 6.32 , 6.0 , 6 , 8
2 , 6.32 , 6.0 , 6 , 8
2 , 6.32 , 6.0 , 6 , 8
2 , 6.3 , 6.0 , 6 , 8
2 , 6.3 , 6.0 , 6 , 8
2 , 6.3 , 6.0 , 6 , 8
2 , 6.28 , 6.0 , 6 , 8
2 , 6.28 , 6.0 , 6 , 8
2 , 6.2 , 6.0 , 6 , 8
2 , 6.2 , 6.0 , 6 , 8
2 , 6.2 , 6.0 , 6 , 8
2 , 6.2 , 6.0 , 6 , 8
2 , 6.2 , 6.0 , 6 , 8
2 , 6.18 , 6.0 , 6 , 8
2 , 6.18 , 6.0 , 6 , 8
2 , 6.18 , 6.0 , 6 , 8
2 , 6.18 , 6.0 , 6 , 8
2 , 6.18 , 6.0 , 6 , 8
2 , 6.16 , 6.0 , 6 , 8
2 , 6.16 , 6.0 , 6 , 8
2 , 6.16 , 6.0 , 6 , 8
2 , 6.16 , 6.0 , 6 , 8
2 , 6.16 , 6.0 , 6 , 8
2 , 6.16 , 6.0 , 6 , 8
2 , 6.14 , 6.0 , 6 , 8
2 , 6.14 , 6.0 , 6 , 8
2 , 6.14 , 6.0 , 6 , 8
2 , 6.14 , 6.0 , 6 , 8
2 , 6.12 , 6.0 , 6 , 8
2 , 6.12 , 6.0 , 6 , 8
2 , 6.08 , 6.0 , 6 , 8
2 , 6.08 , 6.0 , 6 , 8
2 , 6.06 , 6.0 , 6 , 8
2 , 6.06 , 6.0 , 6 , 8
2 , 6.06 , 6.0 , 6 , 8
2 , 6.06 , 6.0 , 6 , 8
2 , 6.06 , 6.0 , 6 , 8
2 , 6.06 , 6.0 , 6 , 8
2 , 6.06 , 6.0 , 6 , 8
2 , 6.06 , 6.0 , 6 , 8
2 , 6.06 , 6.0 , 6 , 8
2 , 6.06 , 6.0 , 6 , 8
2 , 6.06 , 6.0 , 6 , 8
2 , 6.06 , 6.0 , 6 , 8
2 , 6.06 , 6.0 , 6 , 8
2 , 6.04 , 6.0 , 6 , 8
2 , 6.04 , 6.0 , 6 , 8
2 , 6.04 , 6.0 , 6 , 8
2 , 6.04 , 6.0 , 6 , 8
2 , 6.04 , 6.0 , 6 , 8
2 , 6.04 , 6.0 , 6 , 8
2 , 6.04 , 6.0 , 6 , 8
2 , 6.04 , 6.0 , 6 , 8
2 , 6.02 , 6.0 , 6 , 8
2 , 6.02 , 6.0 , 6 , 8
2 , 6.02 , 6.0 , 6 , 8
2 , 6.02 , 6.0 , 6 , 8
2 , 6.02 , 6.0 , 6 , 8
2 , 6.02 , 6.0 , 6 , 8
2 , 6.02 , 6.0 , 6 , 8
2 , 6.0 , 6.0 , 6 , 8
2 , 6.0 , 6.0 , 6 , 8
2 , 6.0 , 6.0 , 6 , 8
2 , 6.0 , 6.0 , 6 , 8
2 , 5.96 , 6.0 , 6 , 8
2 , 5.96 , 6.0 , 6 , 8
2 , 5.96 , 6.0 , 6 , 8
2 , 5.96 , 6.0 , 6 , 8
2 , 5.96 , 6.0 , 6 , 8
2 , 5.94 , 6.0 , 6 , 8
2 , 5.94 , 6.0 , 6 , 8
2 , 5.92 , 6.0 , 6 , 8
2 , 5.92 , 6.0 , 6 , 8
2 , 5.92 , 6.0 , 6 , 8
2 , 5.92 , 6.0 , 6 , 8
2 , 5.92 , 6.0 , 6 , 8
2 , 5.92 , 6.0 , 6 , 8
2 , 5.92 , 6.0 , 6 , 8
2 , 5.92 , 6.0 , 6 , 8
2 , 5.9 , 6.0 , 6 , 8
2 , 5.86 , 6.0 , 6 , 8
2 , 5.86 , 6.0 , 6 , 8
2 , 5.86 , 6.0 , 6 , 8
2 , 5.86 , 6.0 , 6 , 8
2 , 5.86 , 6.0 , 6 , 8
2 , 5.84 , 6.0 , 6 , 8
2 , 5.84 , 6.0 , 6 , 8
2 , 5.84 , 6.0 , 6 , 8
2 , 5.84 , 6.0 , 6 , 8
2 , 5.84 , 6.0 , 6 , 8
2 , 5.84 , 6.0 , 6 , 8
2 , 5.84 , 6.0 , 6 , 8
2 , 5.84 , 6.0 , 6 , 8
2 , 5.84 , 6.0 , 6 , 8
2 , 5.84 , 6.0 , 6 , 8
2 , 5.84 , 6.0 , 6 , 8
2 , 5.84 , 6.0 , 6 , 8
2 , 5.82 , 6.0 , 6 , 8
2 , 5.82 , 6.0 , 6 , 8
2 , 5.8 , 6.0 , 6 , 8
2 , 5.74 , 6.0 , 6 , 8
2 , 5.74 , 6.0 , 6 , 8
2 , 5.74 , 6.0 , 6 , 8
2 , 5.74 , 6.0 , 6 , 8
2 , 5.72 , 6.0 , 6 , 8
2 , 5.72 , 6.0 , 6 , 8
2 , 5.72 , 6.0 , 6 , 8
2 , 5.72 , 6.0 , 6 , 8
2 , 5.72 , 6.0 , 6 , 8
2 , 5.72 , 6.0 , 6 , 8
2 , 5.72 , 6.0 , 6 , 8
2 , 5.7 , 6.0 , 6 , 8
2 , 5.7 , 6.0 , 6 , 8
2 , 5.7 , 6.0 , 6 , 8
2 , 5.7 , 6.0 , 6 , 8
2 , 5.66 , 6.0 , 6 , 8
2 , 5.64 , 6.0 , 6 , 8
2 , 5.64 , 6.0 , 6 , 8
2 , 5.64 , 6.0 , 6 , 8
2 , 5.62 , 6.0 , 6 , 8
2 , 5.62 , 6.0 , 6 , 8
2 , 5.62 , 6.0 , 6 , 8
2 , 5.62 , 6.0 , 6 , 8
2 , 5.62 , 6.0 , 6 , 8
2 , 5.62 , 6.0 , 6 , 8
2 , 5.6 , 6.0 , 6 , 8
2 , 5.6 , 6.0 , 6 , 8
2 , 5.6 , 6.0 , 6 , 8
2 , 5.58 , 6.0 , 6 , 8
2 , 5.58 , 6.0 , 6 , 8
2 , 5.58 , 6.0 , 6 , 8
2 , 5.58 , 6.0 , 6 , 8
2 , 5.58 , 6.0 , 6 , 8
2 , 5.58 , 6.0 , 6 , 8
2 , 5.58 , 6.0 , 6 , 8
2 , 5.58 , 6.0 , 6 , 8
2 , 5.58 , 6.0 , 6 , 8
2 , 5.58 , 6.0 , 6 , 8
2 , 5.54 , 6.0 , 6 , 8
2 , 5.54 , 6.0 , 6 , 8
2 , 5.54 , 6.0 , 6 , 8
2 , 5.54 , 6.0 , 6 , 8
2 , 5.54 , 6.0 , 6 , 8
2 , 5.54 , 6.0 , 6 , 8
2 , 5.54 , 6.0 , 6 , 8
2 , 5.5 , 6.0 , 6 , 6
2 , 5.5 , 6.0 , 6 , 6
2 , 5.5 , 6.0 , 6 , 6
2 , 5.5 , 6.0 , 6 , 6
2 , 5.5 , 6.0 , 6 , 6
2 , 5.5 , 6.0 , 6 , 6
2 , 5.5 , 6.0 , 6 , 6
2 , 5.5 , 6.0 , 6 , 6
2 , 5.5 , 6.0 , 6 , 6
2 , 5.5 , 6.0 , 6 , 6
2 , 5.5 , 6.0 , 6 , 6
2 , 5.5 , 6.0 , 6 , 6
2 , 5.5 , 6.0 , 6 , 6
2 , 5.5 , 6.0 , 6 , 6
2 , 5.5 , 6.0 , 6 , 6
2 , 5.5 , 6.0 , 6 , 6
2 , 5.5 , 6.0 , 6 , 6
2 , 5.5 , 6.0 , 6 , 6
2 , 5.5 , 6.0 , 6 , 6
2 , 5.5 , 6.0 , 6 , 6
2 , 5.5 , 6.0 , 6 , 6
2 , 5.5 , 6.0 , 6 , 6
2 , 5.5 , 6.0 , 6 , 6
2 , 5.5 , 6.0 , 6 , 6
2 , 5.5 , 6.0 , 6 , 6
2 , 5.5 , 6.0 , 6 , 6
2 , 5.48 , 6.0 , 6 , 6
2 , 5.48 , 6.0 , 6 , 6
2 , 5.48 , 6.0 , 6 , 6
2 , 5.48 , 6.0 , 6 , 6
2 , 5.48 , 6.0 , 6 , 6
2 , 5.48 , 6.0 , 6 , 6
2 , 5.48 , 6.0 , 6 , 6
2 , 5.48 , 6.0 , 6 , 6
2 , 5.48 , 6.0 , 6 , 6
2 , 5.48 , 6.0 , 6 , 6
2 , 5.48 , 6.0 , 6 , 6
2 , 5.48 , 6.0 , 6 , 6
2 , 5.48 , 6.0 , 6 , 6
2 , 5.48 , 6.0 , 6 , 6
2 , 5.48 , 6.0 , 6 , 6
2 , 5.48 , 6.0 , 6 , 6
2 , 5.48 , 6.0 , 6 , 6
2 , 5.48 , 6.0 , 6 , 6
2 , 5.48 , 6.0 , 6 , 6
2 , 5.48 , 6.0 , 6 , 6
2 , 5.48 , 6.0 , 6 , 6
2 , 5.48 , 6.0 , 6 , 6
2 , 5.46 , 6.0 , 6 , 6
2 , 5.46 , 6.0 , 6 , 6
2 , 5.46 , 6.0 , 6 , 6
2 , 5.46 , 6.0 , 6 , 6
2 , 5.46 , 6.0 , 6 , 6
2 , 5.46 , 6.0 , 6 , 6
2 , 5.46 , 6.0 , 6 , 6
2 , 5.46 , 6.0 , 6 , 6
2 , 5.44 , 6.0 , 6 , 6
2 , 5.44 , 6.0 , 6 , 6
2 , 5.44 , 6.0 , 6 , 6
2 , 5.44 , 6.0 , 6 , 6
2 , 5.44 , 6.0 , 6 , 6
2 , 5.44 , 6.0 , 6 , 6
2 , 5.44 , 6.0 , 6 , 6
2 , 5.44 , 6.0 , 6 , 6
2 , 5.44 , 6.0 , 6 , 6
2 , 5.44 , 6.0 , 6 , 6
2 , 5.44 , 6.0 , 6 , 6
2 , 5.44 , 6.0 , 6 , 6
2 , 5.44 , 6.0 , 6 , 6
2 , 5.44 , 6.0 , 6 , 6
2 , 5.44 , 6.0 , 6 , 6
2 , 5.44 , 6.0 , 6 , 6
2 , 5.44 , 6.0 , 6 , 6
2 , 5.44 , 6.0 , 6 , 6
2 , 5.44 , 6.0 , 6 , 6
2 , 5.44 , 6.0 , 6 , 6
2 , 5.44 , 6.0 , 6 , 6
2 , 5.44 , 6.0 , 6 , 6
2 , 5.44 , 6.0 , 6 , 6
2 , 5.44 , 6.0 , 6 , 6
2 , 5.44 , 6.0 , 6 , 6
2 , 5.44 , 6.0 , 6 , 6
2 , 5.44 , 6.0 , 6 , 6
2 , 5.44 , 6.0 , 6 , 6
2 , 5.44 , 6.0 , 6 , 6
2 , 5.44 , 6.0 , 6 , 6
2 , 5.44 , 6.0 , 6 , 6
2 , 5.44 , 6.0 , 6 , 6
2 , 5.44 , 6.0 , 6 , 6
2 , 5.4 , 6.0 , 6 , 6
2 , 5.4 , 6.0 , 6 , 6
2 , 5.4 , 6.0 , 6 , 6
2 , 5.4 , 6.0 , 6 , 6
2 , 5.4 , 6.0 , 6 , 6
2 , 5.4 , 6.0 , 6 , 6
2 , 5.4 , 6.0 , 6 , 6
2 , 5.4 , 6.0 , 6 , 6
2 , 5.4 , 6.0 , 6 , 6
2 , 5.4 , 6.0 , 6 , 6
2 , 5.4 , 6.0 , 6 , 6
2 , 5.4 , 6.0 , 6 , 6
2 , 5.4 , 6.0 , 6 , 6
2 , 5.4 , 6.0 , 6 , 6
2 , 5.4 , 6.0 , 6 , 6
2 , 5.4 , 6.0 , 6 , 6
2 , 5.4 , 6.0 , 6 , 6
2 , 5.4 , 6.0 , 6 , 6
2 , 5.4 , 6.0 , 6 , 6
2 , 5.4 , 6.0 , 6 , 6
2 , 5.4 , 6.0 , 6 , 6
2 , 5.4 , 6.0 , 6 , 6
2 , 5.4 , 6.0 , 6 , 6
2 , 5.4 , 6.0 , 6 , 6
2 , 5.4 , 6.0 , 6 , 6
2 , 5.4 , 6.0 , 6 , 6
2 , 5.4 , 6.0 , 6 , 6
2 , 5.4 , 6.0 , 6 , 6
2 , 5.4 , 6.0 , 6 , 6
2 , 5.4 , 6.0 , 6 , 6
2 , 5.4 , 6.0 , 6 , 6
2 , 5.4 , 6.0 , 6 , 6
2 , 5.4 , 6.0 , 6 , 6
2 , 5.4 , 6.0 , 6 , 6
2 , 5.4 , 6.0 , 6 , 6
2 , 5.4 , 6.0 , 6 , 6
2 , 5.4 , 6.0 , 6 , 6
2 , 5.4 , 6.0 , 6 , 6
2 , 5.4 , 6.0 , 6 , 6
2 , 5.4 , 6.0 , 6 , 6
2 , 5.4 , 6.0 , 6 , 6
2 , 5.4 , 6.0 , 6 , 6
2 , 5.4 , 6.0 , 6 , 6
2 , 5.4 , 6.0 , 6 , 6
2 , 5.4 , 6.0 , 6 , 6
2 , 5.4 , 6.0 , 6 , 6
2 , 5.4 , 6.0 , 6 , 6
2 , 5.4 , 6.0 , 6 , 6
2 , 5.4 , 6.0 , 6 , 6
2 , 5.4 , 6.0 , 6 , 6
2 , 5.4 , 6.0 , 6 , 6
2 , 5.4 , 6.0 , 6 , 6
2 , 5.4 , 6.0 , 6 , 6
2 , 5.4 , 6.0 , 6 , 6
2 , 5.4 , 6.0 , 6 , 6
2 , 5.38 , 6.0 , 6 , 6
2 , 5.38 , 6.0 , 6 , 6
2 , 5.38 , 6.0 , 6 , 6
2 , 5.38 , 6.0 , 6 , 6
2 , 5.38 , 6.0 , 6 , 6
2 , 5.38 , 6.0 , 6 , 6
2 , 5.38 , 6.0 , 6 , 6
2 , 5.38 , 6.0 , 6 , 6
2 , 5.38 , 6.0 , 6 , 6
2 , 5.38 , 6.0 , 6 , 6
2 , 5.38 , 6.0 , 6 , 6
2 , 5.38 , 6.0 , 6 , 6
2 , 5.36 , 6.0 , 6 , 6
2 , 5.34 , 6.0 , 6 , 6
2 , 5.32 , 6.0 , 6 , 6
2 , 5.32 , 6.0 , 6 , 6
2 , 5.3 , 6.0 , 6 , 6
2 , 5.3 , 6.0 , 6 , 6
2 , 5.3 , 6.0 , 6 , 6
2 , 5.28 , 6.0 , 6 , 6
2 , 5.28 , 6.0 , 6 , 6
2 , 5.28 , 6.0 , 6 , 6
2 , 5.28 , 6.0 , 6 , 6
2 , 5.28 , 6.0 , 6 , 6
2 , 5.26 , 6.0 , 6 , 6
2 , 5.26 , 6.0 , 6 , 6
2 , 5.26 , 6.0 , 6 , 6
2 , 5.26 , 6.0 , 6 , 6
2 , 5.26 , 6.0 , 6 , 6
2 , 5.26 , 6.0 , 6 , 6
2 , 5.26 , 6.0 , 6 , 6
2 , 5.26 , 6.0 , 6 , 6
2 , 5.26 , 6.0 , 6 , 6
2 , 5.26 , 6.0 , 6 , 6
2 , 5.26 , 6.0 , 6 , 6
2 , 5.26 , 6.0 , 6 , 6
2 , 5.26 , 6.0 , 6 , 6
2 , 5.26 , 6.0 , 6 , 6
2 , 5.24 , 6.0 , 6 , 6
2 , 5.24 , 6.0 , 6 , 6
2 , 5.24 , 6.0 , 6 , 6
2 , 5.24 , 6.0 , 6 , 6
2 , 5.24 , 6.0 , 6 , 6
2 , 5.24 , 6.0 , 6 , 6
2 , 5.24 , 6.0 , 6 , 6
2 , 5.24 , 6.0 , 6 , 6
2 , 5.24 , 6.0 , 6 , 6
2 , 5.22 , 6.0 , 6 , 6
2 , 5.22 , 6.0 , 6 , 6
2 , 5.18 , 6.0 , 6 , 6
2 , 5.18 , 6.0 , 6 , 6
2 , 5.18 , 6.0 , 6 , 6
2 , 5.18 , 6.0 , 6 , 6
2 , 5.18 , 6.0 , 6 , 6
2 , 5.18 , 6.0 , 6 , 6
2 , 5.18 , 6.0 , 6 , 6
2 , 5.18 , 6.0 , 6 , 6
2 , 5.18 , 6.0 , 6 , 6
2 , 5.18 , 6.0 , 6 , 6
2 , 5.18 , 6.0 , 6 , 6
2 , 5.18 , 6.0 , 6 , 6
2 , 5.18 , 6.0 , 6 , 6
2 , 5.18 , 6.0 , 6 , 6
2 , 5.18 , 6.0 , 6 , 6
2 , 5.18 , 6.0 , 6 , 6
2 , 5.18 , 6.0 , 6 , 6
2 , 5.18 , 6.0 , 6 , 6
2 , 5.18 , 6.0 , 6 , 6
2 , 5.18 , 6.0 , 6 , 6
2 , 5.18 , 6.0 , 6 , 6
2 , 5.18 , 6.0 , 6 , 6
2 , 5.18 , 6.0 , 6 , 6
2 , 5.18 , 6.0 , 6 , 6
2 , 5.12 , 6.0 , 6 , 6
2 , 5.12 , 6.0 , 6 , 6
2 , 5.12 , 6.0 , 6 , 6
2 , 5.12 , 6.0 , 6 , 6
2 , 5.12 , 6.0 , 6 , 6
2 , 5.12 , 6.0 , 6 , 6
2 , 5.12 , 6.0 , 6 , 6
2 , 5.12 , 6.0 , 6 , 6
2 , 5.12 , 6.0 , 6 , 6
2 , 5.12 , 6.0 , 6 , 6
2 , 5.12 , 6.0 , 6 , 6
2 , 5.12 , 6.0 , 6 , 6
2 , 5.12 , 6.0 , 6 , 6
2 , 5.12 , 6.0 , 6 , 6
2 , 5.12 , 6.0 , 6 , 6
2 , 5.12 , 6.0 , 6 , 6
2 , 5.12 , 6.0 , 6 , 6
2 , 5.12 , 6.0 , 6 , 6
2 , 5.12 , 6.0 , 6 , 6
2 , 5.1 , 6.0 , 6 , 6
2 , 5.1 , 6.0 , 6 , 6
2 , 5.1 , 6.0 , 6 , 6
2 , 5.1 , 6.0 , 6 , 6
2 , 5.1 , 6.0 , 6 , 6
2 , 5.1 , 6.0 , 6 , 6
2 , 5.1 , 6.0 , 6 , 6
2 , 5.1 , 6.0 , 6 , 6
2 , 5.1 , 6.0 , 6 , 6
2 , 5.1 , 6.0 , 6 , 6
2 , 5.1 , 6.0 , 6 , 6
2 , 5.1 , 6.0 , 6 , 6
2 , 5.08 , 6.0 , 6 , 6
2 , 5.08 , 6.0 , 6 , 6
2 , 5.08 , 6.0 , 6 , 6
2 , 5.08 , 6.0 , 6 , 6
2 , 5.08 , 6.0 , 6 , 6
2 , 5.08 , 6.0 , 6 , 6
2 , 5.08 , 6.0 , 6 , 6
2 , 5.08 , 6.0 , 6 , 6
2 , 5.08 , 6.0 , 6 , 6
2 , 5.08 , 6.0 , 6 , 6
2 , 5.08 , 6.0 , 6 , 6
2 , 5.08 , 6.0 , 6 , 6
2 , 5.08 , 6.0 , 6 , 6
2 , 5.08 , 6.0 , 6 , 6
2 , 5.08 , 6.0 , 6 , 6
2 , 5.08 , 6.0 , 6 , 6
2 , 5.08 , 6.0 , 6 , 6
2 , 5.08 , 6.0 , 6 , 6
2 , 5.08 , 6.0 , 6 , 6
2 , 5.08 , 6.0 , 6 , 6
2 , 5.08 , 6.0 , 6 , 6
2 , 5.06 , 6.0 , 6 , 6
2 , 5.06 , 6.0 , 6 , 6
2 , 5.06 , 6.0 , 6 , 6
2 , 5.06 , 6.0 , 6 , 6
2 , 5.06 , 6.0 , 6 , 6
2 , 5.06 , 6.0 , 6 , 6
2 , 5.06 , 6.0 , 6 , 6
2 , 5.06 , 6.0 , 6 , 6
2 , 5.04 , 6.0 , 6 , 6
2 , 5.04 , 6.0 , 6 , 6
2 , 5.04 , 6.0 , 6 , 6
2 , 5.04 , 6.0 , 6 , 6
2 , 5.04 , 6.0 , 6 , 6
2 , 5.04 , 6.0 , 6 , 6
2 , 5.04 , 6.0 , 6 , 6
2 , 5.0 , 6.0 , 6 , 6
2 , 5.0 , 6.0 , 6 , 6
2 , 5.0 , 6.0 , 6 , 6
2 , 5.0 , 6.0 , 6 , 6
2 , 4.98 , 6.0 , 6 , 6
2 , 4.98 , 6.0 , 6 , 6
2 , 4.98 , 6.0 , 6 , 6
2 , 4.98 , 6.0 , 6 , 6
2 , 4.98 , 6.0 , 6 , 6
2 , 4.98 , 6.0 , 6 , 6
2 , 4.98 , 6.0 , 6 , 6
2 , 4.98 , 6.0 , 6 , 6
2 , 4.98 , 6.0 , 6 , 6
2 , 4.98 , 6.0 , 6 , 6
2 , 4.98 , 6.0 , 6 , 6
2 , 4.98 , 6.0 , 6 , 6
2 , 4.98 , 6.0 , 6 , 6
2 , 4.98 , 6.0 , 6 , 6
2 , 4.98 , 6.0 , 6 , 6
2 , 4.98 , 6.0 , 6 , 6
2 , 4.98 , 6.0 , 6 , 6
2 , 4.98 , 6.0 , 6 , 6
2 , 4.96 , 6.0 , 6 , 6
2 , 4.94 , 6.0 , 6 , 6
2 , 4.94 , 6.0 , 6 , 6
2 , 4.94 , 6.0 , 6 , 6
2 , 4.94 , 6.0 , 6 , 6
2 , 4.94 , 6.0 , 6 , 6
2 , 4.94 , 6.0 , 6 , 6
2 , 4.94 , 6.0 , 6 , 6
2 , 4.94 , 6.0 , 6 , 6
2 , 4.94 , 6.0 , 6 , 6
2 , 4.94 , 6.0 , 6 , 6
2 , 4.94 , 6.0 , 6 , 6
2 , 4.94 , 6.0 , 6 , 6
2 , 4.94 , 6.0 , 6 , 6
2 , 4.94 , 6.0 , 6 , 6
2 , 4.94 , 6.0 , 6 , 6
2 , 4.94 , 6.0 , 6 , 6
2 , 4.94 , 6.0 , 6 , 6
2 , 4.94 , 6.0 , 6 , 6
2 , 4.92 , 6.0 , 6 , 6
2 , 4.92 , 6.0 , 6 , 6
2 , 4.92 , 6.0 , 6 , 6
2 , 4.92 , 6.0 , 6 , 6
2 , 4.92 , 6.0 , 6 , 6
2 , 4.92 , 6.0 , 6 , 6
2 , 4.92 , 6.0 , 6 , 6
2 , 4.92 , 6.0 , 6 , 6
2 , 4.92 , 6.0 , 6 , 6
2 , 4.92 , 6.0 , 6 , 6
2 , 4.92 , 6.0 , 6 , 6
2 , 4.92 , 6.0 , 6 , 6
2 , 4.92 , 6.0 , 6 , 6
2 , 4.92 , 6.0 , 6 , 6
2 , 4.92 , 6.0 , 6 , 6
2 , 4.92 , 6.0 , 6 , 6
2 , 4.92 , 6.0 , 6 , 6
2 , 4.92 , 6.0 , 6 , 6
2 , 4.92 , 6.0 , 6 , 6
2 , 4.92 , 6.0 , 6 , 6
2 , 4.92 , 6.0 , 6 , 6
2 , 4.92 , 6.0 , 6 , 6
2 , 4.92 , 6.0 , 6 , 6
2 , 4.92 , 6.0 , 6 , 6
2 , 4.92 , 6.0 , 6 , 6
2 , 4.92 , 6.0 , 6 , 6
2 , 4.92 , 6.0 , 6 , 6
2 , 4.92 , 6.0 , 6 , 6
2 , 4.92 , 6.0 , 6 , 6
2 , 4.92 , 6.0 , 6 , 6
2 , 4.92 , 6.0 , 6 , 6
2 , 4.92 , 6.0 , 6 , 6
2 , 4.92 , 6.0 , 6 , 6
2 , 4.92 , 6.0 , 6 , 6
2 , 4.92 , 6.0 , 6 , 6
2 , 4.92 , 6.0 , 6 , 6
2 , 4.9 , 6.0 , 6 , 6
2 , 4.9 , 6.0 , 6 , 6
2 , 4.9 , 6.0 , 6 , 6
2 , 4.9 , 6.0 , 6 , 6
2 , 4.9 , 6.0 , 6 , 6
2 , 4.9 , 6.0 , 6 , 6
2 , 4.9 , 6.0 , 6 , 6
2 , 4.9 , 6.0 , 6 , 6
2 , 4.9 , 6.0 , 6 , 6
2 , 4.9 , 6.0 , 6 , 6
2 , 4.9 , 6.0 , 6 , 6
2 , 4.9 , 6.0 , 6 , 6
2 , 4.9 , 6.0 , 6 , 6
2 , 4.9 , 6.0 , 6 , 6
2 , 4.9 , 6.0 , 6 , 6
2 , 4.9 , 6.0 , 6 , 6
2 , 4.9 , 6.0 , 6 , 6
2 , 4.9 , 6.0 , 6 , 6
2 , 4.9 , 6.0 , 6 , 6
2 , 4.9 , 6.0 , 6 , 6
2 , 4.9 , 6.0 , 6 , 6
2 , 4.9 , 6.0 , 6 , 6
2 , 4.9 , 6.0 , 6 , 6
2 , 4.9 , 6.0 , 6 , 6
2 , 4.9 , 6.0 , 6 , 6
2 , 4.9 , 6.0 , 6 , 6
2 , 4.9 , 6.0 , 6 , 6
2 , 4.9 , 6.0 , 6 , 6
2 , 4.9 , 6.0 , 6 , 6
2 , 4.9 , 6.0 , 6 , 6
2 , 4.9 , 6.0 , 6 , 6
2 , 4.9 , 6.0 , 6 , 6
2 , 4.9 , 6.0 , 6 , 6
2 , 4.88 , 6.0 , 6 , 6
2 , 4.88 , 6.0 , 6 , 6
2 , 4.88 , 6.0 , 6 , 6
2 , 4.84 , 5.0 , 6 , 6
2 , 4.84 , 5.0 , 6 , 6
2 , 4.82 , 4.0 , 6 , 6
0  Perfect solutions
perfect solution individuals []
