4 , 14.48 , 14.0 , 16 , 26
4 , 14.26 , 14.0 , 16 , 22
4 , 14.02 , 14.0 , 16 , 22
4 , 13.84 , 14.0 , 16 , 20
4 , 13.78 , 14.0 , 16 , 20
4 , 13.62 , 14.0 , 16 , 20
4 , 13.52 , 14.0 , 16 , 20
4 , 13.36 , 14.0 , 16 , 20
4 , 13.26 , 14.0 , 16 , 20
4 , 13.16 , 14.0 , 16 , 18
4 , 13.08 , 14.0 , 16 , 18
4 , 12.88 , 14.0 , 16 , 18
4 , 12.86 , 14.0 , 16 , 18
4 , 12.84 , 14.0 , 16 , 18
4 , 12.72 , 14.0 , 16 , 18
4 , 12.64 , 13.0 , 16 , 18
4 , 12.6 , 13.0 , 16 , 18
4 , 12.52 , 12.0 , 16 , 18
4 , 12.5 , 12.0 , 16 , 18
4 , 12.44 , 12.0 , 16 , 16
4 , 12.38 , 12.0 , 16 , 16
4 , 12.36 , 12.0 , 16 , 16
4 , 12.24 , 12.0 , 10 , 16
4 , 12.2 , 12.0 , 10 , 16
4 , 12.2 , 12.0 , 10 , 16
4 , 12.1 , 12.0 , 10 , 16
4 , 12.1 , 12.0 , 10 , 16
4 , 12.1 , 12.0 , 10 , 16
4 , 12.1 , 12.0 , 10 , 16
4 , 12.1 , 12.0 , 10 , 16
4 , 12.04 , 12.0 , 10 , 16
4 , 11.98 , 12.0 , 10 , 16
4 , 11.8 , 12.0 , 10 , 16
4 , 11.74 , 12.0 , 10 , 16
4 , 11.7 , 12.0 , 10 , 16
4 , 11.62 , 12.0 , 10 , 16
4 , 11.62 , 12.0 , 10 , 16
4 , 11.54 , 12.0 , 10 , 16
4 , 11.44 , 12.0 , 10 , 16
4 , 11.44 , 12.0 , 10 , 16
4 , 11.38 , 12.0 , 10 , 16
4 , 11.3 , 12.0 , 10 , 16
4 , 11.18 , 12.0 , 10 , 16
4 , 11.14 , 12.0 , 10 , 16
4 , 11.08 , 12.0 , 10 , 14
4 , 11.04 , 11.0 , 10 , 14
4 , 10.9 , 10.0 , 10 , 14
4 , 10.9 , 10.0 , 10 , 14
4 , 10.88 , 10.0 , 10 , 14
4 , 10.84 , 10.0 , 10 , 14
4 , 10.8 , 10.0 , 10 , 14
4 , 10.78 , 10.0 , 10 , 14
4 , 10.76 , 10.0 , 10 , 14
4 , 10.74 , 10.0 , 10 , 14
4 , 10.74 , 10.0 , 10 , 14
4 , 10.74 , 10.0 , 10 , 14
4 , 10.66 , 10.0 , 10 , 14
4 , 10.6 , 10.0 , 10 , 14
4 , 10.48 , 10.0 , 10 , 14
4 , 10.46 , 10.0 , 10 , 14
4 , 10.36 , 10.0 , 10 , 14
4 , 10.28 , 10.0 , 10 , 14
4 , 10.24 , 10.0 , 10 , 14
4 , 10.18 , 10.0 , 10 , 14
4 , 10.16 , 10.0 , 10 , 14
4 , 10.14 , 10.0 , 10 , 14
4 , 10.02 , 10.0 , 10 , 14
4 , 9.98 , 10.0 , 10 , 12
4 , 9.94 , 10.0 , 10 , 12
4 , 9.94 , 10.0 , 10 , 12
4 , 9.94 , 10.0 , 10 , 12
4 , 9.92 , 10.0 , 10 , 12
4 , 9.82 , 10.0 , 10 , 12
4 , 9.76 , 10.0 , 10 , 12
4 , 9.74 , 10.0 , 10 , 12
4 , 9.74 , 10.0 , 10 , 12
4 , 9.74 , 10.0 , 10 , 12
4 , 9.7 , 10.0 , 10 , 12
4 , 9.68 , 10.0 , 10 , 12
4 , 9.68 , 10.0 , 10 , 12
4 , 9.68 , 10.0 , 10 , 12
4 , 9.66 , 10.0 , 10 , 12
4 , 9.66 , 10.0 , 10 , 12
4 , 9.66 , 10.0 , 10 , 12
4 , 9.6 , 10.0 , 10 , 12
4 , 9.58 , 10.0 , 10 , 12
4 , 9.58 , 10.0 , 10 , 12
4 , 9.52 , 10.0 , 10 , 12
4 , 9.52 , 10.0 , 10 , 12
4 , 9.52 , 10.0 , 10 , 12
4 , 9.5 , 10.0 , 10 , 12
4 , 9.5 , 10.0 , 10 , 12
4 , 9.48 , 10.0 , 10 , 12
4 , 9.48 , 10.0 , 10 , 12
4 , 9.42 , 10.0 , 10 , 12
4 , 9.38 , 10.0 , 10 , 12
4 , 9.38 , 10.0 , 10 , 12
4 , 9.38 , 10.0 , 10 , 12
4 , 9.38 , 10.0 , 10 , 12
4 , 9.38 , 10.0 , 10 , 12
4 , 9.32 , 10.0 , 10 , 12
4 , 9.3 , 10.0 , 10 , 12
4 , 9.28 , 10.0 , 10 , 12
4 , 9.28 , 10.0 , 10 , 12
4 , 9.26 , 10.0 , 10 , 12
4 , 9.24 , 10.0 , 10 , 12
4 , 9.16 , 10.0 , 10 , 12
4 , 9.14 , 10.0 , 10 , 12
4 , 9.12 , 10.0 , 10 , 12
4 , 9.12 , 10.0 , 10 , 12
4 , 9.06 , 10.0 , 10 , 12
4 , 8.98 , 10.0 , 10 , 12
4 , 8.98 , 10.0 , 10 , 12
4 , 8.96 , 10.0 , 10 , 12
4 , 8.96 , 10.0 , 10 , 12
4 , 8.9 , 10.0 , 10 , 10
4 , 8.88 , 10.0 , 10 , 10
4 , 8.88 , 10.0 , 10 , 10
4 , 8.86 , 10.0 , 10 , 10
4 , 8.86 , 10.0 , 10 , 10
4 , 8.86 , 10.0 , 10 , 10
4 , 8.86 , 10.0 , 10 , 10
4 , 8.84 , 10.0 , 10 , 10
4 , 8.82 , 10.0 , 10 , 10
4 , 8.78 , 10.0 , 10 , 10
4 , 8.72 , 10.0 , 10 , 10
4 , 8.68 , 10.0 , 10 , 10
4 , 8.66 , 10.0 , 10 , 10
4 , 8.66 , 10.0 , 10 , 10
4 , 8.66 , 10.0 , 10 , 10
4 , 8.64 , 10.0 , 10 , 10
4 , 8.64 , 10.0 , 10 , 10
4 , 8.56 , 10.0 , 10 , 10
4 , 8.56 , 10.0 , 10 , 10
4 , 8.56 , 10.0 , 10 , 10
4 , 8.56 , 10.0 , 10 , 10
4 , 8.52 , 8.0 , 10 , 10
4 , 8.46 , 8.0 , 10 , 10
4 , 8.42 , 8.0 , 10 , 10
4 , 8.4 , 8.0 , 10 , 10
4 , 8.4 , 8.0 , 10 , 10
4 , 8.38 , 8.0 , 10 , 10
4 , 8.38 , 8.0 , 10 , 10
4 , 8.38 , 8.0 , 10 , 10
4 , 8.38 , 8.0 , 10 , 10
4 , 8.38 , 8.0 , 10 , 10
4 , 8.36 , 8.0 , 10 , 10
4 , 8.36 , 8.0 , 10 , 10
4 , 8.34 , 8.0 , 10 , 10
4 , 8.3 , 8.0 , 10 , 10
4 , 8.3 , 8.0 , 10 , 10
4 , 8.28 , 8.0 , 10 , 10
4 , 8.28 , 8.0 , 10 , 10
4 , 8.28 , 8.0 , 10 , 10
4 , 8.28 , 8.0 , 10 , 10
4 , 8.22 , 8.0 , 8 , 10
4 , 8.22 , 8.0 , 8 , 10
4 , 8.14 , 8.0 , 8 , 10
4 , 8.14 , 8.0 , 8 , 10
4 , 8.12 , 8.0 , 8 , 10
4 , 8.12 , 8.0 , 8 , 10
4 , 8.12 , 8.0 , 8 , 10
4 , 8.1 , 8.0 , 8 , 10
4 , 8.06 , 8.0 , 8 , 10
4 , 8.06 , 8.0 , 8 , 10
4 , 8.06 , 8.0 , 8 , 10
4 , 8.06 , 8.0 , 8 , 10
4 , 8.04 , 8.0 , 8 , 10
4 , 8.04 , 8.0 , 8 , 10
4 , 8.04 , 8.0 , 8 , 10
4 , 8.02 , 8.0 , 8 , 10
4 , 7.98 , 8.0 , 8 , 10
4 , 7.98 , 8.0 , 8 , 10
4 , 7.9 , 8.0 , 8 , 10
4 , 7.86 , 8.0 , 8 , 10
4 , 7.86 , 8.0 , 8 , 10
4 , 7.86 , 8.0 , 8 , 10
4 , 7.84 , 8.0 , 8 , 10
4 , 7.78 , 8.0 , 8 , 10
4 , 7.74 , 8.0 , 8 , 10
4 , 7.74 , 8.0 , 8 , 10
4 , 7.74 , 8.0 , 8 , 10
4 , 7.7 , 8.0 , 8 , 10
4 , 7.7 , 8.0 , 8 , 10
4 , 7.68 , 8.0 , 8 , 10
4 , 7.66 , 8.0 , 8 , 10
4 , 7.6 , 8.0 , 8 , 10
4 , 7.6 , 8.0 , 8 , 10
4 , 7.54 , 8.0 , 8 , 10
4 , 7.52 , 8.0 , 8 , 10
4 , 7.48 , 8.0 , 8 , 10
4 , 7.44 , 8.0 , 8 , 10
4 , 7.44 , 8.0 , 8 , 10
4 , 7.44 , 8.0 , 8 , 10
4 , 7.42 , 8.0 , 8 , 10
4 , 7.42 , 8.0 , 8 , 10
4 , 7.42 , 8.0 , 8 , 10
4 , 7.4 , 8.0 , 8 , 10
4 , 7.38 , 8.0 , 8 , 10
4 , 7.34 , 8.0 , 8 , 10
4 , 7.34 , 8.0 , 8 , 10
4 , 7.34 , 8.0 , 8 , 10
4 , 7.34 , 8.0 , 8 , 10
4 , 7.32 , 8.0 , 8 , 10
4 , 7.32 , 8.0 , 8 , 10
4 , 7.32 , 8.0 , 8 , 10
4 , 7.32 , 8.0 , 8 , 10
4 , 7.3 , 8.0 , 8 , 10
4 , 7.28 , 8.0 , 8 , 10
4 , 7.26 , 8.0 , 8 , 10
4 , 7.26 , 8.0 , 8 , 10
4 , 7.2 , 8.0 , 8 , 10
4 , 7.14 , 8.0 , 8 , 10
4 , 7.14 , 8.0 , 8 , 10
4 , 7.14 , 8.0 , 8 , 10
4 , 7.14 , 8.0 , 8 , 10
4 , 7.14 , 8.0 , 8 , 10
4 , 7.14 , 8.0 , 8 , 10
4 , 7.14 , 8.0 , 8 , 10
4 , 7.14 , 8.0 , 8 , 10
4 , 7.14 , 8.0 , 8 , 10
4 , 7.14 , 8.0 , 8 , 10
4 , 7.12 , 8.0 , 8 , 8
4 , 7.12 , 8.0 , 8 , 8
4 , 7.12 , 8.0 , 8 , 8
4 , 7.12 , 8.0 , 8 , 8
4 , 7.12 , 8.0 , 8 , 8
4 , 7.12 , 8.0 , 8 , 8
4 , 7.12 , 8.0 , 8 , 8
4 , 7.12 , 8.0 , 8 , 8
4 , 7.12 , 8.0 , 8 , 8
4 , 7.08 , 8.0 , 8 , 8
4 , 7.08 , 8.0 , 8 , 8
4 , 7.08 , 8.0 , 8 , 8
4 , 7.08 , 8.0 , 8 , 8
4 , 7.08 , 8.0 , 8 , 8
4 , 7.06 , 8.0 , 8 , 8
4 , 7.06 , 8.0 , 8 , 8
4 , 7.06 , 8.0 , 8 , 8
4 , 7.02 , 8.0 , 8 , 8
4 , 7.02 , 8.0 , 8 , 8
4 , 7.02 , 8.0 , 8 , 8
4 , 7.02 , 8.0 , 8 , 8
4 , 7.02 , 8.0 , 8 , 8
4 , 7.02 , 8.0 , 8 , 8
4 , 7.02 , 8.0 , 8 , 8
4 , 7.0 , 8.0 , 8 , 8
4 , 7.0 , 8.0 , 8 , 8
4 , 7.0 , 8.0 , 8 , 8
4 , 7.0 , 8.0 , 8 , 8
4 , 7.0 , 8.0 , 8 , 8
4 , 6.98 , 8.0 , 8 , 8
4 , 6.98 , 8.0 , 8 , 8
4 , 6.98 , 8.0 , 8 , 8
4 , 6.98 , 8.0 , 8 , 8
4 , 6.98 , 8.0 , 8 , 8
4 , 6.98 , 8.0 , 8 , 8
4 , 6.98 , 8.0 , 8 , 8
2 , 6.92 , 8.0 , 8 , 8
2 , 6.92 , 8.0 , 8 , 8
2 , 6.92 , 8.0 , 8 , 8
2 , 6.9 , 8.0 , 8 , 8
2 , 6.9 , 8.0 , 8 , 8
2 , 6.9 , 8.0 , 8 , 8
2 , 6.86 , 8.0 , 8 , 8
2 , 6.86 , 8.0 , 8 , 8
2 , 6.86 , 8.0 , 8 , 8
2 , 6.84 , 8.0 , 8 , 8
2 , 6.84 , 8.0 , 8 , 8
2 , 6.84 , 8.0 , 8 , 8
2 , 6.84 , 8.0 , 8 , 8
2 , 6.84 , 8.0 , 8 , 8
2 , 6.84 , 8.0 , 8 , 8
2 , 6.84 , 8.0 , 8 , 8
2 , 6.78 , 8.0 , 8 , 8
2 , 6.78 , 8.0 , 8 , 8
2 , 6.76 , 8.0 , 8 , 8
2 , 6.76 , 8.0 , 8 , 8
2 , 6.76 , 8.0 , 8 , 8
2 , 6.76 , 8.0 , 8 , 8
2 , 6.76 , 8.0 , 8 , 8
2 , 6.76 , 8.0 , 8 , 8
2 , 6.76 , 8.0 , 8 , 8
2 , 6.76 , 8.0 , 8 , 8
2 , 6.76 , 8.0 , 8 , 8
2 , 6.76 , 8.0 , 8 , 8
2 , 6.76 , 8.0 , 8 , 8
2 , 6.76 , 8.0 , 8 , 8
2 , 6.76 , 8.0 , 8 , 8
2 , 6.76 , 8.0 , 8 , 8
2 , 6.76 , 8.0 , 8 , 8
2 , 6.76 , 8.0 , 8 , 8
2 , 6.76 , 8.0 , 8 , 8
2 , 6.72 , 8.0 , 8 , 8
2 , 6.72 , 8.0 , 8 , 8
2 , 6.72 , 8.0 , 8 , 8
2 , 6.72 , 8.0 , 8 , 8
2 , 6.72 , 8.0 , 8 , 8
2 , 6.72 , 8.0 , 8 , 8
2 , 6.72 , 8.0 , 8 , 8
2 , 6.7 , 8.0 , 8 , 8
2 , 6.7 , 8.0 , 8 , 8
2 , 6.7 , 8.0 , 8 , 8
2 , 6.7 , 8.0 , 8 , 8
2 , 6.7 , 8.0 , 8 , 8
2 , 6.7 , 8.0 , 8 , 8
2 , 6.68 , 7.0 , 8 , 8
2 , 6.68 , 7.0 , 8 , 8
2 , 6.68 , 7.0 , 8 , 8
2 , 6.68 , 7.0 , 8 , 8
2 , 6.68 , 7.0 , 8 , 8
2 , 6.66 , 6.0 , 8 , 8
2 , 6.66 , 6.0 , 8 , 8
2 , 6.66 , 6.0 , 8 , 8
2 , 6.66 , 6.0 , 8 , 8
2 , 6.66 , 6.0 , 8 , 8
2 , 6.66 , 6.0 , 8 , 8
2 , 6.66 , 6.0 , 8 , 8
2 , 6.66 , 6.0 , 8 , 8
2 , 6.66 , 6.0 , 8 , 8
2 , 6.66 , 6.0 , 8 , 8
2 , 6.66 , 6.0 , 8 , 8
2 , 6.66 , 6.0 , 8 , 8
2 , 6.66 , 6.0 , 8 , 8
2 , 6.66 , 6.0 , 8 , 8
2 , 6.66 , 6.0 , 8 , 8
2 , 6.62 , 6.0 , 8 , 8
2 , 6.62 , 6.0 , 8 , 8
2 , 6.62 , 6.0 , 8 , 8
2 , 6.6 , 6.0 , 8 , 8
2 , 6.6 , 6.0 , 8 , 8
2 , 6.58 , 6.0 , 8 , 8
2 , 6.58 , 6.0 , 8 , 8
2 , 6.58 , 6.0 , 8 , 8
2 , 6.58 , 6.0 , 8 , 8
2 , 6.58 , 6.0 , 8 , 8
2 , 6.58 , 6.0 , 8 , 8
2 , 6.58 , 6.0 , 8 , 8
2 , 6.56 , 6.0 , 8 , 8
2 , 6.56 , 6.0 , 8 , 8
2 , 6.56 , 6.0 , 8 , 8
2 , 6.56 , 6.0 , 8 , 8
2 , 6.56 , 6.0 , 8 , 8
2 , 6.56 , 6.0 , 8 , 8
2 , 6.56 , 6.0 , 8 , 8
2 , 6.56 , 6.0 , 8 , 8
2 , 6.56 , 6.0 , 8 , 8
2 , 6.56 , 6.0 , 8 , 8
2 , 6.56 , 6.0 , 8 , 8
2 , 6.56 , 6.0 , 8 , 8
2 , 6.54 , 6.0 , 8 , 8
2 , 6.54 , 6.0 , 8 , 8
2 , 6.54 , 6.0 , 8 , 8
2 , 6.54 , 6.0 , 8 , 8
2 , 6.5 , 6.0 , 8 , 8
2 , 6.5 , 6.0 , 8 , 8
2 , 6.48 , 6.0 , 6 , 8
2 , 6.48 , 6.0 , 6 , 8
2 , 6.48 , 6.0 , 6 , 8
2 , 6.48 , 6.0 , 6 , 8
2 , 6.46 , 6.0 , 6 , 8
2 , 6.46 , 6.0 , 6 , 8
2 , 6.44 , 6.0 , 6 , 8
2 , 6.44 , 6.0 , 6 , 8
2 , 6.42 , 6.0 , 6 , 8
2 , 6.42 , 6.0 , 6 , 8
2 , 6.42 , 6.0 , 6 , 8
2 , 6.4 , 6.0 , 6 , 8
2 , 6.4 , 6.0 , 6 , 8
2 , 6.4 , 6.0 , 6 , 8
2 , 6.4 , 6.0 , 6 , 8
2 , 6.4 , 6.0 , 6 , 8
2 , 6.4 , 6.0 , 6 , 8
2 , 6.4 , 6.0 , 6 , 8
2 , 6.4 , 6.0 , 6 , 8
2 , 6.4 , 6.0 , 6 , 8
2 , 6.34 , 6.0 , 6 , 8
2 , 6.34 , 6.0 , 6 , 8
2 , 6.34 , 6.0 , 6 , 8
2 , 6.34 , 6.0 , 6 , 8
2 , 6.34 , 6.0 , 6 , 8
2 , 6.34 , 6.0 , 6 , 8
2 , 6.34 , 6.0 , 6 , 8
2 , 6.34 , 6.0 , 6 , 8
2 , 6.34 , 6.0 , 6 , 8
2 , 6.34 , 6.0 , 6 , 8
2 , 6.26 , 6.0 , 6 , 8
2 , 6.26 , 6.0 , 6 , 8
2 , 6.26 , 6.0 , 6 , 8
2 , 6.26 , 6.0 , 6 , 8
2 , 6.26 , 6.0 , 6 , 8
2 , 6.26 , 6.0 , 6 , 8
2 , 6.26 , 6.0 , 6 , 8
2 , 6.24 , 6.0 , 6 , 8
2 , 6.24 , 6.0 , 6 , 8
2 , 6.24 , 6.0 , 6 , 8
2 , 6.24 , 6.0 , 6 , 8
2 , 6.24 , 6.0 , 6 , 8
2 , 6.24 , 6.0 , 6 , 8
2 , 6.24 , 6.0 , 6 , 8
2 , 6.24 , 6.0 , 6 , 8
2 , 6.24 , 6.0 , 6 , 8
2 , 6.24 , 6.0 , 6 , 8
2 , 6.24 , 6.0 , 6 , 8
2 , 6.24 , 6.0 , 6 , 8
2 , 6.24 , 6.0 , 6 , 8
2 , 6.22 , 6.0 , 6 , 8
2 , 6.18 , 6.0 , 6 , 8
2 , 6.18 , 6.0 , 6 , 8
2 , 6.18 , 6.0 , 6 , 8
2 , 6.18 , 6.0 , 6 , 8
2 , 6.18 , 6.0 , 6 , 8
2 , 6.18 , 6.0 , 6 , 8
2 , 6.18 , 6.0 , 6 , 8
2 , 6.18 , 6.0 , 6 , 8
2 , 6.18 , 6.0 , 6 , 8
2 , 6.18 , 6.0 , 6 , 8
2 , 6.18 , 6.0 , 6 , 8
2 , 6.18 , 6.0 , 6 , 8
2 , 6.18 , 6.0 , 6 , 8
2 , 6.18 , 6.0 , 6 , 8
2 , 6.18 , 6.0 , 6 , 8
2 , 6.18 , 6.0 , 6 , 8
2 , 6.14 , 6.0 , 6 , 8
2 , 6.14 , 6.0 , 6 , 8
2 , 6.14 , 6.0 , 6 , 8
2 , 6.14 , 6.0 , 6 , 8
2 , 6.14 , 6.0 , 6 , 8
2 , 6.14 , 6.0 , 6 , 8
2 , 6.14 , 6.0 , 6 , 8
2 , 6.14 , 6.0 , 6 , 8
2 , 6.14 , 6.0 , 6 , 8
2 , 6.14 , 6.0 , 6 , 8
2 , 6.14 , 6.0 , 6 , 8
2 , 6.12 , 6.0 , 6 , 8
2 , 6.12 , 6.0 , 6 , 8
2 , 6.1 , 6.0 , 6 , 8
2 , 6.08 , 6.0 , 6 , 8
2 , 6.08 , 6.0 , 6 , 8
2 , 6.06 , 6.0 , 6 , 8
2 , 6.02 , 6.0 , 6 , 8
2 , 6.0 , 6.0 , 6 , 8
2 , 6.0 , 6.0 , 6 , 8
2 , 6.0 , 6.0 , 6 , 8
2 , 6.0 , 6.0 , 6 , 8
2 , 5.98 , 6.0 , 6 , 8
2 , 5.98 , 6.0 , 6 , 8
2 , 5.98 , 6.0 , 6 , 8
2 , 5.98 , 6.0 , 6 , 8
2 , 5.96 , 6.0 , 6 , 8
2 , 5.96 , 6.0 , 6 , 8
2 , 5.96 , 6.0 , 6 , 8
2 , 5.96 , 6.0 , 6 , 8
2 , 5.96 , 6.0 , 6 , 8
2 , 5.96 , 6.0 , 6 , 8
2 , 5.96 , 6.0 , 6 , 8
2 , 5.96 , 6.0 , 6 , 8
2 , 5.94 , 6.0 , 6 , 8
2 , 5.92 , 6.0 , 6 , 8
2 , 5.92 , 6.0 , 6 , 8
2 , 5.92 , 6.0 , 6 , 8
2 , 5.92 , 6.0 , 6 , 8
2 , 5.92 , 6.0 , 6 , 8
2 , 5.92 , 6.0 , 6 , 8
2 , 5.92 , 6.0 , 6 , 8
2 , 5.92 , 6.0 , 6 , 8
2 , 5.92 , 6.0 , 6 , 8
2 , 5.92 , 6.0 , 6 , 8
2 , 5.92 , 6.0 , 6 , 8
2 , 5.92 , 6.0 , 6 , 8
2 , 5.9 , 6.0 , 6 , 8
2 , 5.88 , 6.0 , 6 , 8
2 , 5.88 , 6.0 , 6 , 8
2 , 5.88 , 6.0 , 6 , 8
2 , 5.88 , 6.0 , 6 , 8
2 , 5.86 , 6.0 , 6 , 8
2 , 5.86 , 6.0 , 6 , 8
2 , 5.86 , 6.0 , 6 , 8
2 , 5.86 , 6.0 , 6 , 8
2 , 5.82 , 6.0 , 6 , 8
2 , 5.82 , 6.0 , 6 , 8
2 , 5.82 , 6.0 , 6 , 8
2 , 5.82 , 6.0 , 6 , 8
2 , 5.82 , 6.0 , 6 , 8
2 , 5.82 , 6.0 , 6 , 8
2 , 5.82 , 6.0 , 6 , 8
2 , 5.8 , 6.0 , 6 , 8
2 , 5.8 , 6.0 , 6 , 8
2 , 5.8 , 6.0 , 6 , 8
2 , 5.8 , 6.0 , 6 , 8
2 , 5.8 , 6.0 , 6 , 8
2 , 5.8 , 6.0 , 6 , 8
2 , 5.8 , 6.0 , 6 , 8
2 , 5.78 , 6.0 , 6 , 8
2 , 5.78 , 6.0 , 6 , 8
2 , 5.78 , 6.0 , 6 , 8
2 , 5.78 , 6.0 , 6 , 8
2 , 5.78 , 6.0 , 6 , 8
2 , 5.78 , 6.0 , 6 , 8
2 , 5.78 , 6.0 , 6 , 8
2 , 5.74 , 6.0 , 6 , 8
2 , 5.74 , 6.0 , 6 , 8
2 , 5.74 , 6.0 , 6 , 8
2 , 5.74 , 6.0 , 6 , 8
2 , 5.72 , 6.0 , 6 , 8
2 , 5.72 , 6.0 , 6 , 8
2 , 5.7 , 6.0 , 6 , 8
2 , 5.7 , 6.0 , 6 , 8
2 , 5.7 , 6.0 , 6 , 8
2 , 5.7 , 6.0 , 6 , 8
2 , 5.7 , 6.0 , 6 , 8
2 , 5.7 , 6.0 , 6 , 8
2 , 5.7 , 6.0 , 6 , 8
2 , 5.68 , 6.0 , 6 , 8
2 , 5.68 , 6.0 , 6 , 8
2 , 5.68 , 6.0 , 6 , 8
2 , 5.68 , 6.0 , 6 , 8
2 , 5.68 , 6.0 , 6 , 8
2 , 5.68 , 6.0 , 6 , 8
2 , 5.68 , 6.0 , 6 , 8
2 , 5.68 , 6.0 , 6 , 8
2 , 5.66 , 6.0 , 6 , 8
2 , 5.66 , 6.0 , 6 , 8
2 , 5.66 , 6.0 , 6 , 8
2 , 5.64 , 6.0 , 6 , 8
2 , 5.64 , 6.0 , 6 , 8
2 , 5.64 , 6.0 , 6 , 8
2 , 5.64 , 6.0 , 6 , 8
2 , 5.64 , 6.0 , 6 , 8
2 , 5.64 , 6.0 , 6 , 8
2 , 5.64 , 6.0 , 6 , 8
2 , 5.64 , 6.0 , 6 , 8
2 , 5.62 , 6.0 , 6 , 8
2 , 5.62 , 6.0 , 6 , 8
2 , 5.62 , 6.0 , 6 , 8
2 , 5.62 , 6.0 , 6 , 8
2 , 5.62 , 6.0 , 6 , 8
2 , 5.62 , 6.0 , 6 , 8
2 , 5.62 , 6.0 , 6 , 8
2 , 5.62 , 6.0 , 6 , 8
2 , 5.62 , 6.0 , 6 , 8
2 , 5.62 , 6.0 , 6 , 8
2 , 5.6 , 6.0 , 6 , 8
2 , 5.6 , 6.0 , 6 , 8
2 , 5.58 , 6.0 , 6 , 8
2 , 5.58 , 6.0 , 6 , 8
2 , 5.58 , 6.0 , 6 , 8
2 , 5.58 , 6.0 , 6 , 8
2 , 5.58 , 6.0 , 6 , 8
2 , 5.56 , 6.0 , 6 , 8
2 , 5.56 , 6.0 , 6 , 8
2 , 5.56 , 6.0 , 6 , 8
2 , 5.52 , 6.0 , 6 , 8
2 , 5.52 , 6.0 , 6 , 8
2 , 5.5 , 6.0 , 6 , 6
2 , 5.5 , 6.0 , 6 , 6
2 , 5.5 , 6.0 , 6 , 6
2 , 5.48 , 6.0 , 6 , 6
2 , 5.48 , 6.0 , 6 , 6
2 , 5.48 , 6.0 , 6 , 6
2 , 5.44 , 6.0 , 6 , 6
2 , 5.44 , 6.0 , 6 , 6
2 , 5.44 , 6.0 , 6 , 6
2 , 5.44 , 6.0 , 6 , 6
2 , 5.44 , 6.0 , 6 , 6
2 , 5.42 , 6.0 , 6 , 6
2 , 5.42 , 6.0 , 6 , 6
2 , 5.42 , 6.0 , 6 , 6
2 , 5.42 , 6.0 , 6 , 6
2 , 5.42 , 6.0 , 6 , 6
2 , 5.42 , 6.0 , 6 , 6
2 , 5.42 , 6.0 , 6 , 6
2 , 5.42 , 6.0 , 6 , 6
2 , 5.42 , 6.0 , 6 , 6
2 , 5.42 , 6.0 , 6 , 6
2 , 5.42 , 6.0 , 6 , 6
2 , 5.42 , 6.0 , 6 , 6
2 , 5.42 , 6.0 , 6 , 6
2 , 5.42 , 6.0 , 6 , 6
2 , 5.42 , 6.0 , 6 , 6
2 , 5.4 , 6.0 , 6 , 6
2 , 5.4 , 6.0 , 6 , 6
2 , 5.4 , 6.0 , 6 , 6
2 , 5.4 , 6.0 , 6 , 6
2 , 5.4 , 6.0 , 6 , 6
2 , 5.4 , 6.0 , 6 , 6
2 , 5.4 , 6.0 , 6 , 6
2 , 5.4 , 6.0 , 6 , 6
2 , 5.4 , 6.0 , 6 , 6
2 , 5.4 , 6.0 , 6 , 6
2 , 5.4 , 6.0 , 6 , 6
2 , 5.4 , 6.0 , 6 , 6
2 , 5.4 , 6.0 , 6 , 6
2 , 5.4 , 6.0 , 6 , 6
2 , 5.4 , 6.0 , 6 , 6
2 , 5.4 , 6.0 , 6 , 6
2 , 5.4 , 6.0 , 6 , 6
2 , 5.4 , 6.0 , 6 , 6
2 , 5.4 , 6.0 , 6 , 6
2 , 5.4 , 6.0 , 6 , 6
2 , 5.4 , 6.0 , 6 , 6
2 , 5.4 , 6.0 , 6 , 6
2 , 5.4 , 6.0 , 6 , 6
2 , 5.38 , 6.0 , 6 , 6
2 , 5.38 , 6.0 , 6 , 6
2 , 5.38 , 6.0 , 6 , 6
2 , 5.38 , 6.0 , 6 , 6
2 , 5.38 , 6.0 , 6 , 6
2 , 5.38 , 6.0 , 6 , 6
2 , 5.38 , 6.0 , 6 , 6
2 , 5.38 , 6.0 , 6 , 6
2 , 5.36 , 6.0 , 6 , 6
2 , 5.36 , 6.0 , 6 , 6
2 , 5.36 , 6.0 , 6 , 6
2 , 5.36 , 6.0 , 6 , 6
2 , 5.36 , 6.0 , 6 , 6
2 , 5.36 , 6.0 , 6 , 6
2 , 5.36 , 6.0 , 6 , 6
2 , 5.36 , 6.0 , 6 , 6
2 , 5.36 , 6.0 , 6 , 6
2 , 5.34 , 6.0 , 6 , 6
2 , 5.34 , 6.0 , 6 , 6
2 , 5.32 , 6.0 , 6 , 6
2 , 5.32 , 6.0 , 6 , 6
2 , 5.32 , 6.0 , 6 , 6
2 , 5.32 , 6.0 , 6 , 6
2 , 5.32 , 6.0 , 6 , 6
2 , 5.3 , 6.0 , 6 , 6
2 , 5.28 , 6.0 , 6 , 6
2 , 5.28 , 6.0 , 6 , 6
2 , 5.28 , 6.0 , 6 , 6
2 , 5.26 , 6.0 , 6 , 6
2 , 5.26 , 6.0 , 6 , 6
2 , 5.26 , 6.0 , 6 , 6
2 , 5.26 , 6.0 , 6 , 6
2 , 5.26 , 6.0 , 6 , 6
2 , 5.26 , 6.0 , 6 , 6
2 , 5.26 , 6.0 , 6 , 6
2 , 5.26 , 6.0 , 6 , 6
2 , 5.26 , 6.0 , 6 , 6
2 , 5.26 , 6.0 , 6 , 6
2 , 5.26 , 6.0 , 6 , 6
2 , 5.24 , 6.0 , 6 , 6
2 , 5.24 , 6.0 , 6 , 6
2 , 5.24 , 6.0 , 6 , 6
2 , 5.24 , 6.0 , 6 , 6
2 , 5.24 , 6.0 , 6 , 6
2 , 5.24 , 6.0 , 6 , 6
2 , 5.24 , 6.0 , 6 , 6
2 , 5.24 , 6.0 , 6 , 6
2 , 5.24 , 6.0 , 6 , 6
2 , 5.24 , 6.0 , 6 , 6
2 , 5.24 , 6.0 , 6 , 6
2 , 5.24 , 6.0 , 6 , 6
2 , 5.24 , 6.0 , 6 , 6
2 , 5.24 , 6.0 , 6 , 6
2 , 5.24 , 6.0 , 6 , 6
2 , 5.24 , 6.0 , 6 , 6
2 , 5.24 , 6.0 , 6 , 6
2 , 5.24 , 6.0 , 6 , 6
2 , 5.24 , 6.0 , 6 , 6
2 , 5.24 , 6.0 , 6 , 6
2 , 5.24 , 6.0 , 6 , 6
2 , 5.24 , 6.0 , 6 , 6
2 , 5.24 , 6.0 , 6 , 6
2 , 5.24 , 6.0 , 6 , 6
2 , 5.24 , 6.0 , 6 , 6
2 , 5.24 , 6.0 , 6 , 6
2 , 5.22 , 6.0 , 6 , 6
2 , 5.22 , 6.0 , 6 , 6
2 , 5.22 , 6.0 , 6 , 6
2 , 5.22 , 6.0 , 6 , 6
2 , 5.22 , 6.0 , 6 , 6
2 , 5.22 , 6.0 , 6 , 6
2 , 5.2 , 6.0 , 6 , 6
2 , 5.2 , 6.0 , 6 , 6
2 , 5.2 , 6.0 , 6 , 6
2 , 5.2 , 6.0 , 6 , 6
2 , 5.2 , 6.0 , 6 , 6
2 , 5.2 , 6.0 , 6 , 6
2 , 5.2 , 6.0 , 6 , 6
2 , 5.2 , 6.0 , 6 , 6
2 , 5.18 , 6.0 , 6 , 6
2 , 5.18 , 6.0 , 6 , 6
2 , 5.16 , 6.0 , 6 , 6
2 , 5.16 , 6.0 , 6 , 6
2 , 5.16 , 6.0 , 6 , 6
2 , 5.14 , 6.0 , 6 , 6
2 , 5.14 , 6.0 , 6 , 6
2 , 5.14 , 6.0 , 6 , 6
2 , 5.14 , 6.0 , 6 , 6
2 , 5.14 , 6.0 , 6 , 6
2 , 5.14 , 6.0 , 6 , 6
2 , 5.14 , 6.0 , 6 , 6
2 , 5.14 , 6.0 , 6 , 6
2 , 5.14 , 6.0 , 6 , 6
2 , 5.14 , 6.0 , 6 , 6
2 , 5.14 , 6.0 , 6 , 6
2 , 5.14 , 6.0 , 6 , 6
2 , 5.12 , 6.0 , 6 , 6
2 , 5.12 , 6.0 , 6 , 6
2 , 5.12 , 6.0 , 6 , 6
2 , 5.12 , 6.0 , 6 , 6
2 , 5.12 , 6.0 , 6 , 6
2 , 5.12 , 6.0 , 6 , 6
2 , 5.12 , 6.0 , 6 , 6
2 , 5.12 , 6.0 , 6 , 6
2 , 5.12 , 6.0 , 6 , 6
2 , 5.12 , 6.0 , 6 , 6
2 , 5.12 , 6.0 , 6 , 6
2 , 5.12 , 6.0 , 6 , 6
2 , 5.12 , 6.0 , 6 , 6
2 , 5.12 , 6.0 , 6 , 6
2 , 5.12 , 6.0 , 6 , 6
2 , 5.12 , 6.0 , 6 , 6
2 , 5.12 , 6.0 , 6 , 6
2 , 5.12 , 6.0 , 6 , 6
2 , 5.12 , 6.0 , 6 , 6
2 , 5.12 , 6.0 , 6 , 6
2 , 5.12 , 6.0 , 6 , 6
2 , 5.12 , 6.0 , 6 , 6
2 , 5.1 , 6.0 , 6 , 6
2 , 5.1 , 6.0 , 6 , 6
2 , 5.1 , 6.0 , 6 , 6
2 , 5.1 , 6.0 , 6 , 6
2 , 5.1 , 6.0 , 6 , 6
2 , 5.1 , 6.0 , 6 , 6
2 , 5.1 , 6.0 , 6 , 6
2 , 5.1 , 6.0 , 6 , 6
2 , 5.1 , 6.0 , 6 , 6
2 , 5.1 , 6.0 , 6 , 6
2 , 5.08 , 6.0 , 6 , 6
2 , 5.08 , 6.0 , 6 , 6
2 , 5.08 , 6.0 , 6 , 6
2 , 5.08 , 6.0 , 6 , 6
2 , 5.08 , 6.0 , 6 , 6
2 , 5.08 , 6.0 , 6 , 6
2 , 5.08 , 6.0 , 6 , 6
2 , 5.08 , 6.0 , 6 , 6
2 , 5.08 , 6.0 , 6 , 6
2 , 5.08 , 6.0 , 6 , 6
2 , 5.08 , 6.0 , 6 , 6
2 , 5.08 , 6.0 , 6 , 6
2 , 5.08 , 6.0 , 6 , 6
2 , 5.08 , 6.0 , 6 , 6
2 , 5.08 , 6.0 , 6 , 6
2 , 5.08 , 6.0 , 6 , 6
2 , 5.08 , 6.0 , 6 , 6
2 , 5.08 , 6.0 , 6 , 6
2 , 5.08 , 6.0 , 6 , 6
2 , 5.08 , 6.0 , 6 , 6
2 , 5.08 , 6.0 , 6 , 6
2 , 5.08 , 6.0 , 6 , 6
2 , 5.08 , 6.0 , 6 , 6
2 , 5.08 , 6.0 , 6 , 6
2 , 5.08 , 6.0 , 6 , 6
2 , 5.08 , 6.0 , 6 , 6
2 , 5.06 , 6.0 , 6 , 6
2 , 5.06 , 6.0 , 6 , 6
2 , 5.06 , 6.0 , 6 , 6
2 , 5.06 , 6.0 , 6 , 6
2 , 5.06 , 6.0 , 6 , 6
2 , 5.06 , 6.0 , 6 , 6
2 , 5.06 , 6.0 , 6 , 6
2 , 5.06 , 6.0 , 6 , 6
2 , 5.06 , 6.0 , 6 , 6
2 , 5.06 , 6.0 , 6 , 6
2 , 5.04 , 6.0 , 6 , 6
2 , 5.04 , 6.0 , 6 , 6
2 , 5.04 , 6.0 , 6 , 6
2 , 5.04 , 6.0 , 6 , 6
2 , 5.04 , 6.0 , 6 , 6
2 , 5.04 , 6.0 , 6 , 6
2 , 5.04 , 6.0 , 6 , 6
2 , 5.04 , 6.0 , 6 , 6
2 , 5.04 , 6.0 , 6 , 6
2 , 5.04 , 6.0 , 6 , 6
2 , 5.04 , 6.0 , 6 , 6
2 , 5.04 , 6.0 , 6 , 6
2 , 5.04 , 6.0 , 6 , 6
2 , 5.04 , 6.0 , 6 , 6
2 , 5.04 , 6.0 , 6 , 6
2 , 5.04 , 6.0 , 6 , 6
2 , 5.04 , 6.0 , 6 , 6
2 , 5.04 , 6.0 , 6 , 6
2 , 5.04 , 6.0 , 6 , 6
2 , 5.04 , 6.0 , 6 , 6
2 , 5.04 , 6.0 , 6 , 6
2 , 5.04 , 6.0 , 6 , 6
2 , 5.04 , 6.0 , 6 , 6
2 , 5.04 , 6.0 , 6 , 6
2 , 5.04 , 6.0 , 6 , 6
2 , 5.04 , 6.0 , 6 , 6
2 , 5.04 , 6.0 , 6 , 6
2 , 5.04 , 6.0 , 6 , 6
2 , 5.04 , 6.0 , 6 , 6
2 , 5.04 , 6.0 , 6 , 6
2 , 5.04 , 6.0 , 6 , 6
2 , 5.04 , 6.0 , 6 , 6
2 , 5.04 , 6.0 , 6 , 6
2 , 5.04 , 6.0 , 6 , 6
2 , 5.04 , 6.0 , 6 , 6
2 , 5.04 , 6.0 , 6 , 6
2 , 5.04 , 6.0 , 6 , 6
2 , 5.04 , 6.0 , 6 , 6
2 , 5.04 , 6.0 , 6 , 6
2 , 5.04 , 6.0 , 6 , 6
2 , 5.04 , 6.0 , 6 , 6
2 , 5.04 , 6.0 , 6 , 6
2 , 5.04 , 6.0 , 6 , 6
2 , 5.04 , 6.0 , 6 , 6
2 , 5.04 , 6.0 , 6 , 6
2 , 5.04 , 6.0 , 6 , 6
2 , 5.04 , 6.0 , 6 , 6
2 , 5.04 , 6.0 , 6 , 6
2 , 5.04 , 6.0 , 6 , 6
2 , 5.04 , 6.0 , 6 , 6
2 , 5.04 , 6.0 , 6 , 6
2 , 5.04 , 6.0 , 6 , 6
2 , 5.02 , 6.0 , 6 , 6
2 , 5.02 , 6.0 , 6 , 6
2 , 5.02 , 6.0 , 6 , 6
2 , 5.02 , 6.0 , 6 , 6
2 , 5.02 , 6.0 , 6 , 6
2 , 5.0 , 6.0 , 6 , 6
2 , 5.0 , 6.0 , 6 , 6
2 , 5.0 , 6.0 , 6 , 6
2 , 4.98 , 6.0 , 6 , 6
2 , 4.98 , 6.0 , 6 , 6
2 , 4.98 , 6.0 , 6 , 6
2 , 4.96 , 6.0 , 6 , 6
2 , 4.94 , 5.0 , 6 , 6
2 , 4.94 , 5.0 , 6 , 6
2 , 4.94 , 5.0 , 6 , 6
2 , 4.94 , 5.0 , 6 , 6
2 , 4.94 , 5.0 , 6 , 6
2 , 4.94 , 5.0 , 6 , 6
2 , 4.94 , 5.0 , 6 , 6
2 , 4.94 , 5.0 , 6 , 6
2 , 4.94 , 5.0 , 6 , 6
2 , 4.94 , 5.0 , 6 , 6
2 , 4.94 , 5.0 , 6 , 6
2 , 4.94 , 5.0 , 6 , 6
2 , 4.94 , 5.0 , 6 , 6
2 , 4.94 , 5.0 , 6 , 6
2 , 4.94 , 5.0 , 6 , 6
2 , 4.94 , 5.0 , 6 , 6
2 , 4.94 , 5.0 , 6 , 6
2 , 4.94 , 5.0 , 6 , 6
2 , 4.94 , 5.0 , 6 , 6
2 , 4.94 , 5.0 , 6 , 6
2 , 4.94 , 5.0 , 6 , 6
2 , 4.94 , 5.0 , 6 , 6
2 , 4.94 , 5.0 , 6 , 6
2 , 4.94 , 5.0 , 6 , 6
2 , 4.94 , 5.0 , 6 , 6
2 , 4.94 , 5.0 , 6 , 6
2 , 4.94 , 5.0 , 6 , 6
2 , 4.94 , 5.0 , 6 , 6
2 , 4.94 , 5.0 , 6 , 6
2 , 4.94 , 5.0 , 6 , 6
2 , 4.94 , 5.0 , 6 , 6
2 , 4.94 , 5.0 , 6 , 6
2 , 4.94 , 5.0 , 6 , 6
2 , 4.94 , 5.0 , 6 , 6
2 , 4.94 , 5.0 , 6 , 6
2 , 4.94 , 5.0 , 6 , 6
2 , 4.94 , 5.0 , 6 , 6
2 , 4.94 , 5.0 , 6 , 6
2 , 4.94 , 5.0 , 6 , 6
2 , 4.94 , 5.0 , 6 , 6
2 , 4.94 , 5.0 , 6 , 6
2 , 4.94 , 5.0 , 6 , 6
2 , 4.94 , 5.0 , 6 , 6
2 , 4.94 , 5.0 , 6 , 6
2 , 4.94 , 5.0 , 6 , 6
2 , 4.94 , 5.0 , 6 , 6
2 , 4.94 , 5.0 , 6 , 6
2 , 4.94 , 5.0 , 6 , 6
2 , 4.94 , 5.0 , 6 , 6
2 , 4.94 , 5.0 , 6 , 6
2 , 4.94 , 5.0 , 6 , 6
2 , 4.94 , 5.0 , 6 , 6
2 , 4.94 , 5.0 , 6 , 6
2 , 4.94 , 5.0 , 6 , 6
2 , 4.94 , 5.0 , 6 , 6
2 , 4.94 , 5.0 , 6 , 6
2 , 4.94 , 5.0 , 6 , 6
2 , 4.94 , 5.0 , 6 , 6
2 , 4.94 , 5.0 , 6 , 6
2 , 4.94 , 5.0 , 6 , 6
2 , 4.94 , 5.0 , 6 , 6
2 , 4.94 , 5.0 , 6 , 6
2 , 4.94 , 5.0 , 6 , 6
2 , 4.94 , 5.0 , 6 , 6
2 , 4.94 , 5.0 , 6 , 6
2 , 4.94 , 5.0 , 6 , 6
2 , 4.94 , 5.0 , 6 , 6
2 , 4.94 , 5.0 , 6 , 6
2 , 4.94 , 5.0 , 6 , 6
2 , 4.94 , 5.0 , 6 , 6
2 , 4.94 , 5.0 , 6 , 6
2 , 4.94 , 5.0 , 6 , 6
2 , 4.94 , 5.0 , 6 , 6
2 , 4.92 , 4.0 , 6 , 6
2 , 4.92 , 4.0 , 6 , 6
2 , 4.92 , 4.0 , 6 , 6
2 , 4.92 , 4.0 , 6 , 6
2 , 4.92 , 4.0 , 6 , 6
2 , 4.92 , 4.0 , 6 , 6
2 , 4.92 , 4.0 , 6 , 6
2 , 4.92 , 4.0 , 6 , 6
2 , 4.92 , 4.0 , 6 , 6
2 , 4.92 , 4.0 , 6 , 6
2 , 4.92 , 4.0 , 6 , 6
2 , 4.92 , 4.0 , 6 , 6
2 , 4.92 , 4.0 , 6 , 6
2 , 4.92 , 4.0 , 6 , 6
2 , 4.92 , 4.0 , 6 , 6
2 , 4.92 , 4.0 , 6 , 6
2 , 4.92 , 4.0 , 6 , 6
2 , 4.92 , 4.0 , 6 , 6
2 , 4.92 , 4.0 , 6 , 6
2 , 4.92 , 4.0 , 6 , 6
2 , 4.92 , 4.0 , 6 , 6
2 , 4.92 , 4.0 , 6 , 6
2 , 4.92 , 4.0 , 6 , 6
2 , 4.92 , 4.0 , 6 , 6
2 , 4.9 , 4.0 , 4 , 6
2 , 4.9 , 4.0 , 4 , 6
2 , 4.88 , 4.0 , 4 , 6
2 , 4.86 , 4.0 , 4 , 6
2 , 4.84 , 4.0 , 4 , 6
2 , 4.84 , 4.0 , 4 , 6
2 , 4.84 , 4.0 , 4 , 6
2 , 4.84 , 4.0 , 4 , 6
2 , 4.84 , 4.0 , 4 , 6
2 , 4.84 , 4.0 , 4 , 6
2 , 4.84 , 4.0 , 4 , 6
2 , 4.84 , 4.0 , 4 , 6
2 , 4.84 , 4.0 , 4 , 6
2 , 4.84 , 4.0 , 4 , 6
2 , 4.84 , 4.0 , 4 , 6
2 , 4.84 , 4.0 , 4 , 6
2 , 4.84 , 4.0 , 4 , 6
2 , 4.84 , 4.0 , 4 , 6
2 , 4.84 , 4.0 , 4 , 6
2 , 4.84 , 4.0 , 4 , 6
2 , 4.84 , 4.0 , 4 , 6
2 , 4.84 , 4.0 , 4 , 6
2 , 4.84 , 4.0 , 4 , 6
2 , 4.84 , 4.0 , 4 , 6
2 , 4.84 , 4.0 , 4 , 6
2 , 4.84 , 4.0 , 4 , 6
2 , 4.84 , 4.0 , 4 , 6
2 , 4.84 , 4.0 , 4 , 6
2 , 4.84 , 4.0 , 4 , 6
2 , 4.84 , 4.0 , 4 , 6
2 , 4.78 , 4.0 , 4 , 6
2 , 4.78 , 4.0 , 4 , 6
2 , 4.78 , 4.0 , 4 , 6
2 , 4.78 , 4.0 , 4 , 6
2 , 4.78 , 4.0 , 4 , 6
2 , 4.76 , 4.0 , 4 , 6
2 , 4.76 , 4.0 , 4 , 6
2 , 4.76 , 4.0 , 4 , 6
2 , 4.74 , 4.0 , 4 , 6
2 , 4.72 , 4.0 , 4 , 6
2 , 4.72 , 4.0 , 4 , 6
2 , 4.72 , 4.0 , 4 , 6
2 , 4.72 , 4.0 , 4 , 6
2 , 4.7 , 4.0 , 4 , 6
2 , 4.7 , 4.0 , 4 , 6
2 , 4.7 , 4.0 , 4 , 6
2 , 4.7 , 4.0 , 4 , 6
2 , 4.7 , 4.0 , 4 , 6
2 , 4.7 , 4.0 , 4 , 6
2 , 4.7 , 4.0 , 4 , 6
2 , 4.7 , 4.0 , 4 , 6
2 , 4.7 , 4.0 , 4 , 6
2 , 4.7 , 4.0 , 4 , 6
2 , 4.66 , 4.0 , 4 , 6
2 , 4.66 , 4.0 , 4 , 6
2 , 4.66 , 4.0 , 4 , 6
2 , 4.66 , 4.0 , 4 , 6
2 , 4.64 , 4.0 , 4 , 6
2 , 4.64 , 4.0 , 4 , 6
2 , 4.64 , 4.0 , 4 , 6
2 , 4.64 , 4.0 , 4 , 6
2 , 4.64 , 4.0 , 4 , 6
2 , 4.64 , 4.0 , 4 , 6
2 , 4.64 , 4.0 , 4 , 6
2 , 4.64 , 4.0 , 4 , 6
2 , 4.64 , 4.0 , 4 , 6
2 , 4.64 , 4.0 , 4 , 6
2 , 4.64 , 4.0 , 4 , 6
2 , 4.64 , 4.0 , 4 , 6
2 , 4.64 , 4.0 , 4 , 6
2 , 4.64 , 4.0 , 4 , 6
2 , 4.64 , 4.0 , 4 , 6
0  Perfect solutions
perfect solution individuals []
