8 , 15.84 , 16.0 , 14 , 26
8 , 15.6 , 16.0 , 14 , 24
8 , 15.38 , 16.0 , 14 , 24
8 , 15.18 , 16.0 , 16 , 24
8 , 15.08 , 16.0 , 14 , 24
8 , 14.96 , 16.0 , 16 , 22
8 , 14.86 , 16.0 , 16 , 22
8 , 14.68 , 14.0 , 16 , 22
8 , 14.5 , 14.0 , 16 , 20
8 , 14.44 , 14.0 , 16 , 20
8 , 14.4 , 14.0 , 16 , 20
8 , 14.26 , 14.0 , 16 , 20
8 , 14.08 , 14.0 , 16 , 20
8 , 13.98 , 14.0 , 16 , 18
8 , 13.84 , 14.0 , 16 , 18
8 , 13.78 , 14.0 , 16 , 18
8 , 13.64 , 14.0 , 12 , 18
8 , 13.56 , 14.0 , 12 , 18
8 , 13.46 , 14.0 , 16 , 18
8 , 13.38 , 14.0 , 16 , 18
8 , 13.22 , 14.0 , 12 , 18
8 , 13.16 , 14.0 , 12 , 18
8 , 13.08 , 14.0 , 12 , 18
8 , 12.98 , 13.0 , 12 , 18
8 , 12.88 , 12.0 , 12 , 18
8 , 12.86 , 12.0 , 12 , 16
8 , 12.86 , 12.0 , 12 , 16
8 , 12.74 , 12.0 , 12 , 16
8 , 12.74 , 12.0 , 12 , 16
8 , 12.66 , 12.0 , 12 , 16
8 , 12.6 , 12.0 , 12 , 16
8 , 12.56 , 12.0 , 12 , 16
8 , 12.46 , 12.0 , 12 , 16
8 , 12.4 , 12.0 , 12 , 16
6 , 12.3 , 12.0 , 12 , 16
6 , 12.3 , 12.0 , 12 , 16
6 , 12.26 , 12.0 , 12 , 16
6 , 12.12 , 12.0 , 12 , 16
6 , 12.04 , 12.0 , 12 , 16
4 , 11.9 , 12.0 , 12 , 16
4 , 11.84 , 12.0 , 12 , 16
4 , 11.76 , 12.0 , 12 , 16
4 , 11.7 , 12.0 , 12 , 16
4 , 11.6 , 12.0 , 12 , 14
4 , 11.56 , 12.0 , 12 , 14
4 , 11.54 , 12.0 , 12 , 14
4 , 11.5 , 12.0 , 12 , 14
4 , 11.5 , 12.0 , 12 , 14
4 , 11.46 , 12.0 , 12 , 14
4 , 11.38 , 12.0 , 12 , 14
4 , 11.32 , 12.0 , 12 , 14
4 , 11.24 , 12.0 , 12 , 14
4 , 11.14 , 12.0 , 12 , 14
4 , 11.14 , 12.0 , 12 , 14
4 , 11.14 , 12.0 , 12 , 14
4 , 11.08 , 12.0 , 12 , 14
4 , 11.06 , 12.0 , 12 , 14
4 , 11.0 , 12.0 , 12 , 14
4 , 10.9 , 12.0 , 12 , 14
4 , 10.82 , 12.0 , 12 , 14
4 , 10.74 , 11.0 , 12 , 14
4 , 10.68 , 10.0 , 12 , 14
4 , 10.62 , 10.0 , 12 , 14
4 , 10.62 , 10.0 , 12 , 14
4 , 10.54 , 10.0 , 12 , 14
4 , 10.5 , 10.0 , 12 , 14
4 , 10.5 , 10.0 , 12 , 14
4 , 10.46 , 10.0 , 12 , 14
4 , 10.46 , 10.0 , 12 , 14
4 , 10.34 , 10.0 , 12 , 14
4 , 10.26 , 10.0 , 12 , 12
4 , 10.22 , 10.0 , 12 , 12
4 , 10.22 , 10.0 , 12 , 12
4 , 10.16 , 10.0 , 12 , 12
4 , 10.12 , 10.0 , 12 , 12
4 , 10.12 , 10.0 , 12 , 12
4 , 10.12 , 10.0 , 12 , 12
4 , 10.08 , 10.0 , 12 , 12
4 , 10.06 , 10.0 , 10 , 12
4 , 10.04 , 10.0 , 10 , 12
4 , 10.02 , 10.0 , 10 , 12
4 , 10.02 , 10.0 , 10 , 12
4 , 10.02 , 10.0 , 10 , 12
4 , 10.0 , 10.0 , 10 , 12
4 , 9.96 , 10.0 , 10 , 12
4 , 9.96 , 10.0 , 10 , 12
4 , 9.94 , 10.0 , 10 , 12
4 , 9.9 , 10.0 , 10 , 12
4 , 9.88 , 10.0 , 10 , 12
4 , 9.82 , 10.0 , 10 , 12
4 , 9.78 , 10.0 , 10 , 12
4 , 9.74 , 10.0 , 10 , 12
4 , 9.72 , 10.0 , 10 , 12
4 , 9.72 , 10.0 , 10 , 12
4 , 9.64 , 10.0 , 10 , 12
4 , 9.6 , 10.0 , 10 , 12
4 , 9.56 , 10.0 , 10 , 12
4 , 9.5 , 10.0 , 10 , 12
4 , 9.5 , 10.0 , 10 , 12
4 , 9.5 , 10.0 , 10 , 12
4 , 9.42 , 10.0 , 10 , 12
4 , 9.42 , 10.0 , 10 , 12
4 , 9.42 , 10.0 , 10 , 12
4 , 9.36 , 10.0 , 10 , 12
4 , 9.36 , 10.0 , 10 , 12
4 , 9.34 , 10.0 , 10 , 12
4 , 9.34 , 10.0 , 10 , 12
4 , 9.32 , 10.0 , 10 , 12
4 , 9.32 , 10.0 , 10 , 12
4 , 9.28 , 10.0 , 10 , 12
4 , 9.24 , 10.0 , 10 , 12
4 , 9.22 , 10.0 , 10 , 12
4 , 9.18 , 10.0 , 10 , 12
4 , 9.18 , 10.0 , 10 , 12
4 , 9.12 , 10.0 , 10 , 12
4 , 9.08 , 10.0 , 10 , 12
4 , 9.04 , 10.0 , 10 , 12
4 , 9.04 , 10.0 , 10 , 12
4 , 8.98 , 10.0 , 10 , 12
4 , 8.98 , 10.0 , 10 , 12
4 , 8.92 , 10.0 , 10 , 12
4 , 8.92 , 10.0 , 10 , 12
4 , 8.88 , 10.0 , 10 , 12
4 , 8.88 , 10.0 , 10 , 12
4 , 8.86 , 10.0 , 10 , 12
4 , 8.84 , 10.0 , 10 , 10
4 , 8.84 , 10.0 , 10 , 10
4 , 8.84 , 10.0 , 10 , 10
4 , 8.82 , 10.0 , 10 , 10
4 , 8.82 , 10.0 , 10 , 10
4 , 8.82 , 10.0 , 10 , 10
4 , 8.82 , 10.0 , 10 , 10
4 , 8.82 , 10.0 , 10 , 10
4 , 8.78 , 10.0 , 10 , 10
4 , 8.78 , 10.0 , 10 , 10
4 , 8.76 , 9.0 , 10 , 10
4 , 8.76 , 9.0 , 10 , 10
4 , 8.74 , 8.0 , 10 , 10
4 , 8.7 , 8.0 , 10 , 10
4 , 8.7 , 8.0 , 10 , 10
4 , 8.7 , 8.0 , 10 , 10
4 , 8.68 , 8.0 , 10 , 10
4 , 8.68 , 8.0 , 10 , 10
4 , 8.64 , 8.0 , 10 , 10
4 , 8.64 , 8.0 , 10 , 10
4 , 8.64 , 8.0 , 10 , 10
4 , 8.64 , 8.0 , 10 , 10
4 , 8.64 , 8.0 , 10 , 10
4 , 8.6 , 8.0 , 10 , 10
4 , 8.6 , 8.0 , 10 , 10
4 , 8.56 , 8.0 , 10 , 10
4 , 8.52 , 8.0 , 10 , 10
4 , 8.44 , 8.0 , 8 , 10
4 , 8.44 , 8.0 , 8 , 10
4 , 8.44 , 8.0 , 8 , 10
4 , 8.42 , 8.0 , 8 , 10
4 , 8.34 , 8.0 , 8 , 10
4 , 8.34 , 8.0 , 8 , 10
4 , 8.32 , 8.0 , 8 , 10
4 , 8.32 , 8.0 , 8 , 10
4 , 8.32 , 8.0 , 8 , 10
4 , 8.28 , 8.0 , 8 , 10
4 , 8.26 , 8.0 , 8 , 10
4 , 8.26 , 8.0 , 8 , 10
4 , 8.24 , 8.0 , 8 , 10
4 , 8.24 , 8.0 , 8 , 10
4 , 8.24 , 8.0 , 8 , 10
4 , 8.24 , 8.0 , 8 , 10
4 , 8.24 , 8.0 , 8 , 10
4 , 8.2 , 8.0 , 8 , 10
4 , 8.2 , 8.0 , 8 , 10
4 , 8.2 , 8.0 , 8 , 10
4 , 8.2 , 8.0 , 8 , 10
4 , 8.2 , 8.0 , 8 , 10
4 , 8.2 , 8.0 , 8 , 10
4 , 8.2 , 8.0 , 8 , 10
4 , 8.2 , 8.0 , 8 , 10
4 , 8.16 , 8.0 , 8 , 10
4 , 8.14 , 8.0 , 8 , 10
4 , 8.14 , 8.0 , 8 , 10
4 , 8.12 , 8.0 , 8 , 10
4 , 8.08 , 8.0 , 8 , 10
4 , 8.08 , 8.0 , 8 , 10
4 , 8.08 , 8.0 , 8 , 10
4 , 8.08 , 8.0 , 8 , 10
4 , 8.08 , 8.0 , 8 , 10
4 , 8.08 , 8.0 , 8 , 10
4 , 8.08 , 8.0 , 8 , 10
4 , 8.06 , 8.0 , 8 , 10
4 , 8.02 , 8.0 , 8 , 10
4 , 8.0 , 8.0 , 8 , 10
4 , 8.0 , 8.0 , 8 , 10
4 , 8.0 , 8.0 , 8 , 10
4 , 7.96 , 8.0 , 8 , 10
4 , 7.94 , 8.0 , 8 , 10
4 , 7.94 , 8.0 , 8 , 10
4 , 7.88 , 8.0 , 8 , 10
4 , 7.88 , 8.0 , 8 , 10
4 , 7.88 , 8.0 , 8 , 10
4 , 7.88 , 8.0 , 8 , 10
4 , 7.86 , 8.0 , 8 , 10
4 , 7.84 , 8.0 , 8 , 10
4 , 7.82 , 8.0 , 8 , 10
4 , 7.82 , 8.0 , 8 , 10
4 , 7.82 , 8.0 , 8 , 10
0 , 7.72 , 8.0 , 8 , 10
0 , 7.72 , 8.0 , 8 , 10
0 , 7.7 , 8.0 , 8 , 10
0 , 7.68 , 8.0 , 8 , 10
0 , 7.58 , 8.0 , 8 , 10
0 , 7.54 , 8.0 , 8 , 10
0 , 7.54 , 8.0 , 8 , 10
0 , 7.52 , 8.0 , 8 , 10
0 , 7.52 , 8.0 , 8 , 10
0 , 7.52 , 8.0 , 8 , 10
0 , 7.52 , 8.0 , 8 , 10
0 , 7.48 , 8.0 , 8 , 10
0 , 7.48 , 8.0 , 8 , 10
0 , 7.44 , 8.0 , 8 , 10
0 , 7.42 , 8.0 , 8 , 10
0 , 7.42 , 8.0 , 8 , 10
0 , 7.4 , 8.0 , 8 , 10
0 , 7.36 , 8.0 , 8 , 10
0 , 7.32 , 8.0 , 8 , 10
0 , 7.26 , 8.0 , 8 , 10
0 , 7.26 , 8.0 , 8 , 10
0 , 7.26 , 8.0 , 8 , 10
0 , 7.26 , 8.0 , 8 , 10
0 , 7.26 , 8.0 , 8 , 10
0 , 7.26 , 8.0 , 8 , 10
0 , 7.24 , 8.0 , 8 , 10
0 , 7.24 , 8.0 , 8 , 10
0 , 7.24 , 8.0 , 8 , 10
0 , 7.24 , 8.0 , 8 , 10
0 , 7.24 , 8.0 , 8 , 10
0 , 7.22 , 8.0 , 8 , 10
0 , 7.2 , 8.0 , 8 , 10
0 , 7.2 , 8.0 , 8 , 10
0 , 7.2 , 8.0 , 8 , 10
0 , 7.2 , 8.0 , 8 , 10
0 , 7.2 , 8.0 , 8 , 10
0 , 7.18 , 8.0 , 8 , 10
0 , 7.18 , 8.0 , 8 , 10
0 , 7.18 , 8.0 , 8 , 10
0 , 7.12 , 8.0 , 8 , 10
0 , 7.06 , 8.0 , 8 , 8
0 , 7.06 , 8.0 , 8 , 8
0 , 7.06 , 8.0 , 8 , 8
0 , 7.06 , 8.0 , 8 , 8
0 , 7.06 , 8.0 , 8 , 8
0 , 7.06 , 8.0 , 8 , 8
0 , 7.06 , 8.0 , 8 , 8
0 , 7.06 , 8.0 , 8 , 8
0 , 7.04 , 8.0 , 8 , 8
0 , 7.04 , 8.0 , 8 , 8
0 , 7.04 , 8.0 , 8 , 8
0 , 7.04 , 8.0 , 8 , 8
0 , 7.04 , 8.0 , 8 , 8
0 , 7.04 , 8.0 , 8 , 8
0 , 7.04 , 8.0 , 8 , 8
0 , 7.02 , 8.0 , 8 , 8
0 , 7.02 , 8.0 , 8 , 8
0 , 7.02 , 8.0 , 8 , 8
0 , 7.02 , 8.0 , 8 , 8
0 , 7.0 , 8.0 , 8 , 8
0 , 7.0 , 8.0 , 8 , 8
0 , 7.0 , 8.0 , 8 , 8
0 , 7.0 , 8.0 , 8 , 8
0 , 7.0 , 8.0 , 8 , 8
0 , 7.0 , 8.0 , 8 , 8
0 , 7.0 , 8.0 , 8 , 8
0 , 7.0 , 8.0 , 8 , 8
0 , 6.98 , 8.0 , 8 , 8
0 , 6.96 , 8.0 , 8 , 8
0 , 6.96 , 8.0 , 8 , 8
0 , 6.96 , 8.0 , 8 , 8
0 , 6.96 , 8.0 , 8 , 8
0 , 6.96 , 8.0 , 8 , 8
0 , 6.96 , 8.0 , 8 , 8
0 , 6.96 , 8.0 , 8 , 8
0 , 6.96 , 8.0 , 8 , 8
0 , 6.96 , 8.0 , 8 , 8
0 , 6.96 , 8.0 , 8 , 8
0 , 6.96 , 8.0 , 8 , 8
0 , 6.96 , 8.0 , 8 , 8
0 , 6.96 , 8.0 , 8 , 8
0 , 6.96 , 8.0 , 8 , 8
0 , 6.96 , 8.0 , 8 , 8
0 , 6.96 , 8.0 , 8 , 8
0 , 6.96 , 8.0 , 8 , 8
0 , 6.86 , 8.0 , 8 , 8
0 , 6.86 , 8.0 , 8 , 8
0 , 6.84 , 8.0 , 8 , 8
0 , 6.82 , 8.0 , 8 , 8
0 , 6.82 , 8.0 , 8 , 8
0 , 6.82 , 8.0 , 8 , 8
0 , 6.82 , 8.0 , 8 , 8
0 , 6.82 , 8.0 , 8 , 8
0 , 6.82 , 8.0 , 8 , 8
0 , 6.82 , 8.0 , 8 , 8
0 , 6.82 , 8.0 , 8 , 8
0 , 6.78 , 8.0 , 8 , 8
0 , 6.78 , 8.0 , 8 , 8
0 , 6.78 , 8.0 , 8 , 8
0 , 6.78 , 8.0 , 8 , 8
0 , 6.78 , 8.0 , 8 , 8
0 , 6.76 , 8.0 , 8 , 8
0 , 6.76 , 8.0 , 8 , 8
0 , 6.76 , 8.0 , 8 , 8
0 , 6.72 , 8.0 , 8 , 8
0 , 6.72 , 8.0 , 8 , 8
0 , 6.72 , 8.0 , 8 , 8
0 , 6.7 , 8.0 , 8 , 8
0 , 6.7 , 8.0 , 8 , 8
0 , 6.7 , 8.0 , 8 , 8
0 , 6.66 , 8.0 , 8 , 8
0 , 6.66 , 8.0 , 8 , 8
0 , 6.66 , 8.0 , 8 , 8
0 , 6.62 , 7.0 , 8 , 8
0 , 6.62 , 7.0 , 8 , 8
0 , 6.62 , 7.0 , 8 , 8
0 , 6.62 , 7.0 , 8 , 8
0 , 6.62 , 7.0 , 8 , 8
0 , 6.62 , 7.0 , 8 , 8
0 , 6.62 , 7.0 , 8 , 8
0 , 6.62 , 7.0 , 8 , 8
0 , 6.6 , 6.0 , 8 , 8
0 , 6.6 , 6.0 , 8 , 8
0 , 6.6 , 6.0 , 8 , 8
0 , 6.6 , 6.0 , 8 , 8
0 , 6.6 , 6.0 , 8 , 8
0 , 6.6 , 6.0 , 8 , 8
0 , 6.6 , 6.0 , 8 , 8
0 , 6.6 , 6.0 , 8 , 8
0 , 6.6 , 6.0 , 8 , 8
0 , 6.6 , 6.0 , 8 , 8
0 , 6.6 , 6.0 , 8 , 8
0 , 6.6 , 6.0 , 8 , 8
0 , 6.6 , 6.0 , 8 , 8
0 , 6.6 , 6.0 , 8 , 8
0 , 6.6 , 6.0 , 8 , 8
0 , 6.6 , 6.0 , 8 , 8
0 , 6.6 , 6.0 , 8 , 8
0 , 6.6 , 6.0 , 8 , 8
0 , 6.58 , 6.0 , 8 , 8
0 , 6.54 , 6.0 , 8 , 8
0 , 6.54 , 6.0 , 8 , 8
0 , 6.54 , 6.0 , 8 , 8
0 , 6.52 , 6.0 , 8 , 8
0 , 6.5 , 6.0 , 8 , 8
0 , 6.5 , 6.0 , 8 , 8
0 , 6.5 , 6.0 , 8 , 8
0 , 6.46 , 6.0 , 6 , 8
0 , 6.42 , 6.0 , 6 , 8
0 , 6.42 , 6.0 , 6 , 8
0 , 6.42 , 6.0 , 6 , 8
0 , 6.42 , 6.0 , 6 , 8
0 , 6.42 , 6.0 , 6 , 8
0 , 6.42 , 6.0 , 6 , 8
0 , 6.38 , 6.0 , 6 , 8
0 , 6.36 , 6.0 , 6 , 8
0 , 6.36 , 6.0 , 6 , 8
0 , 6.36 , 6.0 , 6 , 8
0 , 6.36 , 6.0 , 6 , 8
0 , 6.36 , 6.0 , 6 , 8
0 , 6.36 , 6.0 , 6 , 8
0 , 6.34 , 6.0 , 6 , 8
0 , 6.32 , 6.0 , 6 , 8
0 , 6.26 , 6.0 , 6 , 8
0 , 6.26 , 6.0 , 6 , 8
0 , 6.26 , 6.0 , 6 , 8
0 , 6.26 , 6.0 , 6 , 8
0 , 6.26 , 6.0 , 6 , 8
0 , 6.26 , 6.0 , 6 , 8
0 , 6.24 , 6.0 , 6 , 8
0 , 6.24 , 6.0 , 6 , 8
0 , 6.24 , 6.0 , 6 , 8
0 , 6.24 , 6.0 , 6 , 8
0 , 6.22 , 6.0 , 6 , 8
0 , 6.22 , 6.0 , 6 , 8
0 , 6.22 , 6.0 , 6 , 8
0 , 6.2 , 6.0 , 6 , 8
0 , 6.16 , 6.0 , 6 , 8
0 , 6.16 , 6.0 , 6 , 8
0 , 6.16 , 6.0 , 6 , 8
0 , 6.16 , 6.0 , 6 , 8
0 , 6.16 , 6.0 , 6 , 8
0 , 6.16 , 6.0 , 6 , 8
0 , 6.16 , 6.0 , 6 , 8
0 , 6.16 , 6.0 , 6 , 8
0 , 6.16 , 6.0 , 6 , 8
0 , 6.16 , 6.0 , 6 , 8
0 , 6.12 , 6.0 , 6 , 8
0 , 6.12 , 6.0 , 6 , 8
0 , 6.1 , 6.0 , 6 , 8
0 , 6.1 , 6.0 , 6 , 8
0 , 6.1 , 6.0 , 6 , 8
0 , 6.08 , 6.0 , 6 , 8
0 , 6.08 , 6.0 , 6 , 8
0 , 6.08 , 6.0 , 6 , 8
0 , 6.08 , 6.0 , 6 , 8
0 , 6.06 , 6.0 , 6 , 8
0 , 6.06 , 6.0 , 6 , 8
0 , 6.06 , 6.0 , 6 , 8
0 , 6.06 , 6.0 , 6 , 8
0 , 6.06 , 6.0 , 6 , 8
0 , 6.06 , 6.0 , 6 , 8
0 , 6.06 , 6.0 , 6 , 8
0 , 6.06 , 6.0 , 6 , 8
0 , 6.06 , 6.0 , 6 , 8
0 , 6.06 , 6.0 , 6 , 8
0 , 6.06 , 6.0 , 6 , 8
0 , 6.06 , 6.0 , 6 , 8
0 , 6.06 , 6.0 , 6 , 8
0 , 6.06 , 6.0 , 6 , 8
0 , 6.06 , 6.0 , 6 , 8
0 , 6.06 , 6.0 , 6 , 8
0 , 6.06 , 6.0 , 6 , 8
0 , 6.04 , 6.0 , 6 , 8
0 , 6.04 , 6.0 , 6 , 8
0 , 6.02 , 6.0 , 6 , 8
0 , 6.02 , 6.0 , 6 , 8
0 , 6.0 , 6.0 , 6 , 8
0 , 6.0 , 6.0 , 6 , 8
0 , 6.0 , 6.0 , 6 , 8
0 , 6.0 , 6.0 , 6 , 8
0 , 6.0 , 6.0 , 6 , 8
0 , 6.0 , 6.0 , 6 , 8
0 , 5.98 , 6.0 , 6 , 8
0 , 5.98 , 6.0 , 6 , 8
0 , 5.98 , 6.0 , 6 , 8
0 , 5.98 , 6.0 , 6 , 8
0 , 5.98 , 6.0 , 6 , 8
0 , 5.88 , 6.0 , 6 , 8
0 , 5.88 , 6.0 , 6 , 8
0 , 5.88 , 6.0 , 6 , 8
0 , 5.88 , 6.0 , 6 , 8
0 , 5.88 , 6.0 , 6 , 8
0 , 5.88 , 6.0 , 6 , 8
0 , 5.88 , 6.0 , 6 , 8
0 , 5.88 , 6.0 , 6 , 8
0 , 5.88 , 6.0 , 6 , 8
0 , 5.88 , 6.0 , 6 , 8
0 , 5.88 , 6.0 , 6 , 8
0 , 5.88 , 6.0 , 6 , 8
0 , 5.88 , 6.0 , 6 , 8
0 , 5.86 , 6.0 , 6 , 8
0 , 5.86 , 6.0 , 6 , 8
0 , 5.84 , 6.0 , 6 , 8
0 , 5.84 , 6.0 , 6 , 8
0 , 5.84 , 6.0 , 6 , 8
0 , 5.78 , 6.0 , 6 , 8
0 , 5.78 , 6.0 , 6 , 8
0 , 5.74 , 6.0 , 6 , 8
0 , 5.74 , 6.0 , 6 , 8
0 , 5.74 , 6.0 , 6 , 8
0 , 5.74 , 6.0 , 6 , 8
0 , 5.7 , 6.0 , 6 , 8
0 , 5.7 , 6.0 , 6 , 8
0 , 5.7 , 6.0 , 6 , 8
0 , 5.7 , 6.0 , 6 , 8
0 , 5.68 , 6.0 , 6 , 8
0 , 5.66 , 6.0 , 6 , 8
0 , 5.66 , 6.0 , 6 , 8
0 , 5.66 , 6.0 , 6 , 8
0 , 5.66 , 6.0 , 6 , 8
0 , 5.66 , 6.0 , 6 , 8
0 , 5.66 , 6.0 , 6 , 8
0 , 5.66 , 6.0 , 6 , 8
0 , 5.66 , 6.0 , 6 , 8
0 , 5.66 , 6.0 , 6 , 8
0 , 5.66 , 6.0 , 6 , 8
0 , 5.66 , 6.0 , 6 , 8
0 , 5.58 , 6.0 , 6 , 8
0 , 5.58 , 6.0 , 6 , 8
0 , 5.56 , 6.0 , 6 , 8
0 , 5.56 , 6.0 , 6 , 8
0 , 5.56 , 6.0 , 6 , 8
0 , 5.56 , 6.0 , 6 , 8
0 , 5.56 , 6.0 , 6 , 8
0 , 5.54 , 6.0 , 6 , 8
0 , 5.54 , 6.0 , 6 , 8
0 , 5.54 , 6.0 , 6 , 8
0 , 5.54 , 6.0 , 6 , 8
0 , 5.54 , 6.0 , 6 , 8
0 , 5.54 , 6.0 , 6 , 8
0 , 5.54 , 6.0 , 6 , 8
0 , 5.54 , 6.0 , 6 , 8
0 , 5.54 , 6.0 , 6 , 8
0 , 5.54 , 6.0 , 6 , 8
0 , 5.54 , 6.0 , 6 , 8
0 , 5.54 , 6.0 , 6 , 8
0 , 5.54 , 6.0 , 6 , 8
0 , 5.54 , 6.0 , 6 , 8
0 , 5.54 , 6.0 , 6 , 8
0 , 5.54 , 6.0 , 6 , 8
0 , 5.54 , 6.0 , 6 , 8
0 , 5.54 , 6.0 , 6 , 8
0 , 5.54 , 6.0 , 6 , 8
0 , 5.54 , 6.0 , 6 , 8
0 , 5.54 , 6.0 , 6 , 8
0 , 5.54 , 6.0 , 6 , 8
0 , 5.54 , 6.0 , 6 , 8
0 , 5.54 , 6.0 , 6 , 8
0 , 5.54 , 6.0 , 6 , 8
0 , 5.54 , 6.0 , 6 , 8
0 , 5.5 , 6.0 , 6 , 8
0 , 5.5 , 6.0 , 6 , 8
0 , 5.5 , 6.0 , 6 , 8
0 , 5.5 , 6.0 , 6 , 8
0 , 5.5 , 6.0 , 6 , 8
0 , 5.48 , 6.0 , 6 , 8
0 , 5.46 , 6.0 , 6 , 8
0 , 5.46 , 6.0 , 6 , 8
0 , 5.46 , 6.0 , 6 , 8
0 , 5.42 , 6.0 , 6 , 8
0 , 5.42 , 6.0 , 6 , 8
0 , 5.42 , 6.0 , 6 , 8
0 , 5.42 , 6.0 , 6 , 8
0 , 5.42 , 6.0 , 6 , 8
0 , 5.4 , 6.0 , 6 , 8
0 , 5.4 , 6.0 , 6 , 8
0 , 5.4 , 6.0 , 6 , 8
0 , 5.38 , 6.0 , 6 , 8
0 , 5.38 , 6.0 , 6 , 8
0 , 5.36 , 6.0 , 6 , 8
0 , 5.36 , 6.0 , 6 , 8
0 , 5.36 , 6.0 , 6 , 8
0 , 5.36 , 6.0 , 6 , 8
0 , 5.36 , 6.0 , 6 , 8
0 , 5.36 , 6.0 , 6 , 8
0 , 5.36 , 6.0 , 6 , 8
0 , 5.36 , 6.0 , 6 , 8
0 , 5.36 , 6.0 , 6 , 8
0 , 5.36 , 6.0 , 6 , 8
0 , 5.36 , 6.0 , 6 , 8
0 , 5.36 , 6.0 , 6 , 8
0 , 5.36 , 6.0 , 6 , 8
0 , 5.28 , 6.0 , 6 , 8
0 , 5.28 , 6.0 , 6 , 8
0 , 5.28 , 6.0 , 6 , 8
0 , 5.28 , 6.0 , 6 , 8
0 , 5.28 , 6.0 , 6 , 8
0 , 5.28 , 6.0 , 6 , 8
0 , 5.28 , 6.0 , 6 , 8
0 , 5.28 , 6.0 , 6 , 8
0 , 5.28 , 6.0 , 6 , 8
0 , 5.26 , 6.0 , 6 , 6
0 , 5.24 , 6.0 , 6 , 6
0 , 5.24 , 6.0 , 6 , 6
0 , 5.24 , 6.0 , 6 , 6
0 , 5.24 , 6.0 , 6 , 6
0 , 5.24 , 6.0 , 6 , 6
0 , 5.24 , 6.0 , 6 , 6
0 , 5.24 , 6.0 , 6 , 6
0 , 5.24 , 6.0 , 6 , 6
0 , 5.24 , 6.0 , 6 , 6
0 , 5.24 , 6.0 , 6 , 6
0 , 5.24 , 6.0 , 6 , 6
0 , 5.24 , 6.0 , 6 , 6
0 , 5.24 , 6.0 , 6 , 6
0 , 5.24 , 6.0 , 6 , 6
0 , 5.24 , 6.0 , 6 , 6
0 , 5.24 , 6.0 , 6 , 6
0 , 5.24 , 6.0 , 6 , 6
0 , 5.24 , 6.0 , 6 , 6
0 , 5.24 , 6.0 , 6 , 6
0 , 5.24 , 6.0 , 6 , 6
0 , 5.24 , 6.0 , 6 , 6
0 , 5.24 , 6.0 , 6 , 6
0 , 5.24 , 6.0 , 6 , 6
0 , 5.24 , 6.0 , 6 , 6
0 , 5.24 , 6.0 , 6 , 6
0 , 5.24 , 6.0 , 6 , 6
0 , 5.24 , 6.0 , 6 , 6
0 , 5.24 , 6.0 , 6 , 6
0 , 5.24 , 6.0 , 6 , 6
0 , 5.24 , 6.0 , 6 , 6
0 , 5.24 , 6.0 , 6 , 6
0 , 5.24 , 6.0 , 6 , 6
0 , 5.24 , 6.0 , 6 , 6
0 , 5.24 , 6.0 , 6 , 6
0 , 5.24 , 6.0 , 6 , 6
0 , 5.24 , 6.0 , 6 , 6
0 , 5.24 , 6.0 , 6 , 6
0 , 5.24 , 6.0 , 6 , 6
0 , 5.24 , 6.0 , 6 , 6
0 , 5.24 , 6.0 , 6 , 6
0 , 5.24 , 6.0 , 6 , 6
0 , 5.24 , 6.0 , 6 , 6
0 , 5.24 , 6.0 , 6 , 6
0 , 5.24 , 6.0 , 6 , 6
0 , 5.24 , 6.0 , 6 , 6
0 , 5.24 , 6.0 , 6 , 6
0 , 5.24 , 6.0 , 6 , 6
0 , 5.24 , 6.0 , 6 , 6
0 , 5.24 , 6.0 , 6 , 6
0 , 5.24 , 6.0 , 6 , 6
0 , 5.24 , 6.0 , 6 , 6
0 , 5.24 , 6.0 , 6 , 6
0 , 5.24 , 6.0 , 6 , 6
0 , 5.22 , 6.0 , 6 , 6
0 , 5.22 , 6.0 , 6 , 6
0 , 5.22 , 6.0 , 6 , 6
0 , 5.22 , 6.0 , 6 , 6
0 , 5.22 , 6.0 , 6 , 6
0 , 5.22 , 6.0 , 6 , 6
0 , 5.22 , 6.0 , 6 , 6
0 , 5.22 , 6.0 , 6 , 6
0 , 5.22 , 6.0 , 6 , 6
0 , 5.22 , 6.0 , 6 , 6
0 , 5.22 , 6.0 , 6 , 6
0 , 5.22 , 6.0 , 6 , 6
0 , 5.22 , 6.0 , 6 , 6
0 , 5.2 , 6.0 , 6 , 6
0 , 5.2 , 6.0 , 6 , 6
0 , 5.2 , 6.0 , 6 , 6
0 , 5.2 , 6.0 , 6 , 6
0 , 5.2 , 6.0 , 6 , 6
0 , 5.2 , 6.0 , 6 , 6
0 , 5.2 , 6.0 , 6 , 6
0 , 5.2 , 6.0 , 6 , 6
0 , 5.2 , 6.0 , 6 , 6
0 , 5.2 , 6.0 , 6 , 6
0 , 5.16 , 6.0 , 6 , 6
0 , 5.16 , 6.0 , 6 , 6
0 , 5.16 , 6.0 , 6 , 6
0 , 5.16 , 6.0 , 6 , 6
0 , 5.16 , 6.0 , 6 , 6
0 , 5.16 , 6.0 , 6 , 6
0 , 5.16 , 6.0 , 6 , 6
0 , 5.16 , 6.0 , 6 , 6
0 , 5.16 , 6.0 , 6 , 6
0 , 5.14 , 6.0 , 6 , 6
0 , 5.14 , 6.0 , 6 , 6
0 , 5.14 , 6.0 , 6 , 6
0 , 5.14 , 6.0 , 6 , 6
0 , 5.14 , 6.0 , 6 , 6
0 , 5.14 , 6.0 , 6 , 6
0 , 5.14 , 6.0 , 6 , 6
0 , 5.14 , 6.0 , 6 , 6
0 , 5.14 , 6.0 , 6 , 6
0 , 5.14 , 6.0 , 6 , 6
0 , 5.14 , 6.0 , 6 , 6
0 , 5.14 , 6.0 , 6 , 6
0 , 5.14 , 6.0 , 6 , 6
0 , 5.14 , 6.0 , 6 , 6
0 , 5.14 , 6.0 , 6 , 6
0 , 5.14 , 6.0 , 6 , 6
0 , 5.14 , 6.0 , 6 , 6
0 , 5.14 , 6.0 , 6 , 6
0 , 5.14 , 6.0 , 6 , 6
0 , 5.14 , 6.0 , 6 , 6
0 , 5.14 , 6.0 , 6 , 6
0 , 5.14 , 6.0 , 6 , 6
0 , 5.14 , 6.0 , 6 , 6
0 , 5.12 , 6.0 , 6 , 6
0 , 5.12 , 6.0 , 6 , 6
0 , 5.12 , 6.0 , 6 , 6
0 , 5.12 , 6.0 , 6 , 6
0 , 5.12 , 6.0 , 6 , 6
0 , 5.12 , 6.0 , 6 , 6
0 , 5.12 , 6.0 , 6 , 6
0 , 5.12 , 6.0 , 6 , 6
0 , 5.12 , 6.0 , 6 , 6
0 , 5.12 , 6.0 , 6 , 6
0 , 5.1 , 6.0 , 6 , 6
0 , 5.1 , 6.0 , 6 , 6
0 , 5.1 , 6.0 , 6 , 6
0 , 5.1 , 6.0 , 6 , 6
0 , 5.1 , 6.0 , 6 , 6
0 , 5.1 , 6.0 , 6 , 6
0 , 5.1 , 6.0 , 6 , 6
0 , 5.1 , 6.0 , 6 , 6
0 , 5.1 , 6.0 , 6 , 6
0 , 5.1 , 6.0 , 6 , 6
0 , 5.1 , 6.0 , 6 , 6
0 , 5.1 , 6.0 , 6 , 6
0 , 5.1 , 6.0 , 6 , 6
0 , 5.1 , 6.0 , 6 , 6
0 , 5.1 , 6.0 , 6 , 6
0 , 5.1 , 6.0 , 6 , 6
0 , 5.1 , 6.0 , 6 , 6
0 , 5.1 , 6.0 , 6 , 6
0 , 5.1 , 6.0 , 6 , 6
0 , 5.1 , 6.0 , 6 , 6
0 , 5.1 , 6.0 , 6 , 6
0 , 5.1 , 6.0 , 6 , 6
0 , 5.1 , 6.0 , 6 , 6
0 , 5.1 , 6.0 , 6 , 6
0 , 5.1 , 6.0 , 6 , 6
0 , 5.1 , 6.0 , 6 , 6
0 , 5.1 , 6.0 , 6 , 6
0 , 5.1 , 6.0 , 6 , 6
0 , 5.1 , 6.0 , 6 , 6
0 , 5.1 , 6.0 , 6 , 6
0 , 5.1 , 6.0 , 6 , 6
0 , 5.1 , 6.0 , 6 , 6
0 , 5.1 , 6.0 , 6 , 6
0 , 5.1 , 6.0 , 6 , 6
0 , 5.1 , 6.0 , 6 , 6
0 , 5.1 , 6.0 , 6 , 6
0 , 5.1 , 6.0 , 6 , 6
0 , 5.1 , 6.0 , 6 , 6
0 , 5.1 , 6.0 , 6 , 6
0 , 5.1 , 6.0 , 6 , 6
0 , 5.1 , 6.0 , 6 , 6
0 , 5.1 , 6.0 , 6 , 6
0 , 5.1 , 6.0 , 6 , 6
0 , 5.1 , 6.0 , 6 , 6
0 , 5.1 , 6.0 , 6 , 6
0 , 5.08 , 6.0 , 6 , 6
0 , 5.08 , 6.0 , 6 , 6
0 , 5.08 , 6.0 , 6 , 6
0 , 5.08 , 6.0 , 6 , 6
0 , 5.08 , 6.0 , 6 , 6
0 , 5.08 , 6.0 , 6 , 6
0 , 5.08 , 6.0 , 6 , 6
0 , 5.08 , 6.0 , 6 , 6
0 , 5.06 , 6.0 , 6 , 6
0 , 5.06 , 6.0 , 6 , 6
0 , 5.06 , 6.0 , 6 , 6
0 , 5.06 , 6.0 , 6 , 6
0 , 5.06 , 6.0 , 6 , 6
0 , 5.06 , 6.0 , 6 , 6
0 , 5.06 , 6.0 , 6 , 6
0 , 5.06 , 6.0 , 6 , 6
0 , 5.06 , 6.0 , 6 , 6
0 , 5.06 , 6.0 , 6 , 6
0 , 5.06 , 6.0 , 6 , 6
0 , 5.06 , 6.0 , 6 , 6
0 , 5.06 , 6.0 , 6 , 6
0 , 5.06 , 6.0 , 6 , 6
0 , 5.06 , 6.0 , 6 , 6
0 , 5.06 , 6.0 , 6 , 6
0 , 5.06 , 6.0 , 6 , 6
0 , 5.06 , 6.0 , 6 , 6
0 , 5.06 , 6.0 , 6 , 6
0 , 5.06 , 6.0 , 6 , 6
0 , 5.06 , 6.0 , 6 , 6
0 , 5.06 , 6.0 , 6 , 6
0 , 5.04 , 6.0 , 6 , 6
0 , 5.04 , 6.0 , 6 , 6
0 , 5.04 , 6.0 , 6 , 6
0 , 5.04 , 6.0 , 6 , 6
0 , 5.04 , 6.0 , 6 , 6
0 , 5.04 , 6.0 , 6 , 6
0 , 5.04 , 6.0 , 6 , 6
0 , 5.04 , 6.0 , 6 , 6
0 , 5.04 , 6.0 , 6 , 6
0 , 5.04 , 6.0 , 6 , 6
0 , 5.04 , 6.0 , 6 , 6
0 , 5.04 , 6.0 , 6 , 6
0 , 5.04 , 6.0 , 6 , 6
0 , 5.02 , 6.0 , 6 , 6
0 , 5.02 , 6.0 , 6 , 6
0 , 5.02 , 6.0 , 6 , 6
0 , 5.02 , 6.0 , 6 , 6
0 , 5.02 , 6.0 , 6 , 6
0 , 5.02 , 6.0 , 6 , 6
0 , 5.02 , 6.0 , 6 , 6
0 , 5.02 , 6.0 , 6 , 6
0 , 5.02 , 6.0 , 6 , 6
0 , 5.02 , 6.0 , 6 , 6
0 , 5.02 , 6.0 , 6 , 6
0 , 5.0 , 6.0 , 6 , 6
0 , 5.0 , 6.0 , 6 , 6
0 , 5.0 , 6.0 , 6 , 6
0 , 5.0 , 6.0 , 6 , 6
0 , 5.0 , 6.0 , 6 , 6
0 , 5.0 , 6.0 , 6 , 6
0 , 5.0 , 6.0 , 6 , 6
0 , 5.0 , 6.0 , 6 , 6
0 , 5.0 , 6.0 , 6 , 6
0 , 5.0 , 6.0 , 6 , 6
0 , 5.0 , 6.0 , 6 , 6
0 , 5.0 , 6.0 , 6 , 6
0 , 5.0 , 6.0 , 6 , 6
0 , 5.0 , 6.0 , 6 , 6
0 , 5.0 , 6.0 , 6 , 6
0 , 5.0 , 6.0 , 6 , 6
0 , 5.0 , 6.0 , 6 , 6
0 , 5.0 , 6.0 , 6 , 6
0 , 5.0 , 6.0 , 6 , 6
0 , 4.98 , 6.0 , 6 , 6
0 , 4.98 , 6.0 , 6 , 6
0 , 4.98 , 6.0 , 6 , 6
0 , 4.98 , 6.0 , 6 , 6
0 , 4.98 , 6.0 , 6 , 6
0 , 4.96 , 6.0 , 6 , 6
0 , 4.96 , 6.0 , 6 , 6
0 , 4.96 , 6.0 , 6 , 6
0 , 4.96 , 6.0 , 6 , 6
0 , 4.96 , 6.0 , 6 , 6
0 , 4.96 , 6.0 , 6 , 6
0 , 4.96 , 6.0 , 6 , 6
0 , 4.96 , 6.0 , 6 , 6
0 , 4.96 , 6.0 , 6 , 6
0 , 4.96 , 6.0 , 6 , 6
0 , 4.96 , 6.0 , 6 , 6
0 , 4.96 , 6.0 , 6 , 6
0 , 4.96 , 6.0 , 6 , 6
0 , 4.96 , 6.0 , 6 , 6
0 , 4.96 , 6.0 , 6 , 6
0 , 4.96 , 6.0 , 6 , 6
0 , 4.96 , 6.0 , 6 , 6
0 , 4.96 , 6.0 , 6 , 6
0 , 4.96 , 6.0 , 6 , 6
0 , 4.96 , 6.0 , 6 , 6
0 , 4.96 , 6.0 , 6 , 6
0 , 4.96 , 6.0 , 6 , 6
0 , 4.96 , 6.0 , 6 , 6
0 , 4.96 , 6.0 , 6 , 6
0 , 4.96 , 6.0 , 6 , 6
0 , 4.96 , 6.0 , 6 , 6
0 , 4.96 , 6.0 , 6 , 6
0 , 4.96 , 6.0 , 6 , 6
0 , 4.96 , 6.0 , 6 , 6
0 , 4.96 , 6.0 , 6 , 6
0 , 4.96 , 6.0 , 6 , 6
0 , 4.96 , 6.0 , 6 , 6
0 , 4.96 , 6.0 , 6 , 6
0 , 4.96 , 6.0 , 6 , 6
0 , 4.96 , 6.0 , 6 , 6
0 , 4.96 , 6.0 , 6 , 6
0 , 4.96 , 6.0 , 6 , 6
0 , 4.96 , 6.0 , 6 , 6
0 , 4.96 , 6.0 , 6 , 6
0 , 4.96 , 6.0 , 6 , 6
0 , 4.94 , 6.0 , 6 , 6
0 , 4.94 , 6.0 , 6 , 6
0 , 4.94 , 6.0 , 6 , 6
0 , 4.94 , 6.0 , 6 , 6
0 , 4.94 , 6.0 , 6 , 6
0 , 4.94 , 6.0 , 6 , 6
0 , 4.94 , 6.0 , 6 , 6
0 , 4.94 , 6.0 , 6 , 6
0 , 4.94 , 6.0 , 6 , 6
0 , 4.94 , 6.0 , 6 , 6
0 , 4.92 , 6.0 , 6 , 6
0 , 4.92 , 6.0 , 6 , 6
0 , 4.9 , 6.0 , 6 , 6
0 , 4.9 , 6.0 , 6 , 6
0 , 4.9 , 6.0 , 6 , 6
0 , 4.88 , 6.0 , 6 , 6
0 , 4.88 , 6.0 , 6 , 6
0 , 4.88 , 6.0 , 6 , 6
0 , 4.82 , 6.0 , 6 , 6
0 , 4.82 , 6.0 , 6 , 6
0 , 4.82 , 6.0 , 6 , 6
0 , 4.82 , 6.0 , 6 , 6
0 , 4.78 , 6.0 , 6 , 6
0 , 4.78 , 6.0 , 6 , 6
0 , 4.78 , 6.0 , 6 , 6
0 , 4.78 , 6.0 , 6 , 6
0 , 4.74 , 5.0 , 6 , 6
0 , 4.74 , 5.0 , 6 , 6
0 , 4.74 , 5.0 , 6 , 6
0 , 4.74 , 5.0 , 6 , 6
0 , 4.74 , 5.0 , 6 , 6
0 , 4.74 , 5.0 , 6 , 6
0 , 4.74 , 5.0 , 6 , 6
0 , 4.74 , 5.0 , 6 , 6
0 , 4.74 , 5.0 , 6 , 6
0 , 4.74 , 5.0 , 6 , 6
0 , 4.74 , 5.0 , 6 , 6
0 , 4.7 , 4.0 , 6 , 6
0 , 4.7 , 4.0 , 6 , 6
0 , 4.7 , 4.0 , 6 , 6
0 , 4.7 , 4.0 , 6 , 6
0 , 4.7 , 4.0 , 6 , 6
0 , 4.7 , 4.0 , 6 , 6
0 , 4.7 , 4.0 , 6 , 6
0 , 4.7 , 4.0 , 6 , 6
0 , 4.66 , 4.0 , 6 , 6
0 , 4.66 , 4.0 , 6 , 6
0 , 4.62 , 4.0 , 6 , 6
0 , 4.62 , 4.0 , 6 , 6
0 , 4.62 , 4.0 , 6 , 6
0 , 4.62 , 4.0 , 6 , 6
0 , 4.62 , 4.0 , 6 , 6
0 , 4.62 , 4.0 , 6 , 6
0 , 4.6 , 4.0 , 6 , 6
0 , 4.6 , 4.0 , 6 , 6
0 , 4.6 , 4.0 , 6 , 6
0 , 4.58 , 4.0 , 6 , 6
0 , 4.58 , 4.0 , 6 , 6
0 , 4.58 , 4.0 , 6 , 6
0 , 4.58 , 4.0 , 6 , 6
0 , 4.58 , 4.0 , 6 , 6
0 , 4.58 , 4.0 , 6 , 6
0 , 4.58 , 4.0 , 6 , 6
0 , 4.58 , 4.0 , 6 , 6
0 , 4.58 , 4.0 , 6 , 6
0 , 4.58 , 4.0 , 6 , 6
0 , 4.58 , 4.0 , 6 , 6
0 , 4.58 , 4.0 , 6 , 6
0 , 4.58 , 4.0 , 6 , 6
0 , 4.58 , 4.0 , 6 , 6
0 , 4.58 , 4.0 , 6 , 6
0 , 4.58 , 4.0 , 6 , 6
0 , 4.58 , 4.0 , 6 , 6
0 , 4.58 , 4.0 , 6 , 6
0 , 4.58 , 4.0 , 6 , 6
0 , 4.58 , 4.0 , 6 , 6
0 , 4.58 , 4.0 , 6 , 6
0 , 4.58 , 4.0 , 6 , 6
0 , 4.58 , 4.0 , 6 , 6
0 , 4.58 , 4.0 , 6 , 6
0 , 4.58 , 4.0 , 6 , 6
0 , 4.58 , 4.0 , 6 , 6
0 , 4.58 , 4.0 , 6 , 6
0 , 4.56 , 4.0 , 6 , 6
0 , 4.56 , 4.0 , 6 , 6
0 , 4.56 , 4.0 , 6 , 6
0 , 4.56 , 4.0 , 6 , 6
0 , 4.56 , 4.0 , 6 , 6
0 , 4.56 , 4.0 , 6 , 6
0 , 4.56 , 4.0 , 6 , 6
0 , 4.56 , 4.0 , 6 , 6
0 , 4.56 , 4.0 , 6 , 6
0 , 4.56 , 4.0 , 6 , 6
0 , 4.54 , 4.0 , 4 , 6
0 , 4.54 , 4.0 , 4 , 6
0 , 4.54 , 4.0 , 4 , 6
0 , 4.54 , 4.0 , 4 , 6
0 , 4.54 , 4.0 , 4 , 6
0 , 4.54 , 4.0 , 4 , 6
0 , 4.54 , 4.0 , 4 , 6
0 , 4.54 , 4.0 , 4 , 6
0 , 4.54 , 4.0 , 4 , 6
0 , 4.54 , 4.0 , 4 , 6
0 , 4.54 , 4.0 , 4 , 6
0 , 4.54 , 4.0 , 4 , 6
0 , 4.54 , 4.0 , 4 , 6
0 , 4.54 , 4.0 , 4 , 6
0 , 4.54 , 4.0 , 4 , 6
0 , 4.54 , 4.0 , 4 , 6
0 , 4.52 , 4.0 , 4 , 6
0 , 4.52 , 4.0 , 4 , 6
0 , 4.52 , 4.0 , 4 , 6
0 , 4.52 , 4.0 , 4 , 6
0 , 4.52 , 4.0 , 4 , 6
0 , 4.52 , 4.0 , 4 , 6
0 , 4.52 , 4.0 , 4 , 6
0 , 4.5 , 4.0 , 4 , 6
0 , 4.5 , 4.0 , 4 , 6
0 , 4.5 , 4.0 , 4 , 6
0 , 4.5 , 4.0 , 4 , 6
0 , 4.48 , 4.0 , 4 , 6
0 , 4.48 , 4.0 , 4 , 6
0 , 4.48 , 4.0 , 4 , 6
0 , 4.48 , 4.0 , 4 , 6
0 , 4.48 , 4.0 , 4 , 6
0 , 4.48 , 4.0 , 4 , 6
0 , 4.48 , 4.0 , 4 , 6
0 , 4.48 , 4.0 , 4 , 6
0 , 4.48 , 4.0 , 4 , 6
0 , 4.48 , 4.0 , 4 , 6
0 , 4.48 , 4.0 , 4 , 6
0 , 4.48 , 4.0 , 4 , 6
0 , 4.48 , 4.0 , 4 , 6
0 , 4.48 , 4.0 , 4 , 6
0 , 4.48 , 4.0 , 4 , 6
0 , 4.48 , 4.0 , 4 , 6
0 , 4.48 , 4.0 , 4 , 6
0 , 4.48 , 4.0 , 4 , 6
0 , 4.48 , 4.0 , 4 , 6
0 , 4.48 , 4.0 , 4 , 6
0 , 4.48 , 4.0 , 4 , 6
0 , 4.48 , 4.0 , 4 , 6
0 , 4.48 , 4.0 , 4 , 6
0 , 4.48 , 4.0 , 4 , 6
0 , 4.48 , 4.0 , 4 , 6
0 , 4.48 , 4.0 , 4 , 6
0 , 4.48 , 4.0 , 4 , 6
0 , 4.48 , 4.0 , 4 , 6
0 , 4.48 , 4.0 , 4 , 6
0 , 4.48 , 4.0 , 4 , 6
0 , 4.48 , 4.0 , 4 , 6
0 , 4.48 , 4.0 , 4 , 6
0 , 4.48 , 4.0 , 4 , 6
0 , 4.48 , 4.0 , 4 , 6
0 , 4.44 , 4.0 , 4 , 6
0 , 4.44 , 4.0 , 4 , 6
0 , 4.42 , 4.0 , 4 , 6
0 , 4.4 , 4.0 , 4 , 6
0 , 4.4 , 4.0 , 4 , 6
0 , 4.4 , 4.0 , 4 , 6
0 , 4.4 , 4.0 , 4 , 6
0 , 4.4 , 4.0 , 4 , 6
0 , 4.4 , 4.0 , 4 , 6
0 , 4.4 , 4.0 , 4 , 6
0 , 4.4 , 4.0 , 4 , 6
0 , 4.4 , 4.0 , 4 , 6
0 , 4.38 , 4.0 , 4 , 6
0 , 4.36 , 4.0 , 4 , 6
0 , 4.36 , 4.0 , 4 , 6
0 , 4.36 , 4.0 , 4 , 6
0 , 4.34 , 4.0 , 4 , 6
3  Perfect solutions
perfect solution individuals [[3, 7, 0, 4, 6, 1, 5, 2], [4, 6, 0, 3, 1, 7, 5, 2], [4, 7, 3, 0, 6, 1, 5, 2]]
