6 , 15.46 , 16.0 , 16 , 24
6 , 15.26 , 16.0 , 16 , 22
6 , 15.04 , 16.0 , 16 , 22
6 , 14.8 , 16.0 , 16 , 22
6 , 14.58 , 16.0 , 16 , 22
6 , 14.46 , 16.0 , 16 , 22
6 , 14.34 , 16.0 , 16 , 20
6 , 14.26 , 16.0 , 16 , 20
6 , 14.18 , 15.0 , 16 , 20
6 , 14.08 , 14.0 , 16 , 20
6 , 13.94 , 14.0 , 16 , 18
6 , 13.88 , 14.0 , 16 , 18
6 , 13.84 , 14.0 , 16 , 18
6 , 13.74 , 14.0 , 16 , 18
6 , 13.66 , 14.0 , 16 , 18
6 , 13.64 , 14.0 , 16 , 18
6 , 13.54 , 14.0 , 16 , 18
6 , 13.48 , 14.0 , 16 , 18
6 , 13.42 , 14.0 , 16 , 18
6 , 13.32 , 14.0 , 16 , 18
6 , 13.24 , 14.0 , 16 , 18
6 , 13.16 , 14.0 , 16 , 16
6 , 13.04 , 14.0 , 16 , 16
6 , 12.94 , 14.0 , 16 , 16
6 , 12.94 , 14.0 , 16 , 16
6 , 12.88 , 14.0 , 16 , 16
6 , 12.78 , 14.0 , 16 , 16
6 , 12.76 , 14.0 , 16 , 16
6 , 12.72 , 13.0 , 16 , 16
6 , 12.7 , 13.0 , 12 , 16
6 , 12.68 , 13.0 , 14 , 16
6 , 12.62 , 12.0 , 14 , 16
6 , 12.62 , 12.0 , 14 , 16
6 , 12.56 , 12.0 , 14 , 16
6 , 12.46 , 12.0 , 14 , 16
6 , 12.46 , 12.0 , 14 , 16
6 , 12.34 , 12.0 , 12 , 16
6 , 12.28 , 12.0 , 12 , 16
6 , 12.24 , 12.0 , 12 , 16
6 , 12.18 , 12.0 , 12 , 16
6 , 12.18 , 12.0 , 12 , 16
6 , 12.06 , 12.0 , 12 , 16
6 , 12.0 , 12.0 , 12 , 16
6 , 11.92 , 12.0 , 12 , 16
6 , 11.78 , 12.0 , 12 , 16
6 , 11.74 , 12.0 , 12 , 16
6 , 11.66 , 12.0 , 12 , 16
6 , 11.62 , 12.0 , 12 , 16
6 , 11.52 , 12.0 , 12 , 14
6 , 11.52 , 12.0 , 12 , 14
6 , 11.52 , 12.0 , 12 , 14
6 , 11.52 , 12.0 , 12 , 14
6 , 11.42 , 12.0 , 12 , 14
6 , 11.42 , 12.0 , 12 , 14
6 , 11.38 , 12.0 , 12 , 14
6 , 11.34 , 12.0 , 12 , 14
6 , 11.32 , 12.0 , 12 , 14
6 , 11.28 , 12.0 , 12 , 14
6 , 11.24 , 12.0 , 12 , 14
6 , 11.24 , 12.0 , 12 , 14
6 , 11.16 , 12.0 , 12 , 14
6 , 11.1 , 12.0 , 12 , 14
6 , 11.06 , 12.0 , 12 , 14
6 , 11.02 , 12.0 , 12 , 14
6 , 11.02 , 12.0 , 12 , 14
6 , 10.96 , 12.0 , 12 , 14
6 , 10.96 , 12.0 , 12 , 14
6 , 10.88 , 12.0 , 12 , 14
6 , 10.82 , 12.0 , 12 , 14
6 , 10.78 , 12.0 , 12 , 14
6 , 10.72 , 12.0 , 12 , 14
6 , 10.7 , 12.0 , 12 , 14
6 , 10.66 , 12.0 , 12 , 14
6 , 10.62 , 11.0 , 12 , 14
6 , 10.56 , 10.0 , 12 , 14
6 , 10.52 , 10.0 , 12 , 14
6 , 10.44 , 10.0 , 12 , 14
6 , 10.34 , 10.0 , 12 , 14
6 , 10.28 , 10.0 , 12 , 14
6 , 10.24 , 10.0 , 12 , 12
6 , 10.2 , 10.0 , 12 , 12
6 , 10.18 , 10.0 , 12 , 12
6 , 10.18 , 10.0 , 12 , 12
6 , 10.18 , 10.0 , 12 , 12
6 , 10.18 , 10.0 , 12 , 12
6 , 10.08 , 10.0 , 12 , 12
6 , 10.08 , 10.0 , 12 , 12
6 , 10.06 , 10.0 , 12 , 12
6 , 10.02 , 10.0 , 12 , 12
6 , 10.0 , 10.0 , 10 , 12
6 , 9.98 , 10.0 , 10 , 12
6 , 9.92 , 10.0 , 10 , 12
6 , 9.92 , 10.0 , 10 , 12
6 , 9.92 , 10.0 , 10 , 12
6 , 9.88 , 10.0 , 10 , 12
6 , 9.86 , 10.0 , 10 , 12
6 , 9.82 , 10.0 , 10 , 12
6 , 9.82 , 10.0 , 10 , 12
6 , 9.82 , 10.0 , 10 , 12
6 , 9.78 , 10.0 , 10 , 12
6 , 9.78 , 10.0 , 10 , 12
6 , 9.74 , 10.0 , 10 , 12
6 , 9.72 , 10.0 , 10 , 12
6 , 9.7 , 10.0 , 10 , 12
6 , 9.68 , 10.0 , 10 , 12
6 , 9.68 , 10.0 , 10 , 12
6 , 9.68 , 10.0 , 10 , 12
6 , 9.68 , 10.0 , 10 , 12
6 , 9.68 , 10.0 , 10 , 12
6 , 9.68 , 10.0 , 10 , 12
6 , 9.68 , 10.0 , 10 , 12
6 , 9.62 , 10.0 , 10 , 12
6 , 9.56 , 10.0 , 10 , 12
6 , 9.54 , 10.0 , 10 , 12
6 , 9.52 , 10.0 , 10 , 12
6 , 9.52 , 10.0 , 10 , 12
6 , 9.52 , 10.0 , 10 , 12
6 , 9.52 , 10.0 , 10 , 12
6 , 9.46 , 10.0 , 10 , 12
6 , 9.42 , 10.0 , 10 , 12
6 , 9.34 , 10.0 , 10 , 12
6 , 9.32 , 10.0 , 10 , 12
6 , 9.32 , 10.0 , 10 , 12
6 , 9.24 , 10.0 , 10 , 12
6 , 9.22 , 10.0 , 10 , 12
6 , 9.2 , 10.0 , 10 , 12
6 , 9.2 , 10.0 , 10 , 12
6 , 9.2 , 10.0 , 10 , 12
6 , 9.16 , 10.0 , 10 , 12
6 , 9.1 , 10.0 , 10 , 12
6 , 9.08 , 10.0 , 10 , 12
6 , 9.04 , 10.0 , 10 , 12
6 , 9.02 , 10.0 , 10 , 12
6 , 9.02 , 10.0 , 10 , 12
6 , 9.02 , 10.0 , 10 , 12
6 , 9.0 , 10.0 , 10 , 12
6 , 8.98 , 10.0 , 10 , 12
6 , 8.98 , 10.0 , 10 , 12
6 , 8.98 , 10.0 , 10 , 12
6 , 8.96 , 10.0 , 10 , 10
6 , 8.96 , 10.0 , 10 , 10
6 , 8.94 , 10.0 , 10 , 10
6 , 8.94 , 10.0 , 10 , 10
6 , 8.94 , 10.0 , 10 , 10
6 , 8.94 , 10.0 , 10 , 10
6 , 8.94 , 10.0 , 10 , 10
6 , 8.94 , 10.0 , 10 , 10
6 , 8.94 , 10.0 , 10 , 10
6 , 8.94 , 10.0 , 10 , 10
6 , 8.92 , 10.0 , 10 , 10
6 , 8.92 , 10.0 , 10 , 10
6 , 8.92 , 10.0 , 10 , 10
6 , 8.92 , 10.0 , 10 , 10
6 , 8.92 , 10.0 , 10 , 10
6 , 8.92 , 10.0 , 10 , 10
6 , 8.88 , 10.0 , 10 , 10
6 , 8.88 , 10.0 , 10 , 10
6 , 8.88 , 10.0 , 10 , 10
6 , 8.88 , 10.0 , 10 , 10
6 , 8.88 , 10.0 , 10 , 10
6 , 8.84 , 10.0 , 10 , 10
6 , 8.84 , 10.0 , 10 , 10
6 , 8.82 , 10.0 , 10 , 10
6 , 8.8 , 10.0 , 10 , 10
4 , 8.74 , 10.0 , 10 , 10
4 , 8.74 , 10.0 , 10 , 10
4 , 8.74 , 10.0 , 10 , 10
4 , 8.74 , 10.0 , 10 , 10
4 , 8.74 , 10.0 , 10 , 10
4 , 8.74 , 10.0 , 10 , 10
4 , 8.72 , 10.0 , 10 , 10
4 , 8.7 , 10.0 , 10 , 10
4 , 8.7 , 10.0 , 10 , 10
4 , 8.7 , 10.0 , 10 , 10
4 , 8.68 , 9.0 , 10 , 10
4 , 8.68 , 9.0 , 10 , 10
4 , 8.68 , 9.0 , 10 , 10
4 , 8.68 , 9.0 , 10 , 10
4 , 8.66 , 8.0 , 10 , 10
4 , 8.66 , 8.0 , 10 , 10
4 , 8.66 , 8.0 , 10 , 10
4 , 8.64 , 8.0 , 10 , 10
4 , 8.64 , 8.0 , 10 , 10
4 , 8.64 , 8.0 , 10 , 10
4 , 8.58 , 8.0 , 10 , 10
4 , 8.56 , 8.0 , 10 , 10
4 , 8.48 , 8.0 , 10 , 10
4 , 8.48 , 8.0 , 10 , 10
4 , 8.48 , 8.0 , 10 , 10
4 , 8.44 , 8.0 , 10 , 10
4 , 8.44 , 8.0 , 10 , 10
4 , 8.44 , 8.0 , 10 , 10
4 , 8.42 , 8.0 , 8 , 10
4 , 8.38 , 8.0 , 8 , 10
4 , 8.38 , 8.0 , 8 , 10
4 , 8.38 , 8.0 , 8 , 10
4 , 8.38 , 8.0 , 8 , 10
4 , 8.38 , 8.0 , 8 , 10
4 , 8.38 , 8.0 , 8 , 10
4 , 8.38 , 8.0 , 8 , 10
4 , 8.36 , 8.0 , 8 , 10
4 , 8.36 , 8.0 , 8 , 10
4 , 8.36 , 8.0 , 8 , 10
4 , 8.36 , 8.0 , 8 , 10
4 , 8.36 , 8.0 , 8 , 10
4 , 8.36 , 8.0 , 8 , 10
4 , 8.36 , 8.0 , 8 , 10
4 , 8.36 , 8.0 , 8 , 10
4 , 8.36 , 8.0 , 8 , 10
4 , 8.36 , 8.0 , 8 , 10
4 , 8.36 , 8.0 , 8 , 10
4 , 8.36 , 8.0 , 8 , 10
4 , 8.36 , 8.0 , 8 , 10
4 , 8.36 , 8.0 , 8 , 10
4 , 8.36 , 8.0 , 8 , 10
4 , 8.36 , 8.0 , 8 , 10
4 , 8.36 , 8.0 , 8 , 10
4 , 8.36 , 8.0 , 8 , 10
4 , 8.36 , 8.0 , 8 , 10
4 , 8.36 , 8.0 , 8 , 10
4 , 8.36 , 8.0 , 8 , 10
4 , 8.36 , 8.0 , 8 , 10
4 , 8.36 , 8.0 , 8 , 10
4 , 8.36 , 8.0 , 8 , 10
4 , 8.34 , 8.0 , 8 , 10
4 , 8.34 , 8.0 , 8 , 10
4 , 8.34 , 8.0 , 8 , 10
4 , 8.32 , 8.0 , 8 , 10
4 , 8.3 , 8.0 , 8 , 10
4 , 8.3 , 8.0 , 8 , 10
4 , 8.3 , 8.0 , 8 , 10
4 , 8.3 , 8.0 , 8 , 10
4 , 8.3 , 8.0 , 8 , 10
4 , 8.3 , 8.0 , 8 , 10
4 , 8.26 , 8.0 , 8 , 10
4 , 8.24 , 8.0 , 8 , 10
4 , 8.22 , 8.0 , 8 , 10
4 , 8.22 , 8.0 , 8 , 10
4 , 8.22 , 8.0 , 8 , 10
4 , 8.18 , 8.0 , 8 , 10
4 , 8.18 , 8.0 , 8 , 10
4 , 8.14 , 8.0 , 8 , 10
4 , 8.1 , 8.0 , 8 , 10
4 , 8.1 , 8.0 , 8 , 10
4 , 8.06 , 8.0 , 8 , 10
4 , 8.06 , 8.0 , 8 , 10
4 , 8.06 , 8.0 , 8 , 10
4 , 8.04 , 8.0 , 8 , 10
4 , 8.04 , 8.0 , 8 , 10
4 , 8.04 , 8.0 , 8 , 10
4 , 8.04 , 8.0 , 8 , 10
4 , 8.04 , 8.0 , 8 , 10
4 , 8.04 , 8.0 , 8 , 10
4 , 8.04 , 8.0 , 8 , 10
4 , 8.02 , 8.0 , 8 , 10
4 , 7.96 , 8.0 , 8 , 10
4 , 7.92 , 8.0 , 8 , 10
4 , 7.92 , 8.0 , 8 , 10
4 , 7.92 , 8.0 , 8 , 10
4 , 7.9 , 8.0 , 8 , 10
2 , 7.82 , 8.0 , 8 , 10
2 , 7.8 , 8.0 , 8 , 10
2 , 7.8 , 8.0 , 8 , 10
2 , 7.8 , 8.0 , 8 , 10
2 , 7.8 , 8.0 , 8 , 10
2 , 7.8 , 8.0 , 8 , 10
2 , 7.8 , 8.0 , 8 , 10
2 , 7.78 , 8.0 , 8 , 10
2 , 7.78 , 8.0 , 8 , 10
2 , 7.78 , 8.0 , 8 , 10
2 , 7.78 , 8.0 , 8 , 10
2 , 7.78 , 8.0 , 8 , 10
2 , 7.74 , 8.0 , 8 , 10
2 , 7.72 , 8.0 , 8 , 10
2 , 7.72 , 8.0 , 8 , 10
2 , 7.72 , 8.0 , 8 , 10
2 , 7.72 , 8.0 , 8 , 10
2 , 7.72 , 8.0 , 8 , 10
2 , 7.7 , 8.0 , 8 , 10
2 , 7.7 , 8.0 , 8 , 10
2 , 7.68 , 8.0 , 8 , 10
2 , 7.66 , 8.0 , 8 , 10
2 , 7.66 , 8.0 , 8 , 10
2 , 7.66 , 8.0 , 8 , 10
2 , 7.66 , 8.0 , 8 , 10
2 , 7.64 , 8.0 , 8 , 10
2 , 7.64 , 8.0 , 8 , 10
2 , 7.64 , 8.0 , 8 , 10
2 , 7.6 , 8.0 , 8 , 10
2 , 7.6 , 8.0 , 8 , 10
2 , 7.6 , 8.0 , 8 , 10
2 , 7.6 , 8.0 , 8 , 10
2 , 7.6 , 8.0 , 8 , 10
2 , 7.54 , 8.0 , 8 , 10
2 , 7.54 , 8.0 , 8 , 10
2 , 7.54 , 8.0 , 8 , 10
2 , 7.54 , 8.0 , 8 , 10
2 , 7.52 , 8.0 , 8 , 10
2 , 7.52 , 8.0 , 8 , 10
2 , 7.52 , 8.0 , 8 , 10
2 , 7.5 , 8.0 , 8 , 10
2 , 7.5 , 8.0 , 8 , 10
2 , 7.5 , 8.0 , 8 , 10
2 , 7.48 , 8.0 , 8 , 10
2 , 7.44 , 8.0 , 8 , 10
2 , 7.44 , 8.0 , 8 , 10
2 , 7.44 , 8.0 , 8 , 10
2 , 7.44 , 8.0 , 8 , 10
2 , 7.44 , 8.0 , 8 , 10
2 , 7.44 , 8.0 , 8 , 10
2 , 7.44 , 8.0 , 8 , 10
2 , 7.42 , 8.0 , 8 , 10
2 , 7.38 , 8.0 , 8 , 10
2 , 7.36 , 8.0 , 8 , 10
2 , 7.36 , 8.0 , 8 , 10
2 , 7.34 , 8.0 , 8 , 8
2 , 7.32 , 8.0 , 8 , 8
2 , 7.32 , 8.0 , 8 , 8
2 , 7.32 , 8.0 , 8 , 8
2 , 7.32 , 8.0 , 8 , 8
2 , 7.32 , 8.0 , 8 , 8
2 , 7.32 , 8.0 , 8 , 8
2 , 7.32 , 8.0 , 8 , 8
2 , 7.32 , 8.0 , 8 , 8
2 , 7.3 , 8.0 , 8 , 8
2 , 7.28 , 8.0 , 8 , 8
2 , 7.28 , 8.0 , 8 , 8
2 , 7.28 , 8.0 , 8 , 8
2 , 7.26 , 8.0 , 8 , 8
2 , 7.24 , 8.0 , 8 , 8
2 , 7.24 , 8.0 , 8 , 8
2 , 7.24 , 8.0 , 8 , 8
2 , 7.24 , 8.0 , 8 , 8
2 , 7.24 , 8.0 , 8 , 8
2 , 7.2 , 8.0 , 8 , 8
2 , 7.2 , 8.0 , 8 , 8
2 , 7.2 , 8.0 , 8 , 8
2 , 7.2 , 8.0 , 8 , 8
2 , 7.18 , 8.0 , 8 , 8
2 , 7.18 , 8.0 , 8 , 8
2 , 7.16 , 8.0 , 8 , 8
2 , 7.16 , 8.0 , 8 , 8
2 , 7.16 , 8.0 , 8 , 8
2 , 7.16 , 8.0 , 8 , 8
2 , 7.14 , 8.0 , 8 , 8
2 , 7.12 , 8.0 , 8 , 8
2 , 7.12 , 8.0 , 8 , 8
2 , 7.12 , 8.0 , 8 , 8
2 , 7.12 , 8.0 , 8 , 8
2 , 7.12 , 8.0 , 8 , 8
2 , 7.12 , 8.0 , 8 , 8
2 , 7.12 , 8.0 , 8 , 8
2 , 7.12 , 8.0 , 8 , 8
2 , 7.12 , 8.0 , 8 , 8
2 , 7.12 , 8.0 , 8 , 8
2 , 7.12 , 8.0 , 8 , 8
2 , 7.12 , 8.0 , 8 , 8
2 , 7.1 , 8.0 , 8 , 8
2 , 7.1 , 8.0 , 8 , 8
2 , 7.08 , 8.0 , 8 , 8
2 , 7.08 , 8.0 , 8 , 8
2 , 7.08 , 8.0 , 8 , 8
2 , 7.08 , 8.0 , 8 , 8
2 , 7.08 , 8.0 , 8 , 8
2 , 7.08 , 8.0 , 8 , 8
2 , 7.08 , 8.0 , 8 , 8
2 , 7.08 , 8.0 , 8 , 8
2 , 7.08 , 8.0 , 8 , 8
2 , 7.06 , 8.0 , 8 , 8
2 , 7.06 , 8.0 , 8 , 8
2 , 7.04 , 8.0 , 8 , 8
2 , 7.04 , 8.0 , 8 , 8
2 , 7.04 , 8.0 , 8 , 8
2 , 7.04 , 8.0 , 8 , 8
2 , 7.04 , 8.0 , 8 , 8
2 , 7.04 , 8.0 , 8 , 8
2 , 7.04 , 8.0 , 8 , 8
2 , 7.04 , 8.0 , 8 , 8
2 , 7.04 , 8.0 , 8 , 8
2 , 7.04 , 8.0 , 8 , 8
2 , 7.0 , 8.0 , 8 , 8
2 , 7.0 , 8.0 , 8 , 8
2 , 6.98 , 8.0 , 8 , 8
2 , 6.98 , 8.0 , 8 , 8
2 , 6.96 , 8.0 , 8 , 8
2 , 6.96 , 8.0 , 8 , 8
2 , 6.96 , 8.0 , 8 , 8
2 , 6.96 , 8.0 , 8 , 8
2 , 6.96 , 8.0 , 8 , 8
2 , 6.96 , 8.0 , 8 , 8
2 , 6.96 , 8.0 , 8 , 8
2 , 6.96 , 8.0 , 8 , 8
2 , 6.96 , 8.0 , 8 , 8
2 , 6.92 , 8.0 , 8 , 8
2 , 6.92 , 8.0 , 8 , 8
2 , 6.9 , 8.0 , 8 , 8
2 , 6.86 , 8.0 , 8 , 8
2 , 6.86 , 8.0 , 8 , 8
2 , 6.86 , 8.0 , 8 , 8
2 , 6.8 , 8.0 , 8 , 8
2 , 6.8 , 8.0 , 8 , 8
2 , 6.78 , 8.0 , 8 , 8
2 , 6.78 , 8.0 , 8 , 8
2 , 6.78 , 8.0 , 8 , 8
2 , 6.78 , 8.0 , 8 , 8
2 , 6.78 , 8.0 , 8 , 8
2 , 6.78 , 8.0 , 8 , 8
2 , 6.78 , 8.0 , 8 , 8
2 , 6.78 , 8.0 , 8 , 8
2 , 6.76 , 7.0 , 8 , 8
2 , 6.76 , 7.0 , 8 , 8
2 , 6.76 , 7.0 , 8 , 8
2 , 6.76 , 7.0 , 8 , 8
2 , 6.76 , 7.0 , 8 , 8
2 , 6.76 , 7.0 , 8 , 8
2 , 6.76 , 7.0 , 8 , 8
2 , 6.76 , 7.0 , 8 , 8
2 , 6.74 , 6.0 , 8 , 8
2 , 6.7 , 6.0 , 8 , 8
2 , 6.7 , 6.0 , 8 , 8
2 , 6.7 , 6.0 , 8 , 8
2 , 6.7 , 6.0 , 8 , 8
2 , 6.68 , 6.0 , 8 , 8
2 , 6.68 , 6.0 , 8 , 8
2 , 6.68 , 6.0 , 8 , 8
2 , 6.68 , 6.0 , 8 , 8
2 , 6.66 , 6.0 , 8 , 8
2 , 6.66 , 6.0 , 8 , 8
2 , 6.66 , 6.0 , 8 , 8
2 , 6.66 , 6.0 , 8 , 8
2 , 6.66 , 6.0 , 8 , 8
2 , 6.66 , 6.0 , 8 , 8
2 , 6.66 , 6.0 , 8 , 8
2 , 6.66 , 6.0 , 8 , 8
2 , 6.66 , 6.0 , 8 , 8
2 , 6.66 , 6.0 , 8 , 8
2 , 6.66 , 6.0 , 8 , 8
2 , 6.66 , 6.0 , 8 , 8
2 , 6.66 , 6.0 , 8 , 8
2 , 6.66 , 6.0 , 8 , 8
2 , 6.66 , 6.0 , 8 , 8
2 , 6.66 , 6.0 , 8 , 8
2 , 6.66 , 6.0 , 8 , 8
2 , 6.64 , 6.0 , 8 , 8
2 , 6.64 , 6.0 , 8 , 8
2 , 6.64 , 6.0 , 8 , 8
2 , 6.64 , 6.0 , 8 , 8
2 , 6.64 , 6.0 , 8 , 8
2 , 6.64 , 6.0 , 8 , 8
2 , 6.64 , 6.0 , 8 , 8
2 , 6.64 , 6.0 , 8 , 8
2 , 6.64 , 6.0 , 8 , 8
2 , 6.62 , 6.0 , 6 , 8
2 , 6.62 , 6.0 , 6 , 8
2 , 6.62 , 6.0 , 6 , 8
2 , 6.62 , 6.0 , 6 , 8
2 , 6.62 , 6.0 , 6 , 8
2 , 6.62 , 6.0 , 6 , 8
2 , 6.6 , 6.0 , 6 , 8
2 , 6.6 , 6.0 , 6 , 8
2 , 6.6 , 6.0 , 6 , 8
2 , 6.6 , 6.0 , 6 , 8
2 , 6.58 , 6.0 , 6 , 8
2 , 6.56 , 6.0 , 6 , 8
2 , 6.56 , 6.0 , 6 , 8
2 , 6.56 , 6.0 , 6 , 8
2 , 6.56 , 6.0 , 6 , 8
2 , 6.56 , 6.0 , 6 , 8
2 , 6.56 , 6.0 , 6 , 8
2 , 6.56 , 6.0 , 6 , 8
2 , 6.52 , 6.0 , 6 , 8
2 , 6.52 , 6.0 , 6 , 8
2 , 6.52 , 6.0 , 6 , 8
2 , 6.52 , 6.0 , 6 , 8
2 , 6.52 , 6.0 , 6 , 8
2 , 6.52 , 6.0 , 6 , 8
2 , 6.52 , 6.0 , 6 , 8
2 , 6.52 , 6.0 , 6 , 8
2 , 6.5 , 6.0 , 6 , 8
2 , 6.48 , 6.0 , 6 , 8
2 , 6.48 , 6.0 , 6 , 8
2 , 6.48 , 6.0 , 6 , 8
2 , 6.46 , 6.0 , 6 , 8
2 , 6.44 , 6.0 , 6 , 8
2 , 6.44 , 6.0 , 6 , 8
2 , 6.4 , 6.0 , 6 , 8
2 , 6.4 , 6.0 , 6 , 8
2 , 6.4 , 6.0 , 6 , 8
2 , 6.4 , 6.0 , 6 , 8
2 , 6.4 , 6.0 , 6 , 8
2 , 6.4 , 6.0 , 6 , 8
2 , 6.4 , 6.0 , 6 , 8
2 , 6.38 , 6.0 , 6 , 8
2 , 6.38 , 6.0 , 6 , 8
2 , 6.38 , 6.0 , 6 , 8
2 , 6.36 , 6.0 , 6 , 8
2 , 6.36 , 6.0 , 6 , 8
2 , 6.34 , 6.0 , 6 , 8
2 , 6.34 , 6.0 , 6 , 8
2 , 6.34 , 6.0 , 6 , 8
2 , 6.34 , 6.0 , 6 , 8
2 , 6.32 , 6.0 , 6 , 8
2 , 6.32 , 6.0 , 6 , 8
2 , 6.32 , 6.0 , 6 , 8
2 , 6.32 , 6.0 , 6 , 8
2 , 6.32 , 6.0 , 6 , 8
2 , 6.32 , 6.0 , 6 , 8
2 , 6.32 , 6.0 , 6 , 8
2 , 6.32 , 6.0 , 6 , 8
2 , 6.32 , 6.0 , 6 , 8
2 , 6.32 , 6.0 , 6 , 8
2 , 6.32 , 6.0 , 6 , 8
2 , 6.3 , 6.0 , 6 , 8
2 , 6.3 , 6.0 , 6 , 8
2 , 6.3 , 6.0 , 6 , 8
2 , 6.28 , 6.0 , 6 , 8
2 , 6.28 , 6.0 , 6 , 8
2 , 6.28 , 6.0 , 6 , 8
2 , 6.28 , 6.0 , 6 , 8
2 , 6.28 , 6.0 , 6 , 8
2 , 6.28 , 6.0 , 6 , 8
2 , 6.28 , 6.0 , 6 , 8
2 , 6.28 , 6.0 , 6 , 8
2 , 6.24 , 6.0 , 6 , 8
2 , 6.24 , 6.0 , 6 , 8
2 , 6.24 , 6.0 , 6 , 8
2 , 6.24 , 6.0 , 6 , 8
2 , 6.22 , 6.0 , 6 , 8
2 , 6.22 , 6.0 , 6 , 8
2 , 6.22 , 6.0 , 6 , 8
2 , 6.22 , 6.0 , 6 , 8
2 , 6.22 , 6.0 , 6 , 8
2 , 6.22 , 6.0 , 6 , 8
2 , 6.22 , 6.0 , 6 , 8
2 , 6.22 , 6.0 , 6 , 8
2 , 6.22 , 6.0 , 6 , 8
2 , 6.22 , 6.0 , 6 , 8
2 , 6.22 , 6.0 , 6 , 8
2 , 6.22 , 6.0 , 6 , 8
2 , 6.22 , 6.0 , 6 , 8
2 , 6.18 , 6.0 , 6 , 8
2 , 6.18 , 6.0 , 6 , 8
2 , 6.16 , 6.0 , 6 , 8
2 , 6.16 , 6.0 , 6 , 8
2 , 6.16 , 6.0 , 6 , 8
2 , 6.16 , 6.0 , 6 , 8
2 , 6.1 , 6.0 , 6 , 8
2 , 6.1 , 6.0 , 6 , 8
2 , 6.1 , 6.0 , 6 , 8
2 , 6.08 , 6.0 , 6 , 8
2 , 6.08 , 6.0 , 6 , 8
2 , 6.08 , 6.0 , 6 , 8
2 , 6.08 , 6.0 , 6 , 8
2 , 6.06 , 6.0 , 6 , 8
2 , 6.06 , 6.0 , 6 , 8
2 , 6.06 , 6.0 , 6 , 8
2 , 6.06 , 6.0 , 6 , 8
2 , 6.06 , 6.0 , 6 , 8
2 , 6.06 , 6.0 , 6 , 8
2 , 6.04 , 6.0 , 6 , 8
2 , 6.04 , 6.0 , 6 , 8
2 , 6.04 , 6.0 , 6 , 8
2 , 6.04 , 6.0 , 6 , 8
2 , 6.04 , 6.0 , 6 , 8
2 , 6.04 , 6.0 , 6 , 8
2 , 6.04 , 6.0 , 6 , 8
2 , 6.04 , 6.0 , 6 , 8
2 , 6.04 , 6.0 , 6 , 8
2 , 6.0 , 6.0 , 6 , 8
2 , 6.0 , 6.0 , 6 , 8
2 , 6.0 , 6.0 , 6 , 8
2 , 6.0 , 6.0 , 6 , 8
2 , 6.0 , 6.0 , 6 , 8
2 , 6.0 , 6.0 , 6 , 8
2 , 5.98 , 6.0 , 6 , 8
2 , 5.98 , 6.0 , 6 , 8
2 , 5.94 , 6.0 , 6 , 8
2 , 5.94 , 6.0 , 6 , 8
2 , 5.92 , 6.0 , 6 , 8
2 , 5.92 , 6.0 , 6 , 8
2 , 5.92 , 6.0 , 6 , 8
2 , 5.92 , 6.0 , 6 , 8
2 , 5.92 , 6.0 , 6 , 8
2 , 5.92 , 6.0 , 6 , 8
2 , 5.9 , 6.0 , 6 , 8
2 , 5.9 , 6.0 , 6 , 8
2 , 5.9 , 6.0 , 6 , 8
2 , 5.9 , 6.0 , 6 , 8
2 , 5.9 , 6.0 , 6 , 8
2 , 5.9 , 6.0 , 6 , 8
2 , 5.9 , 6.0 , 6 , 8
2 , 5.88 , 6.0 , 6 , 8
2 , 5.88 , 6.0 , 6 , 8
2 , 5.84 , 6.0 , 6 , 8
2 , 5.84 , 6.0 , 6 , 8
2 , 5.84 , 6.0 , 6 , 8
2 , 5.84 , 6.0 , 6 , 8
2 , 5.84 , 6.0 , 6 , 8
2 , 5.84 , 6.0 , 6 , 8
2 , 5.84 , 6.0 , 6 , 8
2 , 5.82 , 6.0 , 6 , 8
2 , 5.8 , 6.0 , 6 , 8
2 , 5.8 , 6.0 , 6 , 8
2 , 5.78 , 6.0 , 6 , 8
2 , 5.78 , 6.0 , 6 , 8
2 , 5.78 , 6.0 , 6 , 8
2 , 5.78 , 6.0 , 6 , 8
2 , 5.78 , 6.0 , 6 , 8
2 , 5.78 , 6.0 , 6 , 8
2 , 5.78 , 6.0 , 6 , 8
2 , 5.76 , 6.0 , 6 , 8
2 , 5.76 , 6.0 , 6 , 8
2 , 5.76 , 6.0 , 6 , 8
2 , 5.76 , 6.0 , 6 , 8
2 , 5.76 , 6.0 , 6 , 8
2 , 5.76 , 6.0 , 6 , 8
2 , 5.76 , 6.0 , 6 , 8
2 , 5.74 , 6.0 , 6 , 8
2 , 5.74 , 6.0 , 6 , 8
2 , 5.74 , 6.0 , 6 , 8
2 , 5.74 , 6.0 , 6 , 8
2 , 5.72 , 6.0 , 6 , 8
2 , 5.72 , 6.0 , 6 , 8
2 , 5.72 , 6.0 , 6 , 8
2 , 5.7 , 6.0 , 6 , 8
2 , 5.7 , 6.0 , 6 , 8
2 , 5.7 , 6.0 , 6 , 8
2 , 5.7 , 6.0 , 6 , 8
2 , 5.68 , 6.0 , 6 , 8
2 , 5.62 , 6.0 , 6 , 8
2 , 5.62 , 6.0 , 6 , 8
2 , 5.62 , 6.0 , 6 , 8
2 , 5.62 , 6.0 , 6 , 8
2 , 5.62 , 6.0 , 6 , 8
2 , 5.62 , 6.0 , 6 , 8
2 , 5.62 , 6.0 , 6 , 8
2 , 5.62 , 6.0 , 6 , 8
2 , 5.62 , 6.0 , 6 , 8
2 , 5.62 , 6.0 , 6 , 8
2 , 5.62 , 6.0 , 6 , 8
2 , 5.58 , 6.0 , 6 , 8
2 , 5.58 , 6.0 , 6 , 8
2 , 5.52 , 6.0 , 6 , 8
2 , 5.52 , 6.0 , 6 , 8
2 , 5.5 , 6.0 , 6 , 6
2 , 5.5 , 6.0 , 6 , 6
2 , 5.5 , 6.0 , 6 , 6
2 , 5.5 , 6.0 , 6 , 6
2 , 5.48 , 6.0 , 6 , 6
2 , 5.48 , 6.0 , 6 , 6
2 , 5.48 , 6.0 , 6 , 6
2 , 5.48 , 6.0 , 6 , 6
2 , 5.46 , 6.0 , 6 , 6
2 , 5.46 , 6.0 , 6 , 6
2 , 5.46 , 6.0 , 6 , 6
2 , 5.46 , 6.0 , 6 , 6
2 , 5.46 , 6.0 , 6 , 6
2 , 5.46 , 6.0 , 6 , 6
2 , 5.44 , 6.0 , 6 , 6
2 , 5.44 , 6.0 , 6 , 6
2 , 5.44 , 6.0 , 6 , 6
2 , 5.44 , 6.0 , 6 , 6
2 , 5.44 , 6.0 , 6 , 6
2 , 5.44 , 6.0 , 6 , 6
2 , 5.44 , 6.0 , 6 , 6
2 , 5.44 , 6.0 , 6 , 6
2 , 5.44 , 6.0 , 6 , 6
2 , 5.44 , 6.0 , 6 , 6
2 , 5.44 , 6.0 , 6 , 6
2 , 5.44 , 6.0 , 6 , 6
2 , 5.44 , 6.0 , 6 , 6
2 , 5.44 , 6.0 , 6 , 6
2 , 5.44 , 6.0 , 6 , 6
2 , 5.44 , 6.0 , 6 , 6
2 , 5.44 , 6.0 , 6 , 6
2 , 5.44 , 6.0 , 6 , 6
2 , 5.44 , 6.0 , 6 , 6
2 , 5.44 , 6.0 , 6 , 6
2 , 5.44 , 6.0 , 6 , 6
2 , 5.44 , 6.0 , 6 , 6
2 , 5.44 , 6.0 , 6 , 6
2 , 5.44 , 6.0 , 6 , 6
2 , 5.44 , 6.0 , 6 , 6
2 , 5.44 , 6.0 , 6 , 6
2 , 5.44 , 6.0 , 6 , 6
2 , 5.44 , 6.0 , 6 , 6
2 , 5.4 , 6.0 , 6 , 6
2 , 5.4 , 6.0 , 6 , 6
2 , 5.4 , 6.0 , 6 , 6
2 , 5.4 , 6.0 , 6 , 6
2 , 5.4 , 6.0 , 6 , 6
2 , 5.4 , 6.0 , 6 , 6
2 , 5.4 , 6.0 , 6 , 6
2 , 5.4 , 6.0 , 6 , 6
2 , 5.4 , 6.0 , 6 , 6
2 , 5.4 , 6.0 , 6 , 6
2 , 5.4 , 6.0 , 6 , 6
2 , 5.4 , 6.0 , 6 , 6
2 , 5.4 , 6.0 , 6 , 6
2 , 5.4 , 6.0 , 6 , 6
2 , 5.36 , 6.0 , 6 , 6
2 , 5.36 , 6.0 , 6 , 6
2 , 5.36 , 6.0 , 6 , 6
2 , 5.36 , 6.0 , 6 , 6
2 , 5.36 , 6.0 , 6 , 6
2 , 5.36 , 6.0 , 6 , 6
2 , 5.36 , 6.0 , 6 , 6
2 , 5.36 , 6.0 , 6 , 6
2 , 5.34 , 6.0 , 6 , 6
2 , 5.34 , 6.0 , 6 , 6
2 , 5.34 , 6.0 , 6 , 6
2 , 5.34 , 6.0 , 6 , 6
2 , 5.34 , 6.0 , 6 , 6
2 , 5.34 , 6.0 , 6 , 6
2 , 5.34 , 6.0 , 6 , 6
2 , 5.34 , 6.0 , 6 , 6
2 , 5.34 , 6.0 , 6 , 6
2 , 5.34 , 6.0 , 6 , 6
2 , 5.32 , 6.0 , 6 , 6
2 , 5.32 , 6.0 , 6 , 6
2 , 5.32 , 6.0 , 6 , 6
2 , 5.32 , 6.0 , 6 , 6
2 , 5.32 , 6.0 , 6 , 6
2 , 5.32 , 6.0 , 6 , 6
2 , 5.32 , 6.0 , 6 , 6
2 , 5.32 , 6.0 , 6 , 6
2 , 5.32 , 6.0 , 6 , 6
2 , 5.32 , 6.0 , 6 , 6
2 , 5.32 , 6.0 , 6 , 6
2 , 5.32 , 6.0 , 6 , 6
2 , 5.32 , 6.0 , 6 , 6
2 , 5.32 , 6.0 , 6 , 6
2 , 5.32 , 6.0 , 6 , 6
2 , 5.32 , 6.0 , 6 , 6
2 , 5.32 , 6.0 , 6 , 6
2 , 5.32 , 6.0 , 6 , 6
2 , 5.32 , 6.0 , 6 , 6
2 , 5.32 , 6.0 , 6 , 6
2 , 5.32 , 6.0 , 6 , 6
2 , 5.32 , 6.0 , 6 , 6
2 , 5.32 , 6.0 , 6 , 6
2 , 5.32 , 6.0 , 6 , 6
2 , 5.32 , 6.0 , 6 , 6
2 , 5.32 , 6.0 , 6 , 6
2 , 5.32 , 6.0 , 6 , 6
2 , 5.32 , 6.0 , 6 , 6
2 , 5.32 , 6.0 , 6 , 6
2 , 5.32 , 6.0 , 6 , 6
2 , 5.32 , 6.0 , 6 , 6
2 , 5.32 , 6.0 , 6 , 6
2 , 5.32 , 6.0 , 6 , 6
2 , 5.32 , 6.0 , 6 , 6
2 , 5.32 , 6.0 , 6 , 6
2 , 5.32 , 6.0 , 6 , 6
2 , 5.32 , 6.0 , 6 , 6
2 , 5.32 , 6.0 , 6 , 6
2 , 5.32 , 6.0 , 6 , 6
2 , 5.32 , 6.0 , 6 , 6
2 , 5.32 , 6.0 , 6 , 6
2 , 5.3 , 6.0 , 6 , 6
2 , 5.3 , 6.0 , 6 , 6
2 , 5.3 , 6.0 , 6 , 6
2 , 5.3 , 6.0 , 6 , 6
2 , 5.3 , 6.0 , 6 , 6
2 , 5.3 , 6.0 , 6 , 6
2 , 5.3 , 6.0 , 6 , 6
2 , 5.3 , 6.0 , 6 , 6
2 , 5.3 , 6.0 , 6 , 6
2 , 5.3 , 6.0 , 6 , 6
2 , 5.3 , 6.0 , 6 , 6
2 , 5.28 , 6.0 , 6 , 6
2 , 5.28 , 6.0 , 6 , 6
2 , 5.28 , 6.0 , 6 , 6
2 , 5.28 , 6.0 , 6 , 6
2 , 5.28 , 6.0 , 6 , 6
2 , 5.28 , 6.0 , 6 , 6
2 , 5.28 , 6.0 , 6 , 6
2 , 5.28 , 6.0 , 6 , 6
2 , 5.28 , 6.0 , 6 , 6
2 , 5.28 , 6.0 , 6 , 6
2 , 5.28 , 6.0 , 6 , 6
2 , 5.28 , 6.0 , 6 , 6
2 , 5.28 , 6.0 , 6 , 6
2 , 5.28 , 6.0 , 6 , 6
2 , 5.28 , 6.0 , 6 , 6
2 , 5.28 , 6.0 , 6 , 6
2 , 5.28 , 6.0 , 6 , 6
2 , 5.24 , 6.0 , 6 , 6
2 , 5.24 , 6.0 , 6 , 6
2 , 5.22 , 6.0 , 6 , 6
2 , 5.22 , 6.0 , 6 , 6
2 , 5.22 , 6.0 , 6 , 6
2 , 5.22 , 6.0 , 6 , 6
2 , 5.22 , 6.0 , 6 , 6
2 , 5.22 , 6.0 , 6 , 6
2 , 5.22 , 6.0 , 6 , 6
2 , 5.22 , 6.0 , 6 , 6
2 , 5.22 , 6.0 , 6 , 6
2 , 5.22 , 6.0 , 6 , 6
2 , 5.22 , 6.0 , 6 , 6
2 , 5.22 , 6.0 , 6 , 6
2 , 5.22 , 6.0 , 6 , 6
2 , 5.22 , 6.0 , 6 , 6
2 , 5.22 , 6.0 , 6 , 6
2 , 5.22 , 6.0 , 6 , 6
2 , 5.22 , 6.0 , 6 , 6
2 , 5.22 , 6.0 , 6 , 6
2 , 5.22 , 6.0 , 6 , 6
2 , 5.22 , 6.0 , 6 , 6
2 , 5.22 , 6.0 , 6 , 6
2 , 5.22 , 6.0 , 6 , 6
2 , 5.22 , 6.0 , 6 , 6
2 , 5.22 , 6.0 , 6 , 6
2 , 5.22 , 6.0 , 6 , 6
2 , 5.22 , 6.0 , 6 , 6
2 , 5.2 , 6.0 , 6 , 6
2 , 5.2 , 6.0 , 6 , 6
2 , 5.2 , 6.0 , 6 , 6
2 , 5.2 , 6.0 , 6 , 6
2 , 5.2 , 6.0 , 6 , 6
2 , 5.2 , 6.0 , 6 , 6
2 , 5.2 , 6.0 , 6 , 6
2 , 5.2 , 6.0 , 6 , 6
2 , 5.2 , 6.0 , 6 , 6
2 , 5.2 , 6.0 , 6 , 6
2 , 5.2 , 6.0 , 6 , 6
2 , 5.2 , 6.0 , 6 , 6
2 , 5.2 , 6.0 , 6 , 6
2 , 5.2 , 6.0 , 6 , 6
2 , 5.2 , 6.0 , 6 , 6
2 , 5.2 , 6.0 , 6 , 6
2 , 5.18 , 6.0 , 6 , 6
2 , 5.18 , 6.0 , 6 , 6
2 , 5.18 , 6.0 , 6 , 6
2 , 5.18 , 6.0 , 6 , 6
2 , 5.18 , 6.0 , 6 , 6
2 , 5.18 , 6.0 , 6 , 6
2 , 5.18 , 6.0 , 6 , 6
2 , 5.16 , 6.0 , 6 , 6
2 , 5.16 , 6.0 , 6 , 6
2 , 5.16 , 6.0 , 6 , 6
2 , 5.16 , 6.0 , 6 , 6
2 , 5.16 , 6.0 , 6 , 6
2 , 5.16 , 6.0 , 6 , 6
2 , 5.16 , 6.0 , 6 , 6
2 , 5.14 , 6.0 , 6 , 6
2 , 5.14 , 6.0 , 6 , 6
2 , 5.14 , 6.0 , 6 , 6
2 , 5.14 , 6.0 , 6 , 6
2 , 5.14 , 6.0 , 6 , 6
2 , 5.14 , 6.0 , 6 , 6
2 , 5.14 , 6.0 , 6 , 6
2 , 5.14 , 6.0 , 6 , 6
2 , 5.14 , 6.0 , 6 , 6
2 , 5.14 , 6.0 , 6 , 6
2 , 5.14 , 6.0 , 6 , 6
2 , 5.14 , 6.0 , 6 , 6
2 , 5.14 , 6.0 , 6 , 6
2 , 5.14 , 6.0 , 6 , 6
2 , 5.14 , 6.0 , 6 , 6
2 , 5.14 , 6.0 , 6 , 6
2 , 5.14 , 6.0 , 6 , 6
2 , 5.14 , 6.0 , 6 , 6
2 , 5.14 , 6.0 , 6 , 6
2 , 5.14 , 6.0 , 6 , 6
2 , 5.14 , 6.0 , 6 , 6
2 , 5.14 , 6.0 , 6 , 6
2 , 5.14 , 6.0 , 6 , 6
2 , 5.14 , 6.0 , 6 , 6
2 , 5.14 , 6.0 , 6 , 6
2 , 5.14 , 6.0 , 6 , 6
2 , 5.14 , 6.0 , 6 , 6
2 , 5.14 , 6.0 , 6 , 6
2 , 5.14 , 6.0 , 6 , 6
2 , 5.14 , 6.0 , 6 , 6
2 , 5.12 , 6.0 , 6 , 6
2 , 5.08 , 6.0 , 6 , 6
2 , 5.08 , 6.0 , 6 , 6
2 , 5.08 , 6.0 , 6 , 6
2 , 5.08 , 6.0 , 6 , 6
2 , 5.08 , 6.0 , 6 , 6
2 , 5.08 , 6.0 , 6 , 6
2 , 5.08 , 6.0 , 6 , 6
2 , 5.08 , 6.0 , 6 , 6
2 , 5.08 , 6.0 , 6 , 6
2 , 5.08 , 6.0 , 6 , 6
2 , 5.08 , 6.0 , 6 , 6
2 , 5.08 , 6.0 , 6 , 6
2 , 5.08 , 6.0 , 6 , 6
2 , 5.08 , 6.0 , 6 , 6
2 , 5.08 , 6.0 , 6 , 6
2 , 5.08 , 6.0 , 6 , 6
2 , 5.08 , 6.0 , 6 , 6
2 , 5.08 , 6.0 , 6 , 6
2 , 5.08 , 6.0 , 6 , 6
2 , 5.08 , 6.0 , 6 , 6
2 , 5.08 , 6.0 , 6 , 6
2 , 5.08 , 6.0 , 6 , 6
2 , 5.08 , 6.0 , 6 , 6
2 , 5.08 , 6.0 , 6 , 6
2 , 5.08 , 6.0 , 6 , 6
2 , 5.08 , 6.0 , 6 , 6
2 , 5.08 , 6.0 , 6 , 6
2 , 5.08 , 6.0 , 6 , 6
2 , 5.06 , 6.0 , 6 , 6
2 , 5.06 , 6.0 , 6 , 6
2 , 5.06 , 6.0 , 6 , 6
2 , 5.06 , 6.0 , 6 , 6
2 , 5.06 , 6.0 , 6 , 6
2 , 5.06 , 6.0 , 6 , 6
2 , 5.06 , 6.0 , 6 , 6
2 , 5.06 , 6.0 , 6 , 6
2 , 5.06 , 6.0 , 6 , 6
2 , 5.06 , 6.0 , 6 , 6
2 , 5.06 , 6.0 , 6 , 6
2 , 5.04 , 6.0 , 6 , 6
2 , 5.02 , 6.0 , 6 , 6
2 , 5.02 , 6.0 , 6 , 6
2 , 5.02 , 6.0 , 6 , 6
2 , 5.02 , 6.0 , 6 , 6
2 , 5.02 , 6.0 , 6 , 6
2 , 5.02 , 6.0 , 6 , 6
2 , 5.02 , 6.0 , 6 , 6
2 , 5.02 , 6.0 , 6 , 6
2 , 5.02 , 6.0 , 6 , 6
2 , 5.02 , 6.0 , 6 , 6
2 , 5.02 , 6.0 , 6 , 6
2 , 5.02 , 6.0 , 6 , 6
2 , 5.02 , 6.0 , 6 , 6
2 , 5.02 , 6.0 , 6 , 6
2 , 5.02 , 6.0 , 6 , 6
2 , 5.02 , 6.0 , 6 , 6
2 , 5.02 , 6.0 , 6 , 6
2 , 5.02 , 6.0 , 6 , 6
2 , 5.02 , 6.0 , 6 , 6
2 , 5.02 , 6.0 , 6 , 6
2 , 5.02 , 6.0 , 6 , 6
2 , 5.02 , 6.0 , 6 , 6
2 , 5.02 , 6.0 , 6 , 6
2 , 5.02 , 6.0 , 6 , 6
2 , 5.0 , 6.0 , 6 , 6
2 , 5.0 , 6.0 , 6 , 6
2 , 5.0 , 6.0 , 6 , 6
2 , 4.98 , 6.0 , 6 , 6
2 , 4.98 , 6.0 , 6 , 6
2 , 4.98 , 6.0 , 6 , 6
2 , 4.98 , 6.0 , 6 , 6
2 , 4.98 , 6.0 , 6 , 6
2 , 4.98 , 6.0 , 6 , 6
2 , 4.98 , 6.0 , 6 , 6
2 , 4.98 , 6.0 , 6 , 6
2 , 4.98 , 6.0 , 6 , 6
2 , 4.98 , 6.0 , 6 , 6
2 , 4.98 , 6.0 , 6 , 6
2 , 4.96 , 6.0 , 6 , 6
2 , 4.96 , 6.0 , 6 , 6
2 , 4.96 , 6.0 , 6 , 6
2 , 4.96 , 6.0 , 6 , 6
2 , 4.96 , 6.0 , 6 , 6
2 , 4.96 , 6.0 , 6 , 6
2 , 4.96 , 6.0 , 6 , 6
2 , 4.96 , 6.0 , 6 , 6
2 , 4.96 , 6.0 , 6 , 6
2 , 4.96 , 6.0 , 6 , 6
2 , 4.96 , 6.0 , 6 , 6
2 , 4.96 , 6.0 , 6 , 6
2 , 4.96 , 6.0 , 6 , 6
2 , 4.92 , 6.0 , 6 , 6
2 , 4.92 , 6.0 , 6 , 6
2 , 4.92 , 6.0 , 6 , 6
2 , 4.92 , 6.0 , 6 , 6
2 , 4.92 , 6.0 , 6 , 6
2 , 4.92 , 6.0 , 6 , 6
2 , 4.92 , 6.0 , 6 , 6
2 , 4.92 , 6.0 , 6 , 6
2 , 4.92 , 6.0 , 6 , 6
2 , 4.92 , 6.0 , 6 , 6
2 , 4.92 , 6.0 , 6 , 6
2 , 4.92 , 6.0 , 6 , 6
2 , 4.92 , 6.0 , 6 , 6
2 , 4.92 , 6.0 , 6 , 6
2 , 4.92 , 6.0 , 6 , 6
2 , 4.92 , 6.0 , 6 , 6
2 , 4.92 , 6.0 , 6 , 6
2 , 4.92 , 6.0 , 6 , 6
2 , 4.92 , 6.0 , 6 , 6
2 , 4.92 , 6.0 , 6 , 6
2 , 4.92 , 6.0 , 6 , 6
2 , 4.92 , 6.0 , 6 , 6
2 , 4.92 , 6.0 , 6 , 6
2 , 4.92 , 6.0 , 6 , 6
2 , 4.9 , 6.0 , 6 , 6
2 , 4.9 , 6.0 , 6 , 6
2 , 4.9 , 6.0 , 6 , 6
2 , 4.9 , 6.0 , 6 , 6
2 , 4.9 , 6.0 , 6 , 6
2 , 4.9 , 6.0 , 6 , 6
2 , 4.9 , 6.0 , 6 , 6
2 , 4.88 , 6.0 , 6 , 6
2 , 4.88 , 6.0 , 6 , 6
0  Perfect solutions
perfect solution individuals []
