6 , 15.5 , 16.0 , 16 , 26
6 , 15.26 , 16.0 , 16 , 24
6 , 15.04 , 16.0 , 16 , 24
6 , 14.78 , 14.0 , 16 , 22
6 , 14.62 , 14.0 , 16 , 22
6 , 14.38 , 14.0 , 16 , 22
6 , 14.2 , 14.0 , 12 , 20
6 , 14.16 , 14.0 , 16 , 20
6 , 14.08 , 14.0 , 12 , 20
6 , 14.0 , 14.0 , 12 , 20
6 , 13.88 , 14.0 , 12 , 20
6 , 13.78 , 14.0 , 16 , 18
6 , 13.66 , 14.0 , 16 , 18
6 , 13.58 , 14.0 , 16 , 18
6 , 13.5 , 14.0 , 16 , 18
6 , 13.42 , 14.0 , 16 , 18
6 , 13.3 , 14.0 , 12 , 18
6 , 13.2 , 13.0 , 12 , 18
6 , 13.14 , 12.0 , 12 , 18
6 , 13.12 , 12.0 , 12 , 18
6 , 12.92 , 12.0 , 12 , 18
6 , 12.86 , 12.0 , 12 , 16
6 , 12.78 , 12.0 , 12 , 16
6 , 12.68 , 12.0 , 12 , 16
6 , 12.56 , 12.0 , 12 , 16
6 , 12.5 , 12.0 , 12 , 16
6 , 12.4 , 12.0 , 12 , 16
6 , 12.3 , 12.0 , 12 , 16
6 , 12.2 , 12.0 , 12 , 16
6 , 12.12 , 12.0 , 12 , 16
6 , 12.08 , 12.0 , 12 , 16
6 , 12.04 , 12.0 , 12 , 16
6 , 11.98 , 12.0 , 12 , 16
6 , 11.9 , 12.0 , 12 , 16
6 , 11.82 , 12.0 , 12 , 16
6 , 11.76 , 12.0 , 12 , 16
6 , 11.66 , 12.0 , 12 , 16
6 , 11.64 , 12.0 , 12 , 16
6 , 11.56 , 12.0 , 12 , 16
6 , 11.46 , 12.0 , 12 , 16
6 , 11.38 , 12.0 , 12 , 16
6 , 11.36 , 12.0 , 12 , 14
6 , 11.32 , 12.0 , 12 , 14
6 , 11.32 , 12.0 , 12 , 14
6 , 11.26 , 12.0 , 12 , 14
6 , 11.2 , 12.0 , 12 , 14
6 , 11.16 , 12.0 , 12 , 14
6 , 11.08 , 12.0 , 12 , 14
6 , 11.08 , 12.0 , 12 , 14
6 , 11.04 , 12.0 , 12 , 14
6 , 10.98 , 12.0 , 12 , 14
6 , 10.94 , 12.0 , 12 , 14
6 , 10.94 , 12.0 , 12 , 14
6 , 10.94 , 12.0 , 12 , 14
6 , 10.88 , 12.0 , 12 , 14
6 , 10.84 , 12.0 , 12 , 14
4 , 10.7 , 11.0 , 12 , 14
4 , 10.7 , 11.0 , 12 , 14
4 , 10.64 , 10.0 , 12 , 14
4 , 10.6 , 10.0 , 12 , 14
4 , 10.6 , 10.0 , 12 , 14
4 , 10.54 , 10.0 , 12 , 14
4 , 10.52 , 10.0 , 12 , 14
4 , 10.42 , 10.0 , 12 , 14
4 , 10.42 , 10.0 , 12 , 14
4 , 10.38 , 10.0 , 12 , 12
4 , 10.34 , 10.0 , 12 , 12
4 , 10.34 , 10.0 , 12 , 12
4 , 10.34 , 10.0 , 12 , 12
4 , 10.3 , 10.0 , 12 , 12
4 , 10.26 , 10.0 , 10 , 12
4 , 10.26 , 10.0 , 10 , 12
4 , 10.26 , 10.0 , 10 , 12
4 , 10.22 , 10.0 , 10 , 12
4 , 10.22 , 10.0 , 10 , 12
4 , 10.22 , 10.0 , 10 , 12
4 , 10.22 , 10.0 , 10 , 12
4 , 10.2 , 10.0 , 10 , 12
4 , 10.14 , 10.0 , 10 , 12
4 , 10.08 , 10.0 , 10 , 12
4 , 10.08 , 10.0 , 10 , 12
4 , 10.08 , 10.0 , 10 , 12
4 , 10.08 , 10.0 , 10 , 12
4 , 10.02 , 10.0 , 10 , 12
4 , 9.98 , 10.0 , 10 , 12
4 , 9.94 , 10.0 , 10 , 12
4 , 9.9 , 10.0 , 10 , 12
4 , 9.88 , 10.0 , 10 , 12
4 , 9.82 , 10.0 , 10 , 12
4 , 9.8 , 10.0 , 10 , 12
4 , 9.8 , 10.0 , 10 , 12
4 , 9.76 , 10.0 , 10 , 12
4 , 9.72 , 10.0 , 10 , 12
4 , 9.68 , 10.0 , 10 , 12
4 , 9.68 , 10.0 , 10 , 12
4 , 9.64 , 10.0 , 10 , 12
4 , 9.64 , 10.0 , 10 , 12
4 , 9.64 , 10.0 , 10 , 12
4 , 9.64 , 10.0 , 10 , 12
4 , 9.64 , 10.0 , 10 , 12
4 , 9.62 , 10.0 , 10 , 12
4 , 9.6 , 10.0 , 10 , 12
4 , 9.6 , 10.0 , 10 , 12
4 , 9.56 , 10.0 , 10 , 12
4 , 9.56 , 10.0 , 10 , 12
4 , 9.56 , 10.0 , 10 , 12
4 , 9.52 , 10.0 , 10 , 12
4 , 9.48 , 10.0 , 10 , 12
4 , 9.44 , 10.0 , 10 , 12
4 , 9.44 , 10.0 , 10 , 12
4 , 9.42 , 10.0 , 10 , 12
4 , 9.4 , 10.0 , 10 , 12
4 , 9.38 , 10.0 , 10 , 12
4 , 9.34 , 10.0 , 10 , 12
4 , 9.34 , 10.0 , 10 , 12
4 , 9.3 , 10.0 , 10 , 12
4 , 9.3 , 10.0 , 10 , 12
4 , 9.3 , 10.0 , 10 , 12
4 , 9.24 , 10.0 , 10 , 12
4 , 9.24 , 10.0 , 10 , 12
4 , 9.18 , 10.0 , 10 , 12
4 , 9.12 , 10.0 , 10 , 12
4 , 9.06 , 10.0 , 10 , 12
4 , 9.06 , 10.0 , 10 , 12
4 , 9.04 , 10.0 , 10 , 12
4 , 9.04 , 10.0 , 10 , 12
4 , 9.04 , 10.0 , 10 , 12
4 , 9.04 , 10.0 , 10 , 12
4 , 9.0 , 10.0 , 10 , 12
4 , 8.98 , 10.0 , 10 , 12
4 , 8.94 , 10.0 , 10 , 10
4 , 8.94 , 10.0 , 10 , 10
4 , 8.92 , 10.0 , 10 , 10
4 , 8.92 , 10.0 , 10 , 10
4 , 8.92 , 10.0 , 10 , 10
4 , 8.9 , 10.0 , 10 , 10
4 , 8.9 , 10.0 , 10 , 10
4 , 8.9 , 10.0 , 10 , 10
4 , 8.9 , 10.0 , 10 , 10
4 , 8.86 , 10.0 , 10 , 10
4 , 8.86 , 10.0 , 10 , 10
4 , 8.86 , 10.0 , 10 , 10
4 , 8.78 , 10.0 , 10 , 10
4 , 8.78 , 10.0 , 10 , 10
4 , 8.78 , 10.0 , 10 , 10
4 , 8.78 , 10.0 , 10 , 10
4 , 8.78 , 10.0 , 10 , 10
4 , 8.78 , 10.0 , 10 , 10
4 , 8.72 , 10.0 , 10 , 10
4 , 8.7 , 10.0 , 10 , 10
4 , 8.66 , 10.0 , 10 , 10
4 , 8.66 , 10.0 , 10 , 10
4 , 8.66 , 10.0 , 10 , 10
4 , 8.66 , 10.0 , 10 , 10
4 , 8.66 , 10.0 , 10 , 10
4 , 8.66 , 10.0 , 10 , 10
4 , 8.66 , 10.0 , 10 , 10
4 , 8.66 , 10.0 , 10 , 10
4 , 8.64 , 9.0 , 10 , 10
4 , 8.64 , 9.0 , 10 , 10
4 , 8.58 , 8.0 , 10 , 10
4 , 8.58 , 8.0 , 10 , 10
4 , 8.58 , 8.0 , 10 , 10
4 , 8.56 , 8.0 , 10 , 10
4 , 8.56 , 8.0 , 10 , 10
4 , 8.56 , 8.0 , 10 , 10
4 , 8.54 , 8.0 , 10 , 10
4 , 8.54 , 8.0 , 10 , 10
4 , 8.54 , 8.0 , 10 , 10
4 , 8.54 , 8.0 , 10 , 10
4 , 8.54 , 8.0 , 10 , 10
4 , 8.52 , 8.0 , 10 , 10
4 , 8.48 , 8.0 , 10 , 10
4 , 8.48 , 8.0 , 10 , 10
4 , 8.44 , 8.0 , 10 , 10
4 , 8.44 , 8.0 , 10 , 10
4 , 8.44 , 8.0 , 10 , 10
4 , 8.42 , 8.0 , 10 , 10
4 , 8.42 , 8.0 , 10 , 10
4 , 8.42 , 8.0 , 10 , 10
4 , 8.38 , 8.0 , 8 , 10
4 , 8.38 , 8.0 , 8 , 10
4 , 8.38 , 8.0 , 8 , 10
4 , 8.38 , 8.0 , 8 , 10
4 , 8.38 , 8.0 , 8 , 10
4 , 8.36 , 8.0 , 8 , 10
4 , 8.36 , 8.0 , 8 , 10
4 , 8.36 , 8.0 , 8 , 10
4 , 8.36 , 8.0 , 8 , 10
0 , 8.26 , 8.0 , 8 , 10
0 , 8.26 , 8.0 , 8 , 10
0 , 8.26 , 8.0 , 8 , 10
0 , 8.22 , 8.0 , 8 , 10
0 , 8.22 , 8.0 , 8 , 10
0 , 8.22 , 8.0 , 8 , 10
0 , 8.2 , 8.0 , 8 , 10
0 , 8.18 , 8.0 , 8 , 10
0 , 8.18 , 8.0 , 8 , 10
0 , 8.18 , 8.0 , 8 , 10
0 , 8.18 , 8.0 , 8 , 10
0 , 8.16 , 8.0 , 8 , 10
0 , 8.16 , 8.0 , 8 , 10
0 , 8.16 , 8.0 , 8 , 10
0 , 8.12 , 8.0 , 8 , 10
0 , 8.12 , 8.0 , 8 , 10
0 , 8.1 , 8.0 , 8 , 10
0 , 8.1 , 8.0 , 8 , 10
0 , 8.1 , 8.0 , 8 , 10
0 , 8.08 , 8.0 , 8 , 10
0 , 8.08 , 8.0 , 8 , 10
0 , 8.02 , 8.0 , 8 , 10
0 , 7.98 , 8.0 , 8 , 10
0 , 7.98 , 8.0 , 8 , 10
0 , 7.96 , 8.0 , 8 , 10
0 , 7.96 , 8.0 , 8 , 10
0 , 7.96 , 8.0 , 8 , 10
0 , 7.96 , 8.0 , 8 , 10
0 , 7.96 , 8.0 , 8 , 10
0 , 7.96 , 8.0 , 8 , 10
0 , 7.96 , 8.0 , 8 , 10
0 , 7.96 , 8.0 , 8 , 10
0 , 7.96 , 8.0 , 8 , 10
0 , 7.96 , 8.0 , 8 , 10
0 , 7.96 , 8.0 , 8 , 10
0 , 7.96 , 8.0 , 8 , 10
0 , 7.96 , 8.0 , 8 , 10
0 , 7.96 , 8.0 , 8 , 10
0 , 7.92 , 8.0 , 8 , 10
0 , 7.88 , 8.0 , 8 , 10
0 , 7.86 , 8.0 , 8 , 10
0 , 7.86 , 8.0 , 8 , 10
0 , 7.84 , 8.0 , 8 , 10
0 , 7.82 , 8.0 , 8 , 10
0 , 7.82 , 8.0 , 8 , 10
0 , 7.82 , 8.0 , 8 , 10
0 , 7.82 , 8.0 , 8 , 10
0 , 7.78 , 8.0 , 8 , 10
0 , 7.74 , 8.0 , 8 , 10
0 , 7.7 , 8.0 , 8 , 10
0 , 7.68 , 8.0 , 8 , 10
0 , 7.66 , 8.0 , 8 , 10
0 , 7.66 , 8.0 , 8 , 10
0 , 7.64 , 8.0 , 8 , 10
0 , 7.64 , 8.0 , 8 , 10
0 , 7.62 , 8.0 , 8 , 10
0 , 7.62 , 8.0 , 8 , 10
0 , 7.62 , 8.0 , 8 , 10
0 , 7.62 , 8.0 , 8 , 10
0 , 7.62 , 8.0 , 8 , 10
0 , 7.62 , 8.0 , 8 , 10
0 , 7.62 , 8.0 , 8 , 10
0 , 7.56 , 8.0 , 8 , 10
0 , 7.56 , 8.0 , 8 , 10
0 , 7.56 , 8.0 , 8 , 10
0 , 7.56 , 8.0 , 8 , 10
0 , 7.56 , 8.0 , 8 , 10
0 , 7.56 , 8.0 , 8 , 10
0 , 7.56 , 8.0 , 8 , 10
0 , 7.56 , 8.0 , 8 , 10
0 , 7.56 , 8.0 , 8 , 10
0 , 7.54 , 8.0 , 8 , 10
0 , 7.54 , 8.0 , 8 , 10
0 , 7.52 , 8.0 , 8 , 10
0 , 7.52 , 8.0 , 8 , 10
0 , 7.52 , 8.0 , 8 , 10
0 , 7.5 , 8.0 , 8 , 10
0 , 7.5 , 8.0 , 8 , 10
0 , 7.5 , 8.0 , 8 , 10
0 , 7.42 , 8.0 , 8 , 10
0 , 7.42 , 8.0 , 8 , 10
0 , 7.42 , 8.0 , 8 , 10
0 , 7.4 , 8.0 , 8 , 10
0 , 7.38 , 8.0 , 8 , 10
0 , 7.36 , 8.0 , 8 , 10
0 , 7.36 , 8.0 , 8 , 10
0 , 7.32 , 8.0 , 8 , 10
0 , 7.26 , 8.0 , 8 , 10
0 , 7.26 , 8.0 , 8 , 10
0 , 7.26 , 8.0 , 8 , 10
0 , 7.2 , 8.0 , 8 , 8
0 , 7.2 , 8.0 , 8 , 8
0 , 7.2 , 8.0 , 8 , 8
0 , 7.2 , 8.0 , 8 , 8
0 , 7.2 , 8.0 , 8 , 8
0 , 7.2 , 8.0 , 8 , 8
0 , 7.2 , 8.0 , 8 , 8
0 , 7.2 , 8.0 , 8 , 8
0 , 7.18 , 8.0 , 8 , 8
0 , 7.18 , 8.0 , 8 , 8
0 , 7.14 , 8.0 , 8 , 8
0 , 7.14 , 8.0 , 8 , 8
0 , 7.14 , 8.0 , 8 , 8
0 , 7.14 , 8.0 , 8 , 8
0 , 7.14 , 8.0 , 8 , 8
0 , 7.14 , 8.0 , 8 , 8
0 , 7.14 , 8.0 , 8 , 8
0 , 7.12 , 8.0 , 8 , 8
0 , 7.12 , 8.0 , 8 , 8
0 , 7.12 , 8.0 , 8 , 8
0 , 7.12 , 8.0 , 8 , 8
0 , 7.12 , 8.0 , 8 , 8
0 , 7.12 , 8.0 , 8 , 8
0 , 7.12 , 8.0 , 8 , 8
0 , 7.1 , 8.0 , 8 , 8
0 , 7.1 , 8.0 , 8 , 8
0 , 7.1 , 8.0 , 8 , 8
0 , 7.1 , 8.0 , 8 , 8
0 , 7.1 , 8.0 , 8 , 8
0 , 7.1 , 8.0 , 8 , 8
0 , 7.1 , 8.0 , 8 , 8
0 , 7.1 , 8.0 , 8 , 8
0 , 7.1 , 8.0 , 8 , 8
0 , 7.1 , 8.0 , 8 , 8
0 , 7.1 , 8.0 , 8 , 8
0 , 7.1 , 8.0 , 8 , 8
0 , 7.1 , 8.0 , 8 , 8
0 , 7.1 , 8.0 , 8 , 8
0 , 7.1 , 8.0 , 8 , 8
0 , 7.1 , 8.0 , 8 , 8
0 , 7.1 , 8.0 , 8 , 8
0 , 7.1 , 8.0 , 8 , 8
0 , 7.1 , 8.0 , 8 , 8
0 , 7.1 , 8.0 , 8 , 8
0 , 7.1 , 8.0 , 8 , 8
0 , 7.1 , 8.0 , 8 , 8
0 , 7.1 , 8.0 , 8 , 8
0 , 7.1 , 8.0 , 8 , 8
0 , 7.1 , 8.0 , 8 , 8
0 , 7.08 , 8.0 , 8 , 8
0 , 7.08 , 8.0 , 8 , 8
0 , 7.08 , 8.0 , 8 , 8
0 , 7.08 , 8.0 , 8 , 8
0 , 7.08 , 8.0 , 8 , 8
0 , 7.08 , 8.0 , 8 , 8
0 , 7.08 , 8.0 , 8 , 8
0 , 7.06 , 8.0 , 8 , 8
0 , 7.02 , 8.0 , 8 , 8
0 , 7.02 , 8.0 , 8 , 8
0 , 7.02 , 8.0 , 8 , 8
0 , 7.0 , 8.0 , 8 , 8
0 , 7.0 , 8.0 , 8 , 8
0 , 6.96 , 8.0 , 8 , 8
0 , 6.96 , 8.0 , 8 , 8
0 , 6.96 , 8.0 , 8 , 8
0 , 6.96 , 8.0 , 8 , 8
0 , 6.96 , 8.0 , 8 , 8
0 , 6.96 , 8.0 , 8 , 8
0 , 6.96 , 8.0 , 8 , 8
0 , 6.92 , 8.0 , 8 , 8
0 , 6.92 , 8.0 , 8 , 8
0 , 6.92 , 8.0 , 8 , 8
0 , 6.88 , 8.0 , 8 , 8
0 , 6.88 , 8.0 , 8 , 8
0 , 6.88 , 8.0 , 8 , 8
0 , 6.88 , 8.0 , 8 , 8
0 , 6.86 , 8.0 , 8 , 8
0 , 6.86 , 8.0 , 8 , 8
0 , 6.86 , 8.0 , 8 , 8
0 , 6.86 , 8.0 , 8 , 8
0 , 6.86 , 8.0 , 8 , 8
0 , 6.82 , 8.0 , 8 , 8
0 , 6.82 , 8.0 , 8 , 8
0 , 6.82 , 8.0 , 8 , 8
0 , 6.82 , 8.0 , 8 , 8
0 , 6.82 , 8.0 , 8 , 8
0 , 6.82 , 8.0 , 8 , 8
0 , 6.82 , 8.0 , 8 , 8
0 , 6.8 , 8.0 , 8 , 8
0 , 6.8 , 8.0 , 8 , 8
0 , 6.8 , 8.0 , 8 , 8
0 , 6.8 , 8.0 , 8 , 8
0 , 6.8 , 8.0 , 8 , 8
0 , 6.8 , 8.0 , 8 , 8
0 , 6.8 , 8.0 , 8 , 8
0 , 6.78 , 8.0 , 8 , 8
0 , 6.78 , 8.0 , 8 , 8
0 , 6.78 , 8.0 , 8 , 8
0 , 6.78 , 8.0 , 8 , 8
0 , 6.78 , 8.0 , 8 , 8
0 , 6.76 , 8.0 , 8 , 8
0 , 6.76 , 8.0 , 8 , 8
0 , 6.76 , 8.0 , 8 , 8
0 , 6.76 , 8.0 , 8 , 8
0 , 6.72 , 8.0 , 8 , 8
0 , 6.72 , 8.0 , 8 , 8
0 , 6.7 , 8.0 , 8 , 8
0 , 6.66 , 7.0 , 8 , 8
0 , 6.66 , 7.0 , 8 , 8
0 , 6.66 , 7.0 , 8 , 8
0 , 6.66 , 7.0 , 8 , 8
0 , 6.62 , 6.0 , 8 , 8
0 , 6.62 , 6.0 , 8 , 8
0 , 6.58 , 6.0 , 8 , 8
0 , 6.56 , 6.0 , 8 , 8
0 , 6.56 , 6.0 , 8 , 8
0 , 6.54 , 6.0 , 8 , 8
0 , 6.54 , 6.0 , 8 , 8
0 , 6.54 , 6.0 , 8 , 8
0 , 6.54 , 6.0 , 8 , 8
0 , 6.52 , 6.0 , 8 , 8
0 , 6.52 , 6.0 , 8 , 8
0 , 6.52 , 6.0 , 8 , 8
0 , 6.5 , 6.0 , 8 , 8
0 , 6.5 , 6.0 , 8 , 8
0 , 6.48 , 6.0 , 6 , 8
0 , 6.48 , 6.0 , 6 , 8
0 , 6.48 , 6.0 , 6 , 8
0 , 6.48 , 6.0 , 6 , 8
0 , 6.46 , 6.0 , 6 , 8
0 , 6.46 , 6.0 , 6 , 8
0 , 6.46 , 6.0 , 6 , 8
0 , 6.44 , 6.0 , 6 , 8
0 , 6.44 , 6.0 , 6 , 8
0 , 6.44 , 6.0 , 6 , 8
0 , 6.44 , 6.0 , 6 , 8
0 , 6.44 , 6.0 , 6 , 8
0 , 6.44 , 6.0 , 6 , 8
0 , 6.44 , 6.0 , 6 , 8
0 , 6.44 , 6.0 , 6 , 8
0 , 6.44 , 6.0 , 6 , 8
0 , 6.44 , 6.0 , 6 , 8
0 , 6.44 , 6.0 , 6 , 8
0 , 6.42 , 6.0 , 6 , 8
0 , 6.42 , 6.0 , 6 , 8
0 , 6.42 , 6.0 , 6 , 8
0 , 6.42 , 6.0 , 6 , 8
0 , 6.42 , 6.0 , 6 , 8
0 , 6.42 , 6.0 , 6 , 8
0 , 6.42 , 6.0 , 6 , 8
0 , 6.42 , 6.0 , 6 , 8
0 , 6.42 , 6.0 , 6 , 8
0 , 6.42 , 6.0 , 6 , 8
0 , 6.42 , 6.0 , 6 , 8
0 , 6.42 , 6.0 , 6 , 8
0 , 6.42 , 6.0 , 6 , 8
0 , 6.42 , 6.0 , 6 , 8
0 , 6.42 , 6.0 , 6 , 8
0 , 6.4 , 6.0 , 6 , 8
0 , 6.4 , 6.0 , 6 , 8
0 , 6.4 , 6.0 , 6 , 8
0 , 6.34 , 6.0 , 6 , 8
0 , 6.34 , 6.0 , 6 , 8
0 , 6.34 , 6.0 , 6 , 8
0 , 6.34 , 6.0 , 6 , 8
0 , 6.34 , 6.0 , 6 , 8
0 , 6.34 , 6.0 , 6 , 8
0 , 6.34 , 6.0 , 6 , 8
0 , 6.34 , 6.0 , 6 , 8
0 , 6.32 , 6.0 , 6 , 8
0 , 6.32 , 6.0 , 6 , 8
0 , 6.32 , 6.0 , 6 , 8
0 , 6.3 , 6.0 , 6 , 8
0 , 6.28 , 6.0 , 6 , 8
0 , 6.28 , 6.0 , 6 , 8
0 , 6.28 , 6.0 , 6 , 8
0 , 6.28 , 6.0 , 6 , 8
0 , 6.28 , 6.0 , 6 , 8
0 , 6.28 , 6.0 , 6 , 8
0 , 6.28 , 6.0 , 6 , 8
0 , 6.28 , 6.0 , 6 , 8
0 , 6.28 , 6.0 , 6 , 8
0 , 6.28 , 6.0 , 6 , 8
0 , 6.28 , 6.0 , 6 , 8
0 , 6.28 , 6.0 , 6 , 8
0 , 6.28 , 6.0 , 6 , 8
0 , 6.28 , 6.0 , 6 , 8
0 , 6.28 , 6.0 , 6 , 8
0 , 6.28 , 6.0 , 6 , 8
0 , 6.28 , 6.0 , 6 , 8
0 , 6.24 , 6.0 , 6 , 8
0 , 6.24 , 6.0 , 6 , 8
0 , 6.24 , 6.0 , 6 , 8
0 , 6.24 , 6.0 , 6 , 8
0 , 6.24 , 6.0 , 6 , 8
0 , 6.24 , 6.0 , 6 , 8
0 , 6.24 , 6.0 , 6 , 8
0 , 6.24 , 6.0 , 6 , 8
0 , 6.24 , 6.0 , 6 , 8
0 , 6.24 , 6.0 , 6 , 8
0 , 6.24 , 6.0 , 6 , 8
0 , 6.24 , 6.0 , 6 , 8
0 , 6.24 , 6.0 , 6 , 8
0 , 6.22 , 6.0 , 6 , 8
0 , 6.22 , 6.0 , 6 , 8
0 , 6.22 , 6.0 , 6 , 8
0 , 6.2 , 6.0 , 6 , 8
0 , 6.2 , 6.0 , 6 , 8
0 , 6.2 , 6.0 , 6 , 8
0 , 6.2 , 6.0 , 6 , 8
0 , 6.2 , 6.0 , 6 , 8
0 , 6.2 , 6.0 , 6 , 8
0 , 6.18 , 6.0 , 6 , 8
0 , 6.18 , 6.0 , 6 , 8
0 , 6.18 , 6.0 , 6 , 8
0 , 6.18 , 6.0 , 6 , 8
0 , 6.16 , 6.0 , 6 , 8
0 , 6.16 , 6.0 , 6 , 8
0 , 6.16 , 6.0 , 6 , 8
0 , 6.16 , 6.0 , 6 , 8
0 , 6.16 , 6.0 , 6 , 8
0 , 6.16 , 6.0 , 6 , 8
0 , 6.16 , 6.0 , 6 , 8
0 , 6.16 , 6.0 , 6 , 8
0 , 6.14 , 6.0 , 6 , 8
0 , 6.14 , 6.0 , 6 , 8
0 , 6.14 , 6.0 , 6 , 8
0 , 6.14 , 6.0 , 6 , 8
0 , 6.12 , 6.0 , 6 , 8
0 , 6.12 , 6.0 , 6 , 8
0 , 6.12 , 6.0 , 6 , 8
0 , 6.12 , 6.0 , 6 , 8
0 , 6.12 , 6.0 , 6 , 8
0 , 6.12 , 6.0 , 6 , 8
0 , 6.12 , 6.0 , 6 , 8
0 , 6.12 , 6.0 , 6 , 8
0 , 6.12 , 6.0 , 6 , 8
0 , 6.12 , 6.0 , 6 , 8
0 , 6.12 , 6.0 , 6 , 8
0 , 6.12 , 6.0 , 6 , 8
0 , 6.12 , 6.0 , 6 , 8
0 , 6.12 , 6.0 , 6 , 8
0 , 6.12 , 6.0 , 6 , 8
0 , 6.1 , 6.0 , 6 , 8
0 , 6.1 , 6.0 , 6 , 8
0 , 6.1 , 6.0 , 6 , 8
0 , 6.1 , 6.0 , 6 , 8
0 , 6.1 , 6.0 , 6 , 8
0 , 6.1 , 6.0 , 6 , 8
0 , 6.1 , 6.0 , 6 , 8
0 , 6.1 , 6.0 , 6 , 8
0 , 6.1 , 6.0 , 6 , 8
0 , 6.1 , 6.0 , 6 , 8
0 , 6.1 , 6.0 , 6 , 8
0 , 6.1 , 6.0 , 6 , 8
0 , 6.1 , 6.0 , 6 , 8
0 , 6.08 , 6.0 , 6 , 8
0 , 6.08 , 6.0 , 6 , 8
0 , 6.08 , 6.0 , 6 , 8
0 , 6.06 , 6.0 , 6 , 8
0 , 6.06 , 6.0 , 6 , 8
0 , 6.06 , 6.0 , 6 , 8
0 , 6.06 , 6.0 , 6 , 8
0 , 6.04 , 6.0 , 6 , 8
0 , 6.04 , 6.0 , 6 , 8
0 , 6.04 , 6.0 , 6 , 8
0 , 6.02 , 6.0 , 6 , 8
0 , 6.0 , 6.0 , 6 , 8
0 , 6.0 , 6.0 , 6 , 8
0 , 6.0 , 6.0 , 6 , 8
0 , 6.0 , 6.0 , 6 , 8
0 , 6.0 , 6.0 , 6 , 8
0 , 5.98 , 6.0 , 6 , 8
0 , 5.96 , 6.0 , 6 , 8
0 , 5.96 , 6.0 , 6 , 8
0 , 5.94 , 6.0 , 6 , 8
0 , 5.94 , 6.0 , 6 , 8
0 , 5.94 , 6.0 , 6 , 8
0 , 5.94 , 6.0 , 6 , 8
0 , 5.92 , 6.0 , 6 , 8
0 , 5.92 , 6.0 , 6 , 8
0 , 5.92 , 6.0 , 6 , 8
0 , 5.92 , 6.0 , 6 , 8
0 , 5.92 , 6.0 , 6 , 8
0 , 5.92 , 6.0 , 6 , 8
0 , 5.92 , 6.0 , 6 , 8
0 , 5.92 , 6.0 , 6 , 8
0 , 5.9 , 6.0 , 6 , 8
0 , 5.9 , 6.0 , 6 , 8
0 , 5.9 , 6.0 , 6 , 8
0 , 5.9 , 6.0 , 6 , 8
0 , 5.9 , 6.0 , 6 , 8
0 , 5.9 , 6.0 , 6 , 8
0 , 5.88 , 6.0 , 6 , 8
0 , 5.86 , 6.0 , 6 , 8
0 , 5.86 , 6.0 , 6 , 8
0 , 5.84 , 6.0 , 6 , 8
0 , 5.84 , 6.0 , 6 , 8
0 , 5.84 , 6.0 , 6 , 8
0 , 5.84 , 6.0 , 6 , 8
0 , 5.84 , 6.0 , 6 , 8
0 , 5.8 , 6.0 , 6 , 8
0 , 5.76 , 6.0 , 6 , 8
0 , 5.74 , 6.0 , 6 , 8
0 , 5.74 , 6.0 , 6 , 8
0 , 5.74 , 6.0 , 6 , 8
0 , 5.74 , 6.0 , 6 , 8
0 , 5.74 , 6.0 , 6 , 8
0 , 5.74 , 6.0 , 6 , 8
0 , 5.72 , 6.0 , 6 , 8
0 , 5.72 , 6.0 , 6 , 8
0 , 5.72 , 6.0 , 6 , 8
0 , 5.72 , 6.0 , 6 , 8
0 , 5.72 , 6.0 , 6 , 8
0 , 5.72 , 6.0 , 6 , 8
0 , 5.72 , 6.0 , 6 , 8
0 , 5.72 , 6.0 , 6 , 8
0 , 5.72 , 6.0 , 6 , 8
0 , 5.68 , 6.0 , 6 , 8
0 , 5.68 , 6.0 , 6 , 8
0 , 5.68 , 6.0 , 6 , 8
0 , 5.68 , 6.0 , 6 , 8
0 , 5.68 , 6.0 , 6 , 8
0 , 5.68 , 6.0 , 6 , 8
0 , 5.68 , 6.0 , 6 , 8
0 , 5.68 , 6.0 , 6 , 8
0 , 5.68 , 6.0 , 6 , 8
0 , 5.68 , 6.0 , 6 , 8
0 , 5.68 , 6.0 , 6 , 8
0 , 5.68 , 6.0 , 6 , 8
0 , 5.68 , 6.0 , 6 , 8
0 , 5.66 , 6.0 , 6 , 8
0 , 5.66 , 6.0 , 6 , 8
0 , 5.66 , 6.0 , 6 , 8
0 , 5.66 , 6.0 , 6 , 8
0 , 5.66 , 6.0 , 6 , 8
0 , 5.66 , 6.0 , 6 , 8
0 , 5.66 , 6.0 , 6 , 8
0 , 5.66 , 6.0 , 6 , 8
0 , 5.66 , 6.0 , 6 , 8
0 , 5.66 , 6.0 , 6 , 8
0 , 5.6 , 6.0 , 6 , 8
0 , 5.6 , 6.0 , 6 , 8
0 , 5.58 , 6.0 , 6 , 8
0 , 5.58 , 6.0 , 6 , 8
0 , 5.58 , 6.0 , 6 , 8
0 , 5.58 , 6.0 , 6 , 8
0 , 5.58 , 6.0 , 6 , 8
0 , 5.58 , 6.0 , 6 , 8
0 , 5.58 , 6.0 , 6 , 8
0 , 5.58 , 6.0 , 6 , 8
0 , 5.56 , 6.0 , 6 , 8
0 , 5.56 , 6.0 , 6 , 8
0 , 5.54 , 6.0 , 6 , 6
0 , 5.54 , 6.0 , 6 , 6
0 , 5.54 , 6.0 , 6 , 6
0 , 5.54 , 6.0 , 6 , 6
0 , 5.54 , 6.0 , 6 , 6
0 , 5.54 , 6.0 , 6 , 6
0 , 5.54 , 6.0 , 6 , 6
0 , 5.54 , 6.0 , 6 , 6
0 , 5.54 , 6.0 , 6 , 6
0 , 5.54 , 6.0 , 6 , 6
0 , 5.54 , 6.0 , 6 , 6
0 , 5.54 , 6.0 , 6 , 6
0 , 5.54 , 6.0 , 6 , 6
0 , 5.54 , 6.0 , 6 , 6
0 , 5.54 , 6.0 , 6 , 6
0 , 5.54 , 6.0 , 6 , 6
0 , 5.54 , 6.0 , 6 , 6
0 , 5.54 , 6.0 , 6 , 6
0 , 5.54 , 6.0 , 6 , 6
0 , 5.54 , 6.0 , 6 , 6
0 , 5.54 , 6.0 , 6 , 6
0 , 5.54 , 6.0 , 6 , 6
0 , 5.54 , 6.0 , 6 , 6
0 , 5.52 , 6.0 , 6 , 6
0 , 5.52 , 6.0 , 6 , 6
0 , 5.52 , 6.0 , 6 , 6
0 , 5.52 , 6.0 , 6 , 6
0 , 5.52 , 6.0 , 6 , 6
0 , 5.52 , 6.0 , 6 , 6
0 , 5.52 , 6.0 , 6 , 6
0 , 5.48 , 6.0 , 6 , 6
0 , 5.48 , 6.0 , 6 , 6
0 , 5.48 , 6.0 , 6 , 6
0 , 5.48 , 6.0 , 6 , 6
0 , 5.48 , 6.0 , 6 , 6
0 , 5.48 , 6.0 , 6 , 6
0 , 5.48 , 6.0 , 6 , 6
0 , 5.48 , 6.0 , 6 , 6
0 , 5.48 , 6.0 , 6 , 6
0 , 5.48 , 6.0 , 6 , 6
0 , 5.48 , 6.0 , 6 , 6
0 , 5.48 , 6.0 , 6 , 6
0 , 5.48 , 6.0 , 6 , 6
0 , 5.48 , 6.0 , 6 , 6
0 , 5.48 , 6.0 , 6 , 6
0 , 5.48 , 6.0 , 6 , 6
0 , 5.46 , 6.0 , 6 , 6
0 , 5.46 , 6.0 , 6 , 6
0 , 5.46 , 6.0 , 6 , 6
0 , 5.46 , 6.0 , 6 , 6
0 , 5.46 , 6.0 , 6 , 6
0 , 5.46 , 6.0 , 6 , 6
0 , 5.46 , 6.0 , 6 , 6
0 , 5.44 , 6.0 , 6 , 6
0 , 5.44 , 6.0 , 6 , 6
0 , 5.44 , 6.0 , 6 , 6
0 , 5.44 , 6.0 , 6 , 6
0 , 5.44 , 6.0 , 6 , 6
0 , 5.44 , 6.0 , 6 , 6
0 , 5.44 , 6.0 , 6 , 6
0 , 5.44 , 6.0 , 6 , 6
0 , 5.44 , 6.0 , 6 , 6
0 , 5.44 , 6.0 , 6 , 6
0 , 5.44 , 6.0 , 6 , 6
0 , 5.44 , 6.0 , 6 , 6
0 , 5.44 , 6.0 , 6 , 6
0 , 5.44 , 6.0 , 6 , 6
0 , 5.44 , 6.0 , 6 , 6
0 , 5.44 , 6.0 , 6 , 6
0 , 5.44 , 6.0 , 6 , 6
0 , 5.44 , 6.0 , 6 , 6
0 , 5.44 , 6.0 , 6 , 6
0 , 5.44 , 6.0 , 6 , 6
0 , 5.44 , 6.0 , 6 , 6
0 , 5.44 , 6.0 , 6 , 6
0 , 5.44 , 6.0 , 6 , 6
0 , 5.44 , 6.0 , 6 , 6
0 , 5.44 , 6.0 , 6 , 6
0 , 5.44 , 6.0 , 6 , 6
0 , 5.44 , 6.0 , 6 , 6
0 , 5.44 , 6.0 , 6 , 6
0 , 5.44 , 6.0 , 6 , 6
0 , 5.44 , 6.0 , 6 , 6
0 , 5.44 , 6.0 , 6 , 6
0 , 5.44 , 6.0 , 6 , 6
0 , 5.44 , 6.0 , 6 , 6
0 , 5.44 , 6.0 , 6 , 6
0 , 5.44 , 6.0 , 6 , 6
0 , 5.44 , 6.0 , 6 , 6
0 , 5.44 , 6.0 , 6 , 6
0 , 5.42 , 6.0 , 6 , 6
0 , 5.42 , 6.0 , 6 , 6
0 , 5.42 , 6.0 , 6 , 6
0 , 5.42 , 6.0 , 6 , 6
0 , 5.42 , 6.0 , 6 , 6
0 , 5.42 , 6.0 , 6 , 6
0 , 5.42 , 6.0 , 6 , 6
0 , 5.42 , 6.0 , 6 , 6
0 , 5.42 , 6.0 , 6 , 6
0 , 5.42 , 6.0 , 6 , 6
0 , 5.42 , 6.0 , 6 , 6
0 , 5.42 , 6.0 , 6 , 6
0 , 5.42 , 6.0 , 6 , 6
0 , 5.42 , 6.0 , 6 , 6
0 , 5.42 , 6.0 , 6 , 6
0 , 5.42 , 6.0 , 6 , 6
0 , 5.42 , 6.0 , 6 , 6
0 , 5.42 , 6.0 , 6 , 6
0 , 5.42 , 6.0 , 6 , 6
0 , 5.42 , 6.0 , 6 , 6
0 , 5.42 , 6.0 , 6 , 6
0 , 5.42 , 6.0 , 6 , 6
0 , 5.42 , 6.0 , 6 , 6
0 , 5.42 , 6.0 , 6 , 6
0 , 5.42 , 6.0 , 6 , 6
0 , 5.42 , 6.0 , 6 , 6
0 , 5.4 , 6.0 , 6 , 6
0 , 5.4 , 6.0 , 6 , 6
0 , 5.4 , 6.0 , 6 , 6
0 , 5.4 , 6.0 , 6 , 6
0 , 5.4 , 6.0 , 6 , 6
0 , 5.4 , 6.0 , 6 , 6
0 , 5.4 , 6.0 , 6 , 6
0 , 5.4 , 6.0 , 6 , 6
0 , 5.4 , 6.0 , 6 , 6
0 , 5.4 , 6.0 , 6 , 6
0 , 5.4 , 6.0 , 6 , 6
0 , 5.36 , 6.0 , 6 , 6
0 , 5.36 , 6.0 , 6 , 6
0 , 5.36 , 6.0 , 6 , 6
0 , 5.36 , 6.0 , 6 , 6
0 , 5.36 , 6.0 , 6 , 6
0 , 5.36 , 6.0 , 6 , 6
0 , 5.36 , 6.0 , 6 , 6
0 , 5.36 , 6.0 , 6 , 6
0 , 5.36 , 6.0 , 6 , 6
0 , 5.36 , 6.0 , 6 , 6
0 , 5.36 , 6.0 , 6 , 6
0 , 5.36 , 6.0 , 6 , 6
0 , 5.36 , 6.0 , 6 , 6
0 , 5.36 , 6.0 , 6 , 6
0 , 5.36 , 6.0 , 6 , 6
0 , 5.36 , 6.0 , 6 , 6
0 , 5.36 , 6.0 , 6 , 6
0 , 5.36 , 6.0 , 6 , 6
0 , 5.36 , 6.0 , 6 , 6
0 , 5.36 , 6.0 , 6 , 6
0 , 5.36 , 6.0 , 6 , 6
0 , 5.36 , 6.0 , 6 , 6
0 , 5.36 , 6.0 , 6 , 6
0 , 5.36 , 6.0 , 6 , 6
0 , 5.36 , 6.0 , 6 , 6
0 , 5.36 , 6.0 , 6 , 6
0 , 5.36 , 6.0 , 6 , 6
0 , 5.36 , 6.0 , 6 , 6
0 , 5.36 , 6.0 , 6 , 6
0 , 5.36 , 6.0 , 6 , 6
0 , 5.34 , 6.0 , 6 , 6
0 , 5.34 , 6.0 , 6 , 6
0 , 5.34 , 6.0 , 6 , 6
0 , 5.34 , 6.0 , 6 , 6
0 , 5.34 , 6.0 , 6 , 6
0 , 5.34 , 6.0 , 6 , 6
0 , 5.32 , 6.0 , 6 , 6
0 , 5.3 , 6.0 , 6 , 6
0 , 5.3 , 6.0 , 6 , 6
0 , 5.3 , 6.0 , 6 , 6
0 , 5.3 , 6.0 , 6 , 6
0 , 5.3 , 6.0 , 6 , 6
0 , 5.3 , 6.0 , 6 , 6
0 , 5.28 , 6.0 , 6 , 6
0 , 5.26 , 6.0 , 6 , 6
0 , 5.26 , 6.0 , 6 , 6
0 , 5.26 , 6.0 , 6 , 6
0 , 5.26 , 6.0 , 6 , 6
0 , 5.26 , 6.0 , 6 , 6
0 , 5.26 , 6.0 , 6 , 6
0 , 5.26 , 6.0 , 6 , 6
0 , 5.26 , 6.0 , 6 , 6
0 , 5.26 , 6.0 , 6 , 6
0 , 5.26 , 6.0 , 6 , 6
0 , 5.26 , 6.0 , 6 , 6
0 , 5.26 , 6.0 , 6 , 6
0 , 5.26 , 6.0 , 6 , 6
0 , 5.26 , 6.0 , 6 , 6
0 , 5.26 , 6.0 , 6 , 6
0 , 5.26 , 6.0 , 6 , 6
0 , 5.26 , 6.0 , 6 , 6
0 , 5.26 , 6.0 , 6 , 6
0 , 5.26 , 6.0 , 6 , 6
0 , 5.26 , 6.0 , 6 , 6
0 , 5.26 , 6.0 , 6 , 6
0 , 5.26 , 6.0 , 6 , 6
0 , 5.26 , 6.0 , 6 , 6
0 , 5.26 , 6.0 , 6 , 6
0 , 5.26 , 6.0 , 6 , 6
0 , 5.26 , 6.0 , 6 , 6
0 , 5.26 , 6.0 , 6 , 6
0 , 5.26 , 6.0 , 6 , 6
0 , 5.26 , 6.0 , 6 , 6
0 , 5.26 , 6.0 , 6 , 6
0 , 5.26 , 6.0 , 6 , 6
0 , 5.26 , 6.0 , 6 , 6
0 , 5.26 , 6.0 , 6 , 6
0 , 5.26 , 6.0 , 6 , 6
0 , 5.26 , 6.0 , 6 , 6
0 , 5.26 , 6.0 , 6 , 6
0 , 5.26 , 6.0 , 6 , 6
0 , 5.26 , 6.0 , 6 , 6
0 , 5.24 , 6.0 , 6 , 6
0 , 5.24 , 6.0 , 6 , 6
0 , 5.24 , 6.0 , 6 , 6
0 , 5.24 , 6.0 , 6 , 6
0 , 5.24 , 6.0 , 6 , 6
0 , 5.24 , 6.0 , 6 , 6
0 , 5.24 , 6.0 , 6 , 6
0 , 5.24 , 6.0 , 6 , 6
0 , 5.24 , 6.0 , 6 , 6
0 , 5.24 , 6.0 , 6 , 6
0 , 5.24 , 6.0 , 6 , 6
0 , 5.24 , 6.0 , 6 , 6
0 , 5.24 , 6.0 , 6 , 6
0 , 5.24 , 6.0 , 6 , 6
0 , 5.24 , 6.0 , 6 , 6
0 , 5.24 , 6.0 , 6 , 6
0 , 5.24 , 6.0 , 6 , 6
0 , 5.24 , 6.0 , 6 , 6
0 , 5.24 , 6.0 , 6 , 6
0 , 5.24 , 6.0 , 6 , 6
0 , 5.24 , 6.0 , 6 , 6
0 , 5.24 , 6.0 , 6 , 6
0 , 5.24 , 6.0 , 6 , 6
0 , 5.24 , 6.0 , 6 , 6
0 , 5.24 , 6.0 , 6 , 6
0 , 5.24 , 6.0 , 6 , 6
0 , 5.24 , 6.0 , 6 , 6
0 , 5.24 , 6.0 , 6 , 6
0 , 5.24 , 6.0 , 6 , 6
0 , 5.24 , 6.0 , 6 , 6
0 , 5.24 , 6.0 , 6 , 6
0 , 5.24 , 6.0 , 6 , 6
0 , 5.24 , 6.0 , 6 , 6
0 , 5.24 , 6.0 , 6 , 6
0 , 5.24 , 6.0 , 6 , 6
0 , 5.24 , 6.0 , 6 , 6
0 , 5.24 , 6.0 , 6 , 6
0 , 5.24 , 6.0 , 6 , 6
0 , 5.24 , 6.0 , 6 , 6
0 , 5.24 , 6.0 , 6 , 6
0 , 5.24 , 6.0 , 6 , 6
0 , 5.24 , 6.0 , 6 , 6
0 , 5.24 , 6.0 , 6 , 6
0 , 5.24 , 6.0 , 6 , 6
0 , 5.24 , 6.0 , 6 , 6
0 , 5.24 , 6.0 , 6 , 6
0 , 5.22 , 6.0 , 6 , 6
0 , 5.22 , 6.0 , 6 , 6
0 , 5.22 , 6.0 , 6 , 6
0 , 5.22 , 6.0 , 6 , 6
0 , 5.2 , 6.0 , 6 , 6
0 , 5.2 , 6.0 , 6 , 6
0 , 5.18 , 6.0 , 6 , 6
0 , 5.18 , 6.0 , 6 , 6
0 , 5.18 , 6.0 , 6 , 6
0 , 5.18 , 6.0 , 6 , 6
0 , 5.18 , 6.0 , 6 , 6
0 , 5.18 , 6.0 , 6 , 6
0 , 5.18 , 6.0 , 6 , 6
0 , 5.18 , 6.0 , 6 , 6
0 , 5.18 , 6.0 , 6 , 6
0 , 5.18 , 6.0 , 6 , 6
0 , 5.18 , 6.0 , 6 , 6
0 , 5.18 , 6.0 , 6 , 6
0 , 5.18 , 6.0 , 6 , 6
0 , 5.16 , 6.0 , 6 , 6
0 , 5.16 , 6.0 , 6 , 6
0 , 5.16 , 6.0 , 6 , 6
0 , 5.16 , 6.0 , 6 , 6
0 , 5.16 , 6.0 , 6 , 6
0 , 5.16 , 6.0 , 6 , 6
0 , 5.16 , 6.0 , 6 , 6
0 , 5.16 , 6.0 , 6 , 6
0 , 5.16 , 6.0 , 6 , 6
0 , 5.12 , 6.0 , 6 , 6
0 , 5.12 , 6.0 , 6 , 6
0 , 5.12 , 6.0 , 6 , 6
0 , 5.12 , 6.0 , 6 , 6
0 , 5.12 , 6.0 , 6 , 6
0 , 5.12 , 6.0 , 6 , 6
0 , 5.12 , 6.0 , 6 , 6
0 , 5.12 , 6.0 , 6 , 6
0 , 5.12 , 6.0 , 6 , 6
0 , 5.12 , 6.0 , 6 , 6
0 , 5.12 , 6.0 , 6 , 6
0 , 5.12 , 6.0 , 6 , 6
0 , 5.12 , 6.0 , 6 , 6
0 , 5.12 , 6.0 , 6 , 6
0 , 5.12 , 6.0 , 6 , 6
0 , 5.12 , 6.0 , 6 , 6
0 , 5.12 , 6.0 , 6 , 6
0 , 5.12 , 6.0 , 6 , 6
0 , 5.12 , 6.0 , 6 , 6
0 , 5.12 , 6.0 , 6 , 6
0 , 5.12 , 6.0 , 6 , 6
0 , 5.12 , 6.0 , 6 , 6
0 , 5.12 , 6.0 , 6 , 6
0 , 5.12 , 6.0 , 6 , 6
0 , 5.12 , 6.0 , 6 , 6
0 , 5.12 , 6.0 , 6 , 6
0 , 5.12 , 6.0 , 6 , 6
0 , 5.12 , 6.0 , 6 , 6
0 , 5.12 , 6.0 , 6 , 6
0 , 5.12 , 6.0 , 6 , 6
0 , 5.12 , 6.0 , 6 , 6
0 , 5.12 , 6.0 , 6 , 6
0 , 5.12 , 6.0 , 6 , 6
0 , 5.1 , 6.0 , 6 , 6
0 , 5.1 , 6.0 , 6 , 6
0 , 5.1 , 6.0 , 6 , 6
0 , 5.1 , 6.0 , 6 , 6
0 , 5.1 , 6.0 , 6 , 6
0 , 5.1 , 6.0 , 6 , 6
0 , 5.1 , 6.0 , 6 , 6
0 , 5.1 , 6.0 , 6 , 6
0 , 5.1 , 6.0 , 6 , 6
0 , 5.1 , 6.0 , 6 , 6
0 , 5.1 , 6.0 , 6 , 6
0 , 5.1 , 6.0 , 6 , 6
0 , 5.1 , 6.0 , 6 , 6
0 , 5.1 , 6.0 , 6 , 6
0 , 5.1 , 6.0 , 6 , 6
0 , 5.1 , 6.0 , 6 , 6
0 , 5.1 , 6.0 , 6 , 6
0 , 5.1 , 6.0 , 6 , 6
0 , 5.1 , 6.0 , 6 , 6
0 , 5.1 , 6.0 , 6 , 6
0 , 5.1 , 6.0 , 6 , 6
0 , 5.1 , 6.0 , 6 , 6
0 , 5.1 , 6.0 , 6 , 6
0 , 5.1 , 6.0 , 6 , 6
0 , 5.1 , 6.0 , 6 , 6
0 , 5.1 , 6.0 , 6 , 6
0 , 5.1 , 6.0 , 6 , 6
0 , 5.08 , 6.0 , 6 , 6
0 , 5.08 , 6.0 , 6 , 6
0 , 5.08 , 6.0 , 6 , 6
0 , 5.08 , 6.0 , 6 , 6
0 , 5.08 , 6.0 , 6 , 6
0 , 5.06 , 6.0 , 6 , 6
0 , 5.06 , 6.0 , 6 , 6
0 , 5.06 , 6.0 , 6 , 6
0 , 5.06 , 6.0 , 6 , 6
0 , 5.06 , 6.0 , 6 , 6
0 , 5.06 , 6.0 , 6 , 6
0 , 5.06 , 6.0 , 6 , 6
0 , 5.06 , 6.0 , 6 , 6
0 , 5.06 , 6.0 , 6 , 6
0 , 5.06 , 6.0 , 6 , 6
0 , 5.06 , 6.0 , 6 , 6
0 , 5.06 , 6.0 , 6 , 6
0 , 5.06 , 6.0 , 6 , 6
0 , 5.06 , 6.0 , 6 , 6
0 , 5.06 , 6.0 , 6 , 6
0 , 5.04 , 6.0 , 6 , 6
0 , 5.04 , 6.0 , 6 , 6
0 , 5.04 , 6.0 , 6 , 6
0 , 5.04 , 6.0 , 6 , 6
0 , 5.04 , 6.0 , 6 , 6
1  Perfect solutions
perfect solution individuals [[1, 4, 6, 0, 2, 7, 5, 3]]
