6 , 15.32 , 16.0 , 16 , 28
6 , 15.12 , 16.0 , 16 , 26
6 , 14.94 , 16.0 , 16 , 24
6 , 14.76 , 16.0 , 16 , 24
6 , 14.54 , 14.0 , 16 , 22
6 , 14.38 , 14.0 , 16 , 22
6 , 14.16 , 14.0 , 16 , 22
6 , 14.0 , 14.0 , 16 , 20
6 , 13.86 , 14.0 , 16 , 20
6 , 13.7 , 14.0 , 16 , 20
6 , 13.6 , 14.0 , 16 , 18
6 , 13.54 , 14.0 , 16 , 18
6 , 13.42 , 14.0 , 16 , 18
6 , 13.22 , 14.0 , 16 , 18
6 , 13.12 , 14.0 , 16 , 18
6 , 13.06 , 14.0 , 16 , 18
6 , 13.0 , 14.0 , 16 , 18
6 , 13.0 , 14.0 , 16 , 18
6 , 12.94 , 13.0 , 16 , 18
6 , 12.94 , 13.0 , 16 , 18
6 , 12.88 , 12.0 , 16 , 18
6 , 12.86 , 12.0 , 16 , 18
6 , 12.76 , 12.0 , 16 , 18
6 , 12.72 , 12.0 , 16 , 18
6 , 12.7 , 12.0 , 16 , 16
6 , 12.7 , 12.0 , 16 , 16
6 , 12.62 , 12.0 , 12 , 16
6 , 12.46 , 12.0 , 12 , 16
6 , 12.38 , 12.0 , 12 , 16
6 , 12.24 , 12.0 , 12 , 16
6 , 12.2 , 12.0 , 12 , 16
6 , 12.14 , 12.0 , 12 , 16
6 , 12.12 , 12.0 , 12 , 16
6 , 12.06 , 12.0 , 12 , 16
6 , 12.0 , 12.0 , 12 , 16
6 , 11.96 , 12.0 , 12 , 16
6 , 11.86 , 12.0 , 12 , 16
6 , 11.78 , 12.0 , 12 , 16
6 , 11.78 , 12.0 , 12 , 16
6 , 11.68 , 12.0 , 12 , 16
6 , 11.68 , 12.0 , 12 , 16
6 , 11.56 , 12.0 , 12 , 16
6 , 11.44 , 12.0 , 12 , 16
6 , 11.4 , 12.0 , 12 , 16
6 , 11.34 , 12.0 , 12 , 14
6 , 11.34 , 12.0 , 12 , 14
6 , 11.32 , 12.0 , 12 , 14
6 , 11.22 , 12.0 , 12 , 14
2 , 11.1 , 12.0 , 12 , 14
2 , 11.0 , 12.0 , 12 , 14
2 , 10.98 , 12.0 , 12 , 14
2 , 10.9 , 12.0 , 12 , 14
2 , 10.9 , 12.0 , 12 , 14
2 , 10.9 , 12.0 , 12 , 14
2 , 10.9 , 12.0 , 12 , 14
2 , 10.9 , 12.0 , 12 , 14
2 , 10.82 , 12.0 , 12 , 14
2 , 10.78 , 12.0 , 12 , 14
2 , 10.7 , 12.0 , 12 , 14
2 , 10.68 , 12.0 , 12 , 14
2 , 10.66 , 12.0 , 12 , 14
2 , 10.66 , 12.0 , 12 , 14
2 , 10.64 , 12.0 , 12 , 14
2 , 10.6 , 11.0 , 12 , 14
2 , 10.6 , 11.0 , 12 , 14
2 , 10.6 , 11.0 , 12 , 14
2 , 10.5 , 10.0 , 12 , 14
2 , 10.5 , 10.0 , 12 , 14
2 , 10.48 , 10.0 , 12 , 14
2 , 10.42 , 10.0 , 12 , 14
2 , 10.36 , 10.0 , 12 , 14
2 , 10.18 , 10.0 , 12 , 14
2 , 10.1 , 10.0 , 12 , 12
2 , 10.1 , 10.0 , 12 , 12
2 , 10.1 , 10.0 , 12 , 12
2 , 10.08 , 10.0 , 12 , 12
2 , 10.08 , 10.0 , 12 , 12
2 , 10.08 , 10.0 , 12 , 12
2 , 10.06 , 10.0 , 12 , 12
2 , 10.06 , 10.0 , 12 , 12
2 , 10.02 , 10.0 , 12 , 12
2 , 9.98 , 10.0 , 12 , 12
2 , 9.92 , 10.0 , 12 , 12
2 , 9.88 , 10.0 , 12 , 12
2 , 9.8 , 10.0 , 12 , 12
2 , 9.8 , 10.0 , 12 , 12
2 , 9.8 , 10.0 , 12 , 12
2 , 9.76 , 10.0 , 10 , 12
2 , 9.74 , 10.0 , 10 , 12
2 , 9.68 , 10.0 , 10 , 12
2 , 9.6 , 10.0 , 10 , 12
2 , 9.6 , 10.0 , 10 , 12
2 , 9.6 , 10.0 , 10 , 12
2 , 9.56 , 10.0 , 10 , 12
2 , 9.52 , 10.0 , 10 , 12
2 , 9.46 , 10.0 , 10 , 12
2 , 9.46 , 10.0 , 10 , 12
2 , 9.42 , 10.0 , 10 , 12
2 , 9.4 , 10.0 , 10 , 12
2 , 9.34 , 10.0 , 10 , 12
2 , 9.28 , 10.0 , 10 , 12
2 , 9.26 , 10.0 , 10 , 12
2 , 9.26 , 10.0 , 10 , 12
2 , 9.2 , 10.0 , 10 , 12
2 , 9.2 , 10.0 , 10 , 12
2 , 9.2 , 10.0 , 10 , 12
2 , 9.2 , 10.0 , 10 , 12
2 , 9.18 , 10.0 , 10 , 12
2 , 9.16 , 10.0 , 10 , 12
2 , 9.16 , 10.0 , 10 , 12
2 , 9.08 , 10.0 , 10 , 12
2 , 9.04 , 10.0 , 10 , 12
2 , 9.0 , 10.0 , 10 , 12
2 , 8.96 , 10.0 , 10 , 12
2 , 8.94 , 10.0 , 10 , 12
2 , 8.9 , 10.0 , 10 , 12
2 , 8.88 , 10.0 , 10 , 12
2 , 8.88 , 10.0 , 10 , 12
2 , 8.88 , 10.0 , 10 , 12
2 , 8.82 , 10.0 , 10 , 12
2 , 8.8 , 10.0 , 10 , 12
2 , 8.74 , 10.0 , 10 , 12
2 , 8.66 , 10.0 , 10 , 12
2 , 8.64 , 10.0 , 10 , 10
2 , 8.64 , 10.0 , 10 , 10
2 , 8.64 , 10.0 , 10 , 10
2 , 8.6 , 9.0 , 10 , 10
2 , 8.58 , 8.0 , 10 , 10
2 , 8.56 , 8.0 , 10 , 10
2 , 8.56 , 8.0 , 10 , 10
2 , 8.56 , 8.0 , 10 , 10
2 , 8.56 , 8.0 , 10 , 10
2 , 8.56 , 8.0 , 10 , 10
2 , 8.56 , 8.0 , 10 , 10
2 , 8.56 , 8.0 , 10 , 10
2 , 8.56 , 8.0 , 10 , 10
2 , 8.56 , 8.0 , 10 , 10
2 , 8.56 , 8.0 , 10 , 10
2 , 8.56 , 8.0 , 10 , 10
2 , 8.56 , 8.0 , 10 , 10
2 , 8.56 , 8.0 , 10 , 10
2 , 8.56 , 8.0 , 10 , 10
2 , 8.56 , 8.0 , 10 , 10
2 , 8.54 , 8.0 , 10 , 10
2 , 8.52 , 8.0 , 10 , 10
2 , 8.52 , 8.0 , 10 , 10
2 , 8.52 , 8.0 , 10 , 10
2 , 8.48 , 8.0 , 10 , 10
2 , 8.48 , 8.0 , 10 , 10
2 , 8.48 , 8.0 , 10 , 10
2 , 8.46 , 8.0 , 10 , 10
2 , 8.46 , 8.0 , 10 , 10
2 , 8.42 , 8.0 , 10 , 10
2 , 8.38 , 8.0 , 10 , 10
2 , 8.36 , 8.0 , 10 , 10
2 , 8.36 , 8.0 , 10 , 10
2 , 8.36 , 8.0 , 10 , 10
2 , 8.36 , 8.0 , 10 , 10
2 , 8.32 , 8.0 , 8 , 10
2 , 8.32 , 8.0 , 8 , 10
2 , 8.32 , 8.0 , 8 , 10
2 , 8.3 , 8.0 , 8 , 10
2 , 8.3 , 8.0 , 8 , 10
2 , 8.3 , 8.0 , 8 , 10
2 , 8.3 , 8.0 , 8 , 10
2 , 8.3 , 8.0 , 8 , 10
2 , 8.26 , 8.0 , 8 , 10
2 , 8.26 , 8.0 , 8 , 10
2 , 8.26 , 8.0 , 8 , 10
2 , 8.22 , 8.0 , 8 , 10
2 , 8.22 , 8.0 , 8 , 10
2 , 8.22 , 8.0 , 8 , 10
2 , 8.2 , 8.0 , 8 , 10
2 , 8.2 , 8.0 , 8 , 10
2 , 8.2 , 8.0 , 8 , 10
2 , 8.18 , 8.0 , 8 , 10
2 , 8.12 , 8.0 , 8 , 10
2 , 8.1 , 8.0 , 8 , 10
2 , 8.1 , 8.0 , 8 , 10
2 , 8.08 , 8.0 , 8 , 10
2 , 8.0 , 8.0 , 8 , 10
2 , 8.0 , 8.0 , 8 , 10
2 , 8.0 , 8.0 , 8 , 10
2 , 7.98 , 8.0 , 8 , 10
2 , 7.96 , 8.0 , 8 , 10
2 , 7.96 , 8.0 , 8 , 10
2 , 7.96 , 8.0 , 8 , 10
2 , 7.96 , 8.0 , 8 , 10
2 , 7.94 , 8.0 , 8 , 10
2 , 7.92 , 8.0 , 8 , 10
2 , 7.86 , 8.0 , 8 , 10
2 , 7.84 , 8.0 , 8 , 10
2 , 7.84 , 8.0 , 8 , 10
2 , 7.82 , 8.0 , 8 , 10
2 , 7.82 , 8.0 , 8 , 10
2 , 7.82 , 8.0 , 8 , 10
2 , 7.8 , 8.0 , 8 , 10
2 , 7.8 , 8.0 , 8 , 10
2 , 7.8 , 8.0 , 8 , 10
2 , 7.8 , 8.0 , 8 , 10
2 , 7.8 , 8.0 , 8 , 10
2 , 7.78 , 8.0 , 8 , 10
2 , 7.76 , 8.0 , 8 , 10
2 , 7.74 , 8.0 , 8 , 10
2 , 7.74 , 8.0 , 8 , 10
2 , 7.74 , 8.0 , 8 , 10
2 , 7.74 , 8.0 , 8 , 10
2 , 7.74 , 8.0 , 8 , 10
2 , 7.74 , 8.0 , 8 , 10
2 , 7.74 , 8.0 , 8 , 10
2 , 7.7 , 8.0 , 8 , 10
2 , 7.7 , 8.0 , 8 , 10
2 , 7.7 , 8.0 , 8 , 10
2 , 7.68 , 8.0 , 8 , 10
2 , 7.66 , 8.0 , 8 , 10
2 , 7.66 , 8.0 , 8 , 10
2 , 7.6 , 8.0 , 8 , 10
2 , 7.6 , 8.0 , 8 , 10
2 , 7.6 , 8.0 , 8 , 10
2 , 7.6 , 8.0 , 8 , 10
2 , 7.6 , 8.0 , 8 , 10
2 , 7.6 , 8.0 , 8 , 10
2 , 7.6 , 8.0 , 8 , 10
2 , 7.56 , 8.0 , 8 , 10
2 , 7.56 , 8.0 , 8 , 10
2 , 7.56 , 8.0 , 8 , 10
2 , 7.56 , 8.0 , 8 , 10
2 , 7.54 , 8.0 , 8 , 10
2 , 7.48 , 8.0 , 8 , 10
2 , 7.48 , 8.0 , 8 , 10
2 , 7.42 , 8.0 , 8 , 10
2 , 7.36 , 8.0 , 8 , 10
2 , 7.36 , 8.0 , 8 , 10
2 , 7.36 , 8.0 , 8 , 10
2 , 7.32 , 8.0 , 8 , 10
2 , 7.3 , 8.0 , 8 , 10
2 , 7.3 , 8.0 , 8 , 10
2 , 7.3 , 8.0 , 8 , 10
2 , 7.3 , 8.0 , 8 , 10
2 , 7.3 , 8.0 , 8 , 10
2 , 7.24 , 8.0 , 8 , 10
2 , 7.24 , 8.0 , 8 , 10
2 , 7.22 , 8.0 , 8 , 10
2 , 7.2 , 8.0 , 8 , 10
2 , 7.2 , 8.0 , 8 , 10
2 , 7.16 , 8.0 , 8 , 8
2 , 7.16 , 8.0 , 8 , 8
2 , 7.14 , 8.0 , 8 , 8
2 , 7.12 , 8.0 , 8 , 8
2 , 7.1 , 8.0 , 8 , 8
2 , 7.1 , 8.0 , 8 , 8
2 , 7.1 , 8.0 , 8 , 8
2 , 7.1 , 8.0 , 8 , 8
2 , 7.1 , 8.0 , 8 , 8
2 , 7.1 , 8.0 , 8 , 8
2 , 7.1 , 8.0 , 8 , 8
2 , 7.1 , 8.0 , 8 , 8
2 , 7.1 , 8.0 , 8 , 8
2 , 7.1 , 8.0 , 8 , 8
2 , 7.1 , 8.0 , 8 , 8
2 , 7.1 , 8.0 , 8 , 8
2 , 7.08 , 8.0 , 8 , 8
2 , 7.08 , 8.0 , 8 , 8
2 , 7.08 , 8.0 , 8 , 8
2 , 7.08 , 8.0 , 8 , 8
2 , 7.08 , 8.0 , 8 , 8
2 , 7.08 , 8.0 , 8 , 8
2 , 7.08 , 8.0 , 8 , 8
2 , 7.06 , 8.0 , 8 , 8
2 , 7.04 , 8.0 , 8 , 8
2 , 7.04 , 8.0 , 8 , 8
2 , 7.04 , 8.0 , 8 , 8
2 , 7.04 , 8.0 , 8 , 8
2 , 7.04 , 8.0 , 8 , 8
2 , 7.02 , 8.0 , 8 , 8
2 , 7.02 , 8.0 , 8 , 8
2 , 7.0 , 8.0 , 8 , 8
2 , 6.98 , 8.0 , 8 , 8
2 , 6.98 , 8.0 , 8 , 8
2 , 6.98 , 8.0 , 8 , 8
2 , 6.98 , 8.0 , 8 , 8
2 , 6.98 , 8.0 , 8 , 8
2 , 6.98 , 8.0 , 8 , 8
2 , 6.98 , 8.0 , 8 , 8
2 , 6.98 , 8.0 , 8 , 8
2 , 6.96 , 8.0 , 8 , 8
2 , 6.96 , 8.0 , 8 , 8
2 , 6.96 , 8.0 , 8 , 8
2 , 6.96 , 8.0 , 8 , 8
2 , 6.96 , 8.0 , 8 , 8
2 , 6.96 , 8.0 , 8 , 8
2 , 6.96 , 8.0 , 8 , 8
2 , 6.94 , 8.0 , 8 , 8
2 , 6.94 , 8.0 , 8 , 8
2 , 6.94 , 8.0 , 8 , 8
2 , 6.94 , 8.0 , 8 , 8
2 , 6.94 , 8.0 , 8 , 8
2 , 6.94 , 8.0 , 8 , 8
2 , 6.94 , 8.0 , 8 , 8
2 , 6.94 , 8.0 , 8 , 8
2 , 6.92 , 8.0 , 8 , 8
2 , 6.92 , 8.0 , 8 , 8
2 , 6.92 , 8.0 , 8 , 8
2 , 6.9 , 8.0 , 8 , 8
2 , 6.9 , 8.0 , 8 , 8
2 , 6.9 , 8.0 , 8 , 8
2 , 6.84 , 8.0 , 8 , 8
2 , 6.84 , 8.0 , 8 , 8
2 , 6.82 , 8.0 , 8 , 8
2 , 6.82 , 8.0 , 8 , 8
2 , 6.8 , 7.0 , 8 , 8
2 , 6.76 , 6.0 , 8 , 8
2 , 6.76 , 6.0 , 8 , 8
2 , 6.74 , 6.0 , 8 , 8
2 , 6.74 , 6.0 , 8 , 8
2 , 6.74 , 6.0 , 8 , 8
2 , 6.74 , 6.0 , 8 , 8
2 , 6.74 , 6.0 , 8 , 8
2 , 6.74 , 6.0 , 8 , 8
2 , 6.74 , 6.0 , 8 , 8
2 , 6.74 , 6.0 , 8 , 8
2 , 6.74 , 6.0 , 8 , 8
2 , 6.74 , 6.0 , 8 , 8
2 , 6.74 , 6.0 , 8 , 8
2 , 6.74 , 6.0 , 8 , 8
2 , 6.74 , 6.0 , 8 , 8
2 , 6.74 , 6.0 , 8 , 8
2 , 6.74 , 6.0 , 8 , 8
2 , 6.74 , 6.0 , 8 , 8
2 , 6.74 , 6.0 , 8 , 8
2 , 6.74 , 6.0 , 8 , 8
2 , 6.74 , 6.0 , 8 , 8
2 , 6.74 , 6.0 , 8 , 8
2 , 6.74 , 6.0 , 8 , 8
2 , 6.74 , 6.0 , 8 , 8
2 , 6.74 , 6.0 , 8 , 8
2 , 6.74 , 6.0 , 8 , 8
2 , 6.74 , 6.0 , 8 , 8
2 , 6.74 , 6.0 , 8 , 8
2 , 6.74 , 6.0 , 8 , 8
2 , 6.7 , 6.0 , 8 , 8
2 , 6.7 , 6.0 , 8 , 8
2 , 6.7 , 6.0 , 8 , 8
2 , 6.7 , 6.0 , 8 , 8
2 , 6.7 , 6.0 , 8 , 8
2 , 6.7 , 6.0 , 8 , 8
2 , 6.7 , 6.0 , 8 , 8
2 , 6.7 , 6.0 , 8 , 8
2 , 6.68 , 6.0 , 6 , 8
2 , 6.64 , 6.0 , 6 , 8
2 , 6.64 , 6.0 , 6 , 8
2 , 6.64 , 6.0 , 6 , 8
2 , 6.62 , 6.0 , 6 , 8
2 , 6.62 , 6.0 , 6 , 8
2 , 6.62 , 6.0 , 6 , 8
2 , 6.62 , 6.0 , 6 , 8
2 , 6.62 , 6.0 , 6 , 8
2 , 6.62 , 6.0 , 6 , 8
2 , 6.62 , 6.0 , 6 , 8
2 , 6.62 , 6.0 , 6 , 8
2 , 6.62 , 6.0 , 6 , 8
2 , 6.62 , 6.0 , 6 , 8
2 , 6.62 , 6.0 , 6 , 8
2 , 6.62 , 6.0 , 6 , 8
2 , 6.62 , 6.0 , 6 , 8
2 , 6.62 , 6.0 , 6 , 8
2 , 6.6 , 6.0 , 6 , 8
2 , 6.58 , 6.0 , 6 , 8
2 , 6.58 , 6.0 , 6 , 8
2 , 6.58 , 6.0 , 6 , 8
2 , 6.58 , 6.0 , 6 , 8
2 , 6.58 , 6.0 , 6 , 8
2 , 6.58 , 6.0 , 6 , 8
2 , 6.56 , 6.0 , 6 , 8
2 , 6.56 , 6.0 , 6 , 8
2 , 6.56 , 6.0 , 6 , 8
2 , 6.56 , 6.0 , 6 , 8
2 , 6.56 , 6.0 , 6 , 8
2 , 6.54 , 6.0 , 6 , 8
2 , 6.52 , 6.0 , 6 , 8
2 , 6.52 , 6.0 , 6 , 8
2 , 6.52 , 6.0 , 6 , 8
2 , 6.52 , 6.0 , 6 , 8
2 , 6.52 , 6.0 , 6 , 8
2 , 6.52 , 6.0 , 6 , 8
2 , 6.52 , 6.0 , 6 , 8
2 , 6.52 , 6.0 , 6 , 8
2 , 6.52 , 6.0 , 6 , 8
2 , 6.52 , 6.0 , 6 , 8
2 , 6.52 , 6.0 , 6 , 8
2 , 6.52 , 6.0 , 6 , 8
2 , 6.5 , 6.0 , 6 , 8
2 , 6.48 , 6.0 , 6 , 8
2 , 6.48 , 6.0 , 6 , 8
2 , 6.48 , 6.0 , 6 , 8
2 , 6.48 , 6.0 , 6 , 8
2 , 6.48 , 6.0 , 6 , 8
2 , 6.48 , 6.0 , 6 , 8
2 , 6.48 , 6.0 , 6 , 8
2 , 6.48 , 6.0 , 6 , 8
2 , 6.48 , 6.0 , 6 , 8
2 , 6.48 , 6.0 , 6 , 8
2 , 6.48 , 6.0 , 6 , 8
2 , 6.48 , 6.0 , 6 , 8
2 , 6.48 , 6.0 , 6 , 8
2 , 6.48 , 6.0 , 6 , 8
2 , 6.48 , 6.0 , 6 , 8
2 , 6.48 , 6.0 , 6 , 8
2 , 6.46 , 6.0 , 6 , 8
2 , 6.46 , 6.0 , 6 , 8
2 , 6.46 , 6.0 , 6 , 8
2 , 6.46 , 6.0 , 6 , 8
2 , 6.46 , 6.0 , 6 , 8
2 , 6.44 , 6.0 , 6 , 8
2 , 6.44 , 6.0 , 6 , 8
2 , 6.42 , 6.0 , 6 , 8
2 , 6.42 , 6.0 , 6 , 8
2 , 6.42 , 6.0 , 6 , 8
2 , 6.42 , 6.0 , 6 , 8
2 , 6.4 , 6.0 , 6 , 8
2 , 6.4 , 6.0 , 6 , 8
2 , 6.36 , 6.0 , 6 , 8
2 , 6.36 , 6.0 , 6 , 8
2 , 6.36 , 6.0 , 6 , 8
2 , 6.34 , 6.0 , 6 , 8
2 , 6.34 , 6.0 , 6 , 8
2 , 6.34 , 6.0 , 6 , 8
2 , 6.34 , 6.0 , 6 , 8
2 , 6.34 , 6.0 , 6 , 8
2 , 6.34 , 6.0 , 6 , 8
2 , 6.34 , 6.0 , 6 , 8
2 , 6.34 , 6.0 , 6 , 8
2 , 6.32 , 6.0 , 6 , 8
2 , 6.32 , 6.0 , 6 , 8
2 , 6.32 , 6.0 , 6 , 8
2 , 6.32 , 6.0 , 6 , 8
2 , 6.32 , 6.0 , 6 , 8
2 , 6.32 , 6.0 , 6 , 8
2 , 6.32 , 6.0 , 6 , 8
2 , 6.32 , 6.0 , 6 , 8
2 , 6.32 , 6.0 , 6 , 8
2 , 6.32 , 6.0 , 6 , 8
2 , 6.32 , 6.0 , 6 , 8
2 , 6.3 , 6.0 , 6 , 8
2 , 6.3 , 6.0 , 6 , 8
2 , 6.28 , 6.0 , 6 , 8
2 , 6.28 , 6.0 , 6 , 8
2 , 6.28 , 6.0 , 6 , 8
2 , 6.2 , 6.0 , 6 , 8
2 , 6.16 , 6.0 , 6 , 8
2 , 6.16 , 6.0 , 6 , 8
2 , 6.16 , 6.0 , 6 , 8
2 , 6.16 , 6.0 , 6 , 8
2 , 6.16 , 6.0 , 6 , 8
2 , 6.16 , 6.0 , 6 , 8
2 , 6.16 , 6.0 , 6 , 8
2 , 6.16 , 6.0 , 6 , 8
2 , 6.12 , 6.0 , 6 , 8
2 , 6.06 , 6.0 , 6 , 8
2 , 6.06 , 6.0 , 6 , 8
2 , 6.06 , 6.0 , 6 , 8
2 , 6.06 , 6.0 , 6 , 8
2 , 6.06 , 6.0 , 6 , 8
2 , 6.06 , 6.0 , 6 , 8
2 , 6.04 , 6.0 , 6 , 8
2 , 6.04 , 6.0 , 6 , 8
2 , 6.0 , 6.0 , 6 , 8
2 , 6.0 , 6.0 , 6 , 8
2 , 6.0 , 6.0 , 6 , 8
2 , 6.0 , 6.0 , 6 , 8
2 , 6.0 , 6.0 , 6 , 8
2 , 5.96 , 6.0 , 6 , 8
2 , 5.96 , 6.0 , 6 , 8
2 , 5.96 , 6.0 , 6 , 8
2 , 5.94 , 6.0 , 6 , 8
2 , 5.94 , 6.0 , 6 , 8
2 , 5.94 , 6.0 , 6 , 8
2 , 5.94 , 6.0 , 6 , 8
2 , 5.94 , 6.0 , 6 , 8
2 , 5.94 , 6.0 , 6 , 8
2 , 5.94 , 6.0 , 6 , 8
2 , 5.94 , 6.0 , 6 , 8
2 , 5.94 , 6.0 , 6 , 8
2 , 5.94 , 6.0 , 6 , 8
2 , 5.94 , 6.0 , 6 , 8
2 , 5.94 , 6.0 , 6 , 8
2 , 5.88 , 6.0 , 6 , 8
2 , 5.88 , 6.0 , 6 , 8
2 , 5.88 , 6.0 , 6 , 8
2 , 5.84 , 6.0 , 6 , 8
2 , 5.84 , 6.0 , 6 , 8
2 , 5.84 , 6.0 , 6 , 8
2 , 5.84 , 6.0 , 6 , 8
2 , 5.8 , 6.0 , 6 , 8
2 , 5.8 , 6.0 , 6 , 8
2 , 5.8 , 6.0 , 6 , 8
2 , 5.8 , 6.0 , 6 , 8
2 , 5.8 , 6.0 , 6 , 8
2 , 5.8 , 6.0 , 6 , 8
2 , 5.8 , 6.0 , 6 , 8
2 , 5.8 , 6.0 , 6 , 8
2 , 5.8 , 6.0 , 6 , 8
2 , 5.78 , 6.0 , 6 , 8
2 , 5.78 , 6.0 , 6 , 8
2 , 5.78 , 6.0 , 6 , 8
2 , 5.78 , 6.0 , 6 , 8
2 , 5.76 , 6.0 , 6 , 8
2 , 5.76 , 6.0 , 6 , 8
2 , 5.74 , 6.0 , 6 , 8
2 , 5.74 , 6.0 , 6 , 8
2 , 5.74 , 6.0 , 6 , 8
2 , 5.74 , 6.0 , 6 , 8
2 , 5.74 , 6.0 , 6 , 8
2 , 5.74 , 6.0 , 6 , 8
2 , 5.74 , 6.0 , 6 , 8
2 , 5.74 , 6.0 , 6 , 8
2 , 5.74 , 6.0 , 6 , 8
2 , 5.74 , 6.0 , 6 , 8
2 , 5.74 , 6.0 , 6 , 8
2 , 5.74 , 6.0 , 6 , 8
2 , 5.74 , 6.0 , 6 , 8
2 , 5.74 , 6.0 , 6 , 8
2 , 5.74 , 6.0 , 6 , 8
2 , 5.74 , 6.0 , 6 , 8
2 , 5.74 , 6.0 , 6 , 8
2 , 5.74 , 6.0 , 6 , 8
2 , 5.74 , 6.0 , 6 , 8
2 , 5.74 , 6.0 , 6 , 8
2 , 5.74 , 6.0 , 6 , 8
2 , 5.74 , 6.0 , 6 , 8
2 , 5.74 , 6.0 , 6 , 8
2 , 5.74 , 6.0 , 6 , 8
2 , 5.72 , 6.0 , 6 , 8
2 , 5.72 , 6.0 , 6 , 8
2 , 5.72 , 6.0 , 6 , 8
2 , 5.72 , 6.0 , 6 , 8
2 , 5.68 , 6.0 , 6 , 8
2 , 5.66 , 6.0 , 6 , 8
2 , 5.66 , 6.0 , 6 , 8
2 , 5.62 , 6.0 , 6 , 8
2 , 5.62 , 6.0 , 6 , 8
2 , 5.62 , 6.0 , 6 , 8
2 , 5.6 , 6.0 , 6 , 8
2 , 5.6 , 6.0 , 6 , 8
2 , 5.6 , 6.0 , 6 , 8
2 , 5.6 , 6.0 , 6 , 8
2 , 5.58 , 6.0 , 6 , 8
2 , 5.58 , 6.0 , 6 , 8
2 , 5.56 , 6.0 , 6 , 6
2 , 5.54 , 6.0 , 6 , 6
2 , 5.54 , 6.0 , 6 , 6
2 , 5.54 , 6.0 , 6 , 6
2 , 5.54 , 6.0 , 6 , 6
2 , 5.54 , 6.0 , 6 , 6
2 , 5.54 , 6.0 , 6 , 6
2 , 5.54 , 6.0 , 6 , 6
2 , 5.54 , 6.0 , 6 , 6
2 , 5.54 , 6.0 , 6 , 6
2 , 5.54 , 6.0 , 6 , 6
2 , 5.54 , 6.0 , 6 , 6
2 , 5.54 , 6.0 , 6 , 6
2 , 5.54 , 6.0 , 6 , 6
2 , 5.54 , 6.0 , 6 , 6
2 , 5.54 , 6.0 , 6 , 6
2 , 5.54 , 6.0 , 6 , 6
2 , 5.54 , 6.0 , 6 , 6
2 , 5.54 , 6.0 , 6 , 6
2 , 5.54 , 6.0 , 6 , 6
2 , 5.54 , 6.0 , 6 , 6
2 , 5.54 , 6.0 , 6 , 6
2 , 5.52 , 6.0 , 6 , 6
2 , 5.52 , 6.0 , 6 , 6
2 , 5.52 , 6.0 , 6 , 6
2 , 5.52 , 6.0 , 6 , 6
2 , 5.52 , 6.0 , 6 , 6
2 , 5.52 , 6.0 , 6 , 6
2 , 5.52 , 6.0 , 6 , 6
2 , 5.52 , 6.0 , 6 , 6
2 , 5.52 , 6.0 , 6 , 6
2 , 5.52 , 6.0 , 6 , 6
2 , 5.52 , 6.0 , 6 , 6
2 , 5.52 , 6.0 , 6 , 6
2 , 5.52 , 6.0 , 6 , 6
2 , 5.52 , 6.0 , 6 , 6
2 , 5.52 , 6.0 , 6 , 6
2 , 5.5 , 6.0 , 6 , 6
2 , 5.5 , 6.0 , 6 , 6
2 , 5.5 , 6.0 , 6 , 6
2 , 5.5 , 6.0 , 6 , 6
2 , 5.5 , 6.0 , 6 , 6
2 , 5.5 , 6.0 , 6 , 6
2 , 5.5 , 6.0 , 6 , 6
2 , 5.5 , 6.0 , 6 , 6
2 , 5.5 , 6.0 , 6 , 6
2 , 5.5 , 6.0 , 6 , 6
2 , 5.46 , 6.0 , 6 , 6
2 , 5.46 , 6.0 , 6 , 6
2 , 5.46 , 6.0 , 6 , 6
2 , 5.46 , 6.0 , 6 , 6
2 , 5.46 , 6.0 , 6 , 6
2 , 5.46 , 6.0 , 6 , 6
2 , 5.46 , 6.0 , 6 , 6
2 , 5.46 , 6.0 , 6 , 6
2 , 5.46 , 6.0 , 6 , 6
2 , 5.46 , 6.0 , 6 , 6
2 , 5.46 , 6.0 , 6 , 6
2 , 5.46 , 6.0 , 6 , 6
2 , 5.46 , 6.0 , 6 , 6
2 , 5.46 , 6.0 , 6 , 6
2 , 5.46 , 6.0 , 6 , 6
2 , 5.46 , 6.0 , 6 , 6
2 , 5.46 , 6.0 , 6 , 6
2 , 5.46 , 6.0 , 6 , 6
2 , 5.46 , 6.0 , 6 , 6
2 , 5.46 , 6.0 , 6 , 6
2 , 5.46 , 6.0 , 6 , 6
2 , 5.46 , 6.0 , 6 , 6
2 , 5.46 , 6.0 , 6 , 6
2 , 5.44 , 6.0 , 6 , 6
2 , 5.44 , 6.0 , 6 , 6
2 , 5.44 , 6.0 , 6 , 6
2 , 5.44 , 6.0 , 6 , 6
2 , 5.44 , 6.0 , 6 , 6
2 , 5.44 , 6.0 , 6 , 6
2 , 5.44 , 6.0 , 6 , 6
2 , 5.44 , 6.0 , 6 , 6
2 , 5.42 , 6.0 , 6 , 6
2 , 5.42 , 6.0 , 6 , 6
2 , 5.42 , 6.0 , 6 , 6
2 , 5.42 , 6.0 , 6 , 6
2 , 5.42 , 6.0 , 6 , 6
2 , 5.42 , 6.0 , 6 , 6
2 , 5.42 , 6.0 , 6 , 6
2 , 5.42 , 6.0 , 6 , 6
2 , 5.42 , 6.0 , 6 , 6
2 , 5.42 , 6.0 , 6 , 6
2 , 5.42 , 6.0 , 6 , 6
2 , 5.42 , 6.0 , 6 , 6
2 , 5.42 , 6.0 , 6 , 6
2 , 5.42 , 6.0 , 6 , 6
2 , 5.42 , 6.0 , 6 , 6
2 , 5.42 , 6.0 , 6 , 6
2 , 5.42 , 6.0 , 6 , 6
2 , 5.42 , 6.0 , 6 , 6
2 , 5.42 , 6.0 , 6 , 6
2 , 5.42 , 6.0 , 6 , 6
2 , 5.42 , 6.0 , 6 , 6
2 , 5.42 , 6.0 , 6 , 6
2 , 5.42 , 6.0 , 6 , 6
2 , 5.42 , 6.0 , 6 , 6
2 , 5.42 , 6.0 , 6 , 6
2 , 5.42 , 6.0 , 6 , 6
2 , 5.4 , 6.0 , 6 , 6
2 , 5.4 , 6.0 , 6 , 6
2 , 5.4 , 6.0 , 6 , 6
2 , 5.4 , 6.0 , 6 , 6
2 , 5.4 , 6.0 , 6 , 6
2 , 5.4 , 6.0 , 6 , 6
2 , 5.4 , 6.0 , 6 , 6
2 , 5.4 , 6.0 , 6 , 6
2 , 5.4 , 6.0 , 6 , 6
2 , 5.38 , 6.0 , 6 , 6
2 , 5.38 , 6.0 , 6 , 6
2 , 5.38 , 6.0 , 6 , 6
2 , 5.38 , 6.0 , 6 , 6
2 , 5.38 , 6.0 , 6 , 6
2 , 5.38 , 6.0 , 6 , 6
2 , 5.38 , 6.0 , 6 , 6
2 , 5.38 , 6.0 , 6 , 6
2 , 5.36 , 6.0 , 6 , 6
2 , 5.36 , 6.0 , 6 , 6
2 , 5.36 , 6.0 , 6 , 6
2 , 5.36 , 6.0 , 6 , 6
2 , 5.36 , 6.0 , 6 , 6
2 , 5.36 , 6.0 , 6 , 6
2 , 5.36 , 6.0 , 6 , 6
2 , 5.36 , 6.0 , 6 , 6
2 , 5.34 , 6.0 , 6 , 6
2 , 5.34 , 6.0 , 6 , 6
2 , 5.34 , 6.0 , 6 , 6
2 , 5.34 , 6.0 , 6 , 6
2 , 5.34 , 6.0 , 6 , 6
2 , 5.34 , 6.0 , 6 , 6
2 , 5.34 , 6.0 , 6 , 6
2 , 5.32 , 6.0 , 6 , 6
2 , 5.32 , 6.0 , 6 , 6
2 , 5.3 , 6.0 , 6 , 6
2 , 5.3 , 6.0 , 6 , 6
2 , 5.3 , 6.0 , 6 , 6
2 , 5.3 , 6.0 , 6 , 6
2 , 5.3 , 6.0 , 6 , 6
2 , 5.3 , 6.0 , 6 , 6
2 , 5.3 , 6.0 , 6 , 6
2 , 5.3 , 6.0 , 6 , 6
2 , 5.3 , 6.0 , 6 , 6
2 , 5.3 , 6.0 , 6 , 6
2 , 5.3 , 6.0 , 6 , 6
2 , 5.3 , 6.0 , 6 , 6
2 , 5.3 , 6.0 , 6 , 6
2 , 5.3 , 6.0 , 6 , 6
2 , 5.28 , 6.0 , 6 , 6
2 , 5.28 , 6.0 , 6 , 6
2 , 5.28 , 6.0 , 6 , 6
2 , 5.28 , 6.0 , 6 , 6
2 , 5.28 , 6.0 , 6 , 6
2 , 5.28 , 6.0 , 6 , 6
2 , 5.28 , 6.0 , 6 , 6
2 , 5.28 , 6.0 , 6 , 6
2 , 5.28 , 6.0 , 6 , 6
2 , 5.28 , 6.0 , 6 , 6
2 , 5.28 , 6.0 , 6 , 6
2 , 5.28 , 6.0 , 6 , 6
2 , 5.28 , 6.0 , 6 , 6
2 , 5.28 , 6.0 , 6 , 6
2 , 5.28 , 6.0 , 6 , 6
2 , 5.28 , 6.0 , 6 , 6
2 , 5.28 , 6.0 , 6 , 6
2 , 5.24 , 6.0 , 6 , 6
2 , 5.22 , 6.0 , 6 , 6
2 , 5.22 , 6.0 , 6 , 6
2 , 5.22 , 6.0 , 6 , 6
2 , 5.22 , 6.0 , 6 , 6
2 , 5.2 , 6.0 , 6 , 6
2 , 5.2 , 6.0 , 6 , 6
2 , 5.2 , 6.0 , 6 , 6
2 , 5.2 , 6.0 , 6 , 6
2 , 5.2 , 6.0 , 6 , 6
2 , 5.2 , 6.0 , 6 , 6
2 , 5.2 , 6.0 , 6 , 6
2 , 5.2 , 6.0 , 6 , 6
2 , 5.18 , 6.0 , 6 , 6
2 , 5.16 , 6.0 , 6 , 6
2 , 5.12 , 6.0 , 6 , 6
2 , 5.12 , 6.0 , 6 , 6
2 , 5.12 , 6.0 , 6 , 6
2 , 5.12 , 6.0 , 6 , 6
2 , 5.12 , 6.0 , 6 , 6
2 , 5.12 , 6.0 , 6 , 6
2 , 5.12 , 6.0 , 6 , 6
2 , 5.12 , 6.0 , 6 , 6
2 , 5.12 , 6.0 , 6 , 6
2 , 5.12 , 6.0 , 6 , 6
2 , 5.12 , 6.0 , 6 , 6
2 , 5.12 , 6.0 , 6 , 6
2 , 5.12 , 6.0 , 6 , 6
2 , 5.1 , 6.0 , 6 , 6
2 , 5.1 , 6.0 , 6 , 6
2 , 5.08 , 6.0 , 6 , 6
2 , 5.08 , 6.0 , 6 , 6
2 , 5.08 , 6.0 , 6 , 6
2 , 5.08 , 6.0 , 6 , 6
2 , 5.06 , 6.0 , 6 , 6
2 , 5.06 , 6.0 , 6 , 6
2 , 5.06 , 6.0 , 6 , 6
2 , 5.06 , 6.0 , 6 , 6
2 , 5.06 , 6.0 , 6 , 6
2 , 5.06 , 6.0 , 6 , 6
2 , 5.04 , 6.0 , 6 , 6
2 , 5.04 , 6.0 , 6 , 6
2 , 5.02 , 6.0 , 6 , 6
2 , 5.02 , 6.0 , 6 , 6
2 , 5.0 , 6.0 , 6 , 6
2 , 4.98 , 6.0 , 6 , 6
2 , 4.98 , 6.0 , 6 , 6
2 , 4.98 , 6.0 , 6 , 6
2 , 4.98 , 6.0 , 6 , 6
2 , 4.98 , 6.0 , 6 , 6
2 , 4.98 , 6.0 , 6 , 6
2 , 4.98 , 6.0 , 6 , 6
2 , 4.96 , 6.0 , 6 , 6
2 , 4.94 , 6.0 , 6 , 6
2 , 4.94 , 6.0 , 6 , 6
2 , 4.94 , 6.0 , 6 , 6
2 , 4.94 , 6.0 , 6 , 6
2 , 4.94 , 6.0 , 6 , 6
2 , 4.94 , 6.0 , 6 , 6
2 , 4.94 , 6.0 , 6 , 6
2 , 4.94 , 6.0 , 6 , 6
2 , 4.94 , 6.0 , 6 , 6
2 , 4.94 , 6.0 , 6 , 6
2 , 4.94 , 6.0 , 6 , 6
2 , 4.94 , 6.0 , 6 , 6
2 , 4.92 , 6.0 , 6 , 6
2 , 4.92 , 6.0 , 6 , 6
2 , 4.92 , 6.0 , 6 , 6
2 , 4.92 , 6.0 , 6 , 6
2 , 4.9 , 5.0 , 6 , 6
2 , 4.9 , 5.0 , 6 , 6
2 , 4.9 , 5.0 , 6 , 6
2 , 4.9 , 5.0 , 6 , 6
2 , 4.9 , 5.0 , 6 , 6
2 , 4.9 , 5.0 , 6 , 6
2 , 4.9 , 5.0 , 6 , 6
2 , 4.9 , 5.0 , 6 , 6
2 , 4.9 , 5.0 , 6 , 6
2 , 4.9 , 5.0 , 6 , 6
2 , 4.9 , 5.0 , 6 , 6
2 , 4.9 , 5.0 , 6 , 6
2 , 4.9 , 5.0 , 6 , 6
2 , 4.9 , 5.0 , 6 , 6
2 , 4.9 , 5.0 , 6 , 6
2 , 4.9 , 5.0 , 6 , 6
2 , 4.88 , 4.0 , 6 , 6
2 , 4.88 , 4.0 , 6 , 6
2 , 4.88 , 4.0 , 6 , 6
2 , 4.88 , 4.0 , 6 , 6
2 , 4.88 , 4.0 , 6 , 6
2 , 4.86 , 4.0 , 6 , 6
2 , 4.86 , 4.0 , 6 , 6
2 , 4.86 , 4.0 , 6 , 6
2 , 4.86 , 4.0 , 6 , 6
2 , 4.86 , 4.0 , 6 , 6
2 , 4.86 , 4.0 , 6 , 6
2 , 4.86 , 4.0 , 6 , 6
2 , 4.86 , 4.0 , 6 , 6
2 , 4.86 , 4.0 , 6 , 6
2 , 4.86 , 4.0 , 6 , 6
2 , 4.86 , 4.0 , 6 , 6
2 , 4.86 , 4.0 , 6 , 6
2 , 4.86 , 4.0 , 6 , 6
2 , 4.86 , 4.0 , 6 , 6
2 , 4.86 , 4.0 , 6 , 6
2 , 4.86 , 4.0 , 6 , 6
2 , 4.86 , 4.0 , 6 , 6
2 , 4.86 , 4.0 , 6 , 6
2 , 4.86 , 4.0 , 6 , 6
2 , 4.86 , 4.0 , 6 , 6
2 , 4.86 , 4.0 , 6 , 6
2 , 4.86 , 4.0 , 6 , 6
2 , 4.86 , 4.0 , 6 , 6
2 , 4.86 , 4.0 , 6 , 6
2 , 4.86 , 4.0 , 6 , 6
2 , 4.86 , 4.0 , 6 , 6
2 , 4.86 , 4.0 , 6 , 6
2 , 4.86 , 4.0 , 6 , 6
2 , 4.86 , 4.0 , 6 , 6
2 , 4.86 , 4.0 , 6 , 6
2 , 4.86 , 4.0 , 6 , 6
2 , 4.86 , 4.0 , 6 , 6
2 , 4.86 , 4.0 , 6 , 6
2 , 4.86 , 4.0 , 6 , 6
2 , 4.86 , 4.0 , 6 , 6
2 , 4.86 , 4.0 , 6 , 6
2 , 4.86 , 4.0 , 6 , 6
2 , 4.86 , 4.0 , 6 , 6
2 , 4.86 , 4.0 , 6 , 6
2 , 4.86 , 4.0 , 6 , 6
2 , 4.86 , 4.0 , 6 , 6
2 , 4.86 , 4.0 , 6 , 6
2 , 4.86 , 4.0 , 6 , 6
2 , 4.86 , 4.0 , 6 , 6
2 , 4.86 , 4.0 , 6 , 6
2 , 4.86 , 4.0 , 6 , 6
2 , 4.86 , 4.0 , 6 , 6
2 , 4.86 , 4.0 , 6 , 6
2 , 4.86 , 4.0 , 6 , 6
2 , 4.86 , 4.0 , 6 , 6
2 , 4.86 , 4.0 , 6 , 6
2 , 4.86 , 4.0 , 6 , 6
2 , 4.86 , 4.0 , 6 , 6
2 , 4.86 , 4.0 , 6 , 6
2 , 4.86 , 4.0 , 6 , 6
2 , 4.86 , 4.0 , 6 , 6
2 , 4.86 , 4.0 , 6 , 6
2 , 4.86 , 4.0 , 6 , 6
2 , 4.86 , 4.0 , 6 , 6
2 , 4.86 , 4.0 , 6 , 6
2 , 4.84 , 4.0 , 4 , 6
2 , 4.84 , 4.0 , 4 , 6
2 , 4.84 , 4.0 , 4 , 6
2 , 4.84 , 4.0 , 4 , 6
2 , 4.84 , 4.0 , 4 , 6
2 , 4.82 , 4.0 , 4 , 6
2 , 4.82 , 4.0 , 4 , 6
2 , 4.82 , 4.0 , 4 , 6
2 , 4.82 , 4.0 , 4 , 6
2 , 4.82 , 4.0 , 4 , 6
2 , 4.82 , 4.0 , 4 , 6
2 , 4.82 , 4.0 , 4 , 6
2 , 4.8 , 4.0 , 4 , 6
2 , 4.78 , 4.0 , 4 , 6
2 , 4.78 , 4.0 , 4 , 6
2 , 4.78 , 4.0 , 4 , 6
2 , 4.78 , 4.0 , 4 , 6
2 , 4.76 , 4.0 , 4 , 6
2 , 4.76 , 4.0 , 4 , 6
2 , 4.76 , 4.0 , 4 , 6
2 , 4.76 , 4.0 , 4 , 6
2 , 4.76 , 4.0 , 4 , 6
2 , 4.76 , 4.0 , 4 , 6
2 , 4.76 , 4.0 , 4 , 6
2 , 4.76 , 4.0 , 4 , 6
2 , 4.76 , 4.0 , 4 , 6
2 , 4.76 , 4.0 , 4 , 6
2 , 4.76 , 4.0 , 4 , 6
2 , 4.76 , 4.0 , 4 , 6
2 , 4.76 , 4.0 , 4 , 6
2 , 4.76 , 4.0 , 4 , 6
2 , 4.76 , 4.0 , 4 , 6
2 , 4.76 , 4.0 , 4 , 6
2 , 4.76 , 4.0 , 4 , 6
2 , 4.76 , 4.0 , 4 , 6
2 , 4.76 , 4.0 , 4 , 6
2 , 4.76 , 4.0 , 4 , 6
2 , 4.76 , 4.0 , 4 , 6
2 , 4.76 , 4.0 , 4 , 6
2 , 4.76 , 4.0 , 4 , 6
2 , 4.76 , 4.0 , 4 , 6
2 , 4.74 , 4.0 , 4 , 6
2 , 4.74 , 4.0 , 4 , 6
2 , 4.74 , 4.0 , 4 , 6
2 , 4.74 , 4.0 , 4 , 6
2 , 4.72 , 4.0 , 4 , 6
2 , 4.72 , 4.0 , 4 , 6
2 , 4.72 , 4.0 , 4 , 6
2 , 4.72 , 4.0 , 4 , 6
2 , 4.72 , 4.0 , 4 , 6
2 , 4.72 , 4.0 , 4 , 6
2 , 4.7 , 4.0 , 4 , 6
2 , 4.7 , 4.0 , 4 , 6
2 , 4.7 , 4.0 , 4 , 6
2 , 4.7 , 4.0 , 4 , 6
2 , 4.7 , 4.0 , 4 , 6
2 , 4.7 , 4.0 , 4 , 6
2 , 4.7 , 4.0 , 4 , 6
2 , 4.7 , 4.0 , 4 , 6
2 , 4.7 , 4.0 , 4 , 6
2 , 4.7 , 4.0 , 4 , 6
2 , 4.7 , 4.0 , 4 , 6
2 , 4.7 , 4.0 , 4 , 6
2 , 4.7 , 4.0 , 4 , 6
2 , 4.7 , 4.0 , 4 , 6
2 , 4.7 , 4.0 , 4 , 6
2 , 4.68 , 4.0 , 4 , 6
2 , 4.68 , 4.0 , 4 , 6
2 , 4.68 , 4.0 , 4 , 6
2 , 4.68 , 4.0 , 4 , 6
2 , 4.68 , 4.0 , 4 , 6
2 , 4.68 , 4.0 , 4 , 6
2 , 4.68 , 4.0 , 4 , 6
2 , 4.68 , 4.0 , 4 , 6
2 , 4.68 , 4.0 , 4 , 6
2 , 4.68 , 4.0 , 4 , 6
2 , 4.68 , 4.0 , 4 , 6
2 , 4.68 , 4.0 , 4 , 6
2 , 4.68 , 4.0 , 4 , 6
2 , 4.66 , 4.0 , 4 , 6
2 , 4.66 , 4.0 , 4 , 6
2 , 4.66 , 4.0 , 4 , 6
2 , 4.66 , 4.0 , 4 , 6
2 , 4.66 , 4.0 , 4 , 6
2 , 4.66 , 4.0 , 4 , 6
2 , 4.66 , 4.0 , 4 , 6
2 , 4.66 , 4.0 , 4 , 6
2 , 4.66 , 4.0 , 4 , 6
2 , 4.64 , 4.0 , 4 , 6
2 , 4.64 , 4.0 , 4 , 6
2 , 4.64 , 4.0 , 4 , 6
2 , 4.64 , 4.0 , 4 , 6
2 , 4.62 , 4.0 , 4 , 6
2 , 4.62 , 4.0 , 4 , 6
2 , 4.62 , 4.0 , 4 , 6
2 , 4.62 , 4.0 , 4 , 6
2 , 4.62 , 4.0 , 4 , 6
2 , 4.62 , 4.0 , 4 , 6
2 , 4.62 , 4.0 , 4 , 6
2 , 4.62 , 4.0 , 4 , 6
2 , 4.62 , 4.0 , 4 , 6
2 , 4.62 , 4.0 , 4 , 6
2 , 4.62 , 4.0 , 4 , 6
2 , 4.62 , 4.0 , 4 , 6
2 , 4.62 , 4.0 , 4 , 6
2 , 4.6 , 4.0 , 4 , 6
2 , 4.6 , 4.0 , 4 , 6
2 , 4.6 , 4.0 , 4 , 6
2 , 4.6 , 4.0 , 4 , 6
2 , 4.6 , 4.0 , 4 , 6
2 , 4.6 , 4.0 , 4 , 6
2 , 4.6 , 4.0 , 4 , 6
2 , 4.6 , 4.0 , 4 , 6
2 , 4.6 , 4.0 , 4 , 6
2 , 4.6 , 4.0 , 4 , 6
2 , 4.6 , 4.0 , 4 , 6
2 , 4.6 , 4.0 , 4 , 6
2 , 4.6 , 4.0 , 4 , 6
2 , 4.6 , 4.0 , 4 , 6
2 , 4.6 , 4.0 , 4 , 6
2 , 4.6 , 4.0 , 4 , 6
2 , 4.58 , 4.0 , 4 , 6
2 , 4.58 , 4.0 , 4 , 6
2 , 4.58 , 4.0 , 4 , 6
2 , 4.58 , 4.0 , 4 , 6
2 , 4.58 , 4.0 , 4 , 6
2 , 4.58 , 4.0 , 4 , 6
2 , 4.56 , 4.0 , 4 , 6
2 , 4.56 , 4.0 , 4 , 6
2 , 4.52 , 4.0 , 4 , 6
2 , 4.52 , 4.0 , 4 , 6
2 , 4.52 , 4.0 , 4 , 6
2 , 4.52 , 4.0 , 4 , 6
0  Perfect solutions
perfect solution individuals []
