6 , 15.68 , 15.0 , 14 , 30
6 , 15.28 , 14.0 , 14 , 24
6 , 15.08 , 14.0 , 14 , 24
6 , 14.9 , 14.0 , 14 , 22
6 , 14.76 , 14.0 , 14 , 22
6 , 14.52 , 14.0 , 14 , 22
6 , 14.32 , 14.0 , 14 , 20
6 , 14.26 , 14.0 , 14 , 20
6 , 14.1 , 14.0 , 14 , 20
6 , 13.94 , 14.0 , 14 , 20
6 , 13.72 , 14.0 , 14 , 20
6 , 13.6 , 14.0 , 14 , 18
6 , 13.56 , 14.0 , 14 , 18
6 , 13.56 , 14.0 , 14 , 18
6 , 13.44 , 14.0 , 14 , 18
6 , 13.44 , 14.0 , 14 , 18
6 , 13.36 , 14.0 , 14 , 18
6 , 13.26 , 14.0 , 14 , 18
6 , 13.1 , 14.0 , 14 , 18
6 , 13.04 , 14.0 , 14 , 18
6 , 12.92 , 14.0 , 14 , 18
6 , 12.84 , 14.0 , 14 , 16
6 , 12.78 , 14.0 , 14 , 16
6 , 12.72 , 14.0 , 14 , 16
6 , 12.72 , 14.0 , 14 , 16
6 , 12.7 , 14.0 , 14 , 16
6 , 12.7 , 14.0 , 14 , 16
6 , 12.62 , 12.0 , 14 , 16
6 , 12.58 , 12.0 , 14 , 16
6 , 12.5 , 12.0 , 14 , 16
6 , 12.38 , 12.0 , 14 , 16
6 , 12.22 , 12.0 , 14 , 16
6 , 12.12 , 12.0 , 14 , 16
6 , 12.06 , 12.0 , 14 , 16
6 , 12.02 , 12.0 , 14 , 16
6 , 11.96 , 12.0 , 14 , 16
6 , 11.88 , 12.0 , 14 , 16
6 , 11.8 , 12.0 , 14 , 16
6 , 11.78 , 12.0 , 14 , 14
6 , 11.72 , 12.0 , 14 , 14
6 , 11.72 , 12.0 , 14 , 14
4 , 11.56 , 12.0 , 14 , 14
4 , 11.52 , 12.0 , 14 , 14
4 , 11.44 , 12.0 , 12 , 14
4 , 11.4 , 12.0 , 12 , 14
4 , 11.4 , 12.0 , 12 , 14
4 , 11.36 , 12.0 , 12 , 14
4 , 11.36 , 12.0 , 12 , 14
4 , 11.36 , 12.0 , 12 , 14
4 , 11.36 , 12.0 , 12 , 14
4 , 11.36 , 12.0 , 12 , 14
4 , 11.32 , 12.0 , 12 , 14
4 , 11.3 , 12.0 , 12 , 14
4 , 11.3 , 12.0 , 12 , 14
4 , 11.26 , 12.0 , 12 , 14
4 , 11.24 , 12.0 , 12 , 14
4 , 11.18 , 12.0 , 12 , 14
4 , 11.18 , 12.0 , 12 , 14
4 , 11.14 , 12.0 , 12 , 14
4 , 11.12 , 12.0 , 12 , 14
4 , 11.1 , 12.0 , 12 , 14
4 , 11.08 , 12.0 , 12 , 14
4 , 11.0 , 12.0 , 12 , 14
4 , 11.0 , 12.0 , 12 , 14
4 , 10.98 , 12.0 , 12 , 14
4 , 10.94 , 12.0 , 12 , 14
4 , 10.86 , 12.0 , 12 , 14
4 , 10.82 , 12.0 , 12 , 14
4 , 10.82 , 12.0 , 12 , 14
4 , 10.82 , 12.0 , 12 , 14
4 , 10.78 , 12.0 , 12 , 14
4 , 10.74 , 12.0 , 12 , 14
4 , 10.72 , 12.0 , 12 , 14
4 , 10.66 , 12.0 , 12 , 14
4 , 10.64 , 12.0 , 12 , 14
4 , 10.6 , 12.0 , 12 , 14
4 , 10.56 , 12.0 , 12 , 14
4 , 10.52 , 12.0 , 12 , 14
4 , 10.48 , 11.0 , 12 , 12
4 , 10.46 , 10.0 , 12 , 12
4 , 10.4 , 10.0 , 12 , 12
4 , 10.4 , 10.0 , 12 , 12
4 , 10.4 , 10.0 , 12 , 12
4 , 10.4 , 10.0 , 12 , 12
4 , 10.4 , 10.0 , 12 , 12
4 , 10.4 , 10.0 , 12 , 12
4 , 10.4 , 10.0 , 12 , 12
4 , 10.36 , 10.0 , 12 , 12
4 , 10.3 , 10.0 , 12 , 12
4 , 10.3 , 10.0 , 12 , 12
4 , 10.3 , 10.0 , 12 , 12
4 , 10.24 , 10.0 , 12 , 12
4 , 10.24 , 10.0 , 12 , 12
4 , 10.24 , 10.0 , 12 , 12
4 , 10.22 , 10.0 , 12 , 12
4 , 10.22 , 10.0 , 12 , 12
4 , 10.16 , 10.0 , 12 , 12
4 , 10.1 , 10.0 , 12 , 12
4 , 10.0 , 10.0 , 12 , 12
4 , 9.98 , 10.0 , 12 , 12
4 , 9.98 , 10.0 , 12 , 12
4 , 9.96 , 10.0 , 10 , 12
4 , 9.94 , 10.0 , 10 , 12
4 , 9.92 , 10.0 , 10 , 12
4 , 9.88 , 10.0 , 10 , 12
4 , 9.8 , 10.0 , 10 , 12
4 , 9.8 , 10.0 , 10 , 12
4 , 9.78 , 10.0 , 10 , 12
4 , 9.7 , 10.0 , 10 , 12
4 , 9.7 , 10.0 , 10 , 12
4 , 9.7 , 10.0 , 10 , 12
4 , 9.7 , 10.0 , 10 , 12
4 , 9.7 , 10.0 , 10 , 12
4 , 9.7 , 10.0 , 10 , 12
4 , 9.7 , 10.0 , 10 , 12
4 , 9.68 , 10.0 , 10 , 12
4 , 9.68 , 10.0 , 10 , 12
4 , 9.66 , 10.0 , 10 , 12
4 , 9.6 , 10.0 , 10 , 12
4 , 9.58 , 10.0 , 10 , 12
4 , 9.58 , 10.0 , 10 , 12
4 , 9.58 , 10.0 , 10 , 12
4 , 9.56 , 10.0 , 10 , 12
4 , 9.54 , 10.0 , 10 , 12
4 , 9.54 , 10.0 , 10 , 12
4 , 9.5 , 10.0 , 10 , 12
4 , 9.46 , 10.0 , 10 , 12
4 , 9.42 , 10.0 , 10 , 12
4 , 9.42 , 10.0 , 10 , 12
4 , 9.34 , 10.0 , 10 , 12
4 , 9.34 , 10.0 , 10 , 12
4 , 9.34 , 10.0 , 10 , 12
4 , 9.34 , 10.0 , 10 , 12
4 , 9.34 , 10.0 , 10 , 12
4 , 9.32 , 10.0 , 10 , 12
4 , 9.26 , 10.0 , 10 , 12
4 , 9.24 , 10.0 , 10 , 12
4 , 9.22 , 10.0 , 10 , 12
4 , 9.22 , 10.0 , 10 , 12
4 , 9.2 , 10.0 , 10 , 12
4 , 9.18 , 10.0 , 10 , 12
4 , 9.18 , 10.0 , 10 , 12
4 , 9.12 , 10.0 , 10 , 12
4 , 9.1 , 10.0 , 10 , 12
4 , 9.08 , 10.0 , 10 , 12
4 , 9.06 , 10.0 , 10 , 12
4 , 9.06 , 10.0 , 10 , 12
4 , 9.06 , 10.0 , 10 , 12
4 , 9.06 , 10.0 , 10 , 12
4 , 9.06 , 10.0 , 10 , 12
4 , 9.06 , 10.0 , 10 , 12
0 , 8.94 , 10.0 , 10 , 12
0 , 8.92 , 10.0 , 10 , 12
0 , 8.86 , 10.0 , 10 , 10
0 , 8.86 , 10.0 , 10 , 10
0 , 8.86 , 10.0 , 10 , 10
0 , 8.86 , 10.0 , 10 , 10
0 , 8.86 , 10.0 , 10 , 10
0 , 8.86 , 10.0 , 10 , 10
0 , 8.84 , 10.0 , 10 , 10
0 , 8.76 , 10.0 , 10 , 10
0 , 8.74 , 10.0 , 10 , 10
0 , 8.74 , 10.0 , 10 , 10
0 , 8.74 , 10.0 , 10 , 10
0 , 8.74 , 10.0 , 10 , 10
0 , 8.72 , 10.0 , 10 , 10
0 , 8.68 , 10.0 , 10 , 10
0 , 8.66 , 10.0 , 10 , 10
0 , 8.66 , 10.0 , 10 , 10
0 , 8.66 , 10.0 , 10 , 10
0 , 8.66 , 10.0 , 10 , 10
0 , 8.64 , 9.0 , 10 , 10
0 , 8.64 , 9.0 , 10 , 10
0 , 8.64 , 9.0 , 10 , 10
0 , 8.64 , 9.0 , 10 , 10
0 , 8.64 , 9.0 , 10 , 10
0 , 8.56 , 8.0 , 10 , 10
0 , 8.56 , 8.0 , 10 , 10
0 , 8.56 , 8.0 , 10 , 10
0 , 8.56 , 8.0 , 10 , 10
0 , 8.56 , 8.0 , 10 , 10
0 , 8.56 , 8.0 , 10 , 10
0 , 8.56 , 8.0 , 10 , 10
0 , 8.54 , 8.0 , 10 , 10
0 , 8.54 , 8.0 , 10 , 10
0 , 8.54 , 8.0 , 10 , 10
0 , 8.54 , 8.0 , 10 , 10
0 , 8.52 , 8.0 , 10 , 10
0 , 8.52 , 8.0 , 10 , 10
0 , 8.52 , 8.0 , 10 , 10
0 , 8.48 , 8.0 , 10 , 10
0 , 8.48 , 8.0 , 10 , 10
0 , 8.48 , 8.0 , 10 , 10
0 , 8.46 , 8.0 , 10 , 10
0 , 8.46 , 8.0 , 10 , 10
0 , 8.42 , 8.0 , 10 , 10
0 , 8.42 , 8.0 , 10 , 10
0 , 8.42 , 8.0 , 10 , 10
0 , 8.42 , 8.0 , 10 , 10
0 , 8.42 , 8.0 , 10 , 10
0 , 8.42 , 8.0 , 10 , 10
0 , 8.4 , 8.0 , 10 , 10
0 , 8.4 , 8.0 , 10 , 10
0 , 8.38 , 8.0 , 8 , 10
0 , 8.38 , 8.0 , 8 , 10
0 , 8.38 , 8.0 , 8 , 10
0 , 8.36 , 8.0 , 8 , 10
0 , 8.36 , 8.0 , 8 , 10
0 , 8.32 , 8.0 , 8 , 10
0 , 8.32 , 8.0 , 8 , 10
0 , 8.3 , 8.0 , 8 , 10
0 , 8.3 , 8.0 , 8 , 10
0 , 8.26 , 8.0 , 8 , 10
0 , 8.26 , 8.0 , 8 , 10
0 , 8.26 , 8.0 , 8 , 10
0 , 8.26 , 8.0 , 8 , 10
0 , 8.26 , 8.0 , 8 , 10
0 , 8.2 , 8.0 , 8 , 10
0 , 8.2 , 8.0 , 8 , 10
0 , 8.18 , 8.0 , 8 , 10
0 , 8.18 , 8.0 , 8 , 10
0 , 8.14 , 8.0 , 8 , 10
0 , 8.14 , 8.0 , 8 , 10
0 , 8.14 , 8.0 , 8 , 10
0 , 8.12 , 8.0 , 8 , 10
0 , 8.08 , 8.0 , 8 , 10
0 , 8.08 , 8.0 , 8 , 10
0 , 8.04 , 8.0 , 8 , 10
0 , 8.04 , 8.0 , 8 , 10
0 , 7.98 , 8.0 , 8 , 10
0 , 7.94 , 8.0 , 8 , 10
0 , 7.94 , 8.0 , 8 , 10
0 , 7.94 , 8.0 , 8 , 10
0 , 7.94 , 8.0 , 8 , 10
0 , 7.94 , 8.0 , 8 , 10
0 , 7.9 , 8.0 , 8 , 10
0 , 7.9 , 8.0 , 8 , 10
0 , 7.88 , 8.0 , 8 , 10
0 , 7.84 , 8.0 , 8 , 10
0 , 7.82 , 8.0 , 8 , 10
0 , 7.78 , 8.0 , 8 , 10
0 , 7.78 , 8.0 , 8 , 10
0 , 7.78 , 8.0 , 8 , 10
0 , 7.78 , 8.0 , 8 , 10
0 , 7.78 , 8.0 , 8 , 10
0 , 7.78 , 8.0 , 8 , 10
0 , 7.78 , 8.0 , 8 , 10
0 , 7.76 , 8.0 , 8 , 10
0 , 7.74 , 8.0 , 8 , 10
0 , 7.72 , 8.0 , 8 , 10
0 , 7.72 , 8.0 , 8 , 10
0 , 7.72 , 8.0 , 8 , 10
0 , 7.72 , 8.0 , 8 , 10
0 , 7.68 , 8.0 , 8 , 10
0 , 7.68 , 8.0 , 8 , 10
0 , 7.64 , 8.0 , 8 , 10
0 , 7.64 , 8.0 , 8 , 10
0 , 7.62 , 8.0 , 8 , 10
0 , 7.62 , 8.0 , 8 , 10
0 , 7.62 , 8.0 , 8 , 10
0 , 7.62 , 8.0 , 8 , 10
0 , 7.56 , 8.0 , 8 , 10
0 , 7.56 , 8.0 , 8 , 10
0 , 7.56 , 8.0 , 8 , 10
0 , 7.56 , 8.0 , 8 , 10
0 , 7.56 , 8.0 , 8 , 10
0 , 7.56 , 8.0 , 8 , 10
0 , 7.52 , 8.0 , 8 , 10
0 , 7.5 , 8.0 , 8 , 10
0 , 7.48 , 8.0 , 8 , 10
0 , 7.48 , 8.0 , 8 , 10
0 , 7.46 , 8.0 , 8 , 10
0 , 7.46 , 8.0 , 8 , 10
0 , 7.44 , 8.0 , 8 , 10
0 , 7.44 , 8.0 , 8 , 10
0 , 7.44 , 8.0 , 8 , 10
0 , 7.44 , 8.0 , 8 , 10
0 , 7.42 , 8.0 , 8 , 10
0 , 7.42 , 8.0 , 8 , 10
0 , 7.38 , 8.0 , 8 , 10
0 , 7.38 , 8.0 , 8 , 10
0 , 7.38 , 8.0 , 8 , 10
0 , 7.38 , 8.0 , 8 , 10
0 , 7.38 , 8.0 , 8 , 10
0 , 7.38 , 8.0 , 8 , 10
0 , 7.38 , 8.0 , 8 , 10
0 , 7.32 , 8.0 , 8 , 10
0 , 7.32 , 8.0 , 8 , 10
0 , 7.3 , 8.0 , 8 , 10
0 , 7.28 , 8.0 , 8 , 10
0 , 7.24 , 8.0 , 8 , 8
0 , 7.22 , 8.0 , 8 , 8
0 , 7.22 , 8.0 , 8 , 8
0 , 7.22 , 8.0 , 8 , 8
0 , 7.22 , 8.0 , 8 , 8
0 , 7.22 , 8.0 , 8 , 8
0 , 7.22 , 8.0 , 8 , 8
0 , 7.22 , 8.0 , 8 , 8
0 , 7.22 , 8.0 , 8 , 8
0 , 7.22 , 8.0 , 8 , 8
0 , 7.22 , 8.0 , 8 , 8
0 , 7.22 , 8.0 , 8 , 8
0 , 7.22 , 8.0 , 8 , 8
0 , 7.22 , 8.0 , 8 , 8
0 , 7.22 , 8.0 , 8 , 8
0 , 7.22 , 8.0 , 8 , 8
0 , 7.18 , 8.0 , 8 , 8
0 , 7.14 , 8.0 , 8 , 8
0 , 7.14 , 8.0 , 8 , 8
0 , 7.12 , 8.0 , 8 , 8
0 , 7.12 , 8.0 , 8 , 8
0 , 7.12 , 8.0 , 8 , 8
0 , 7.12 , 8.0 , 8 , 8
0 , 7.1 , 8.0 , 8 , 8
0 , 7.1 , 8.0 , 8 , 8
0 , 7.1 , 8.0 , 8 , 8
0 , 7.1 , 8.0 , 8 , 8
0 , 7.1 , 8.0 , 8 , 8
0 , 7.1 , 8.0 , 8 , 8
0 , 7.1 , 8.0 , 8 , 8
0 , 7.06 , 8.0 , 8 , 8
0 , 7.04 , 8.0 , 8 , 8
0 , 7.02 , 8.0 , 8 , 8
0 , 7.02 , 8.0 , 8 , 8
0 , 7.0 , 8.0 , 8 , 8
0 , 7.0 , 8.0 , 8 , 8
0 , 6.96 , 8.0 , 8 , 8
0 , 6.96 , 8.0 , 8 , 8
0 , 6.92 , 8.0 , 8 , 8
0 , 6.92 , 8.0 , 8 , 8
0 , 6.86 , 8.0 , 8 , 8
0 , 6.86 , 8.0 , 8 , 8
0 , 6.86 , 8.0 , 8 , 8
0 , 6.86 , 8.0 , 8 , 8
0 , 6.86 , 8.0 , 8 , 8
0 , 6.86 , 8.0 , 8 , 8
0 , 6.86 , 8.0 , 8 , 8
0 , 6.86 , 8.0 , 8 , 8
0 , 6.86 , 8.0 , 8 , 8
0 , 6.86 , 8.0 , 8 , 8
0 , 6.84 , 8.0 , 8 , 8
0 , 6.84 , 8.0 , 8 , 8
0 , 6.84 , 8.0 , 8 , 8
0 , 6.84 , 8.0 , 8 , 8
0 , 6.84 , 8.0 , 8 , 8
0 , 6.84 , 8.0 , 8 , 8
0 , 6.84 , 8.0 , 8 , 8
0 , 6.84 , 8.0 , 8 , 8
0 , 6.84 , 8.0 , 8 , 8
0 , 6.84 , 8.0 , 8 , 8
0 , 6.84 , 8.0 , 8 , 8
0 , 6.84 , 8.0 , 8 , 8
0 , 6.84 , 8.0 , 8 , 8
0 , 6.84 , 8.0 , 8 , 8
0 , 6.82 , 8.0 , 8 , 8
0 , 6.82 , 8.0 , 8 , 8
0 , 6.82 , 8.0 , 8 , 8
0 , 6.82 , 8.0 , 8 , 8
0 , 6.82 , 8.0 , 8 , 8
0 , 6.82 , 8.0 , 8 , 8
0 , 6.82 , 8.0 , 8 , 8
0 , 6.82 , 8.0 , 8 , 8
0 , 6.82 , 8.0 , 8 , 8
0 , 6.82 , 8.0 , 8 , 8
0 , 6.82 , 8.0 , 8 , 8
0 , 6.82 , 8.0 , 8 , 8
0 , 6.82 , 8.0 , 8 , 8
0 , 6.82 , 8.0 , 8 , 8
0 , 6.82 , 8.0 , 8 , 8
0 , 6.82 , 8.0 , 8 , 8
0 , 6.82 , 8.0 , 8 , 8
0 , 6.82 , 8.0 , 8 , 8
0 , 6.82 , 8.0 , 8 , 8
0 , 6.82 , 8.0 , 8 , 8
0 , 6.82 , 8.0 , 8 , 8
0 , 6.82 , 8.0 , 8 , 8
0 , 6.82 , 8.0 , 8 , 8
0 , 6.82 , 8.0 , 8 , 8
0 , 6.82 , 8.0 , 8 , 8
0 , 6.82 , 8.0 , 8 , 8
0 , 6.82 , 8.0 , 8 , 8
0 , 6.82 , 8.0 , 8 , 8
0 , 6.82 , 8.0 , 8 , 8
0 , 6.82 , 8.0 , 8 , 8
0 , 6.82 , 8.0 , 8 , 8
0 , 6.82 , 8.0 , 8 , 8
0 , 6.78 , 8.0 , 8 , 8
0 , 6.78 , 8.0 , 8 , 8
0 , 6.76 , 8.0 , 8 , 8
0 , 6.76 , 8.0 , 8 , 8
0 , 6.76 , 8.0 , 8 , 8
0 , 6.76 , 8.0 , 8 , 8
0 , 6.76 , 8.0 , 8 , 8
0 , 6.76 , 8.0 , 8 , 8
0 , 6.76 , 8.0 , 8 , 8
0 , 6.76 , 8.0 , 8 , 8
0 , 6.76 , 8.0 , 8 , 8
0 , 6.76 , 8.0 , 8 , 8
0 , 6.76 , 8.0 , 8 , 8
0 , 6.76 , 8.0 , 8 , 8
0 , 6.76 , 8.0 , 8 , 8
0 , 6.76 , 8.0 , 8 , 8
0 , 6.76 , 8.0 , 8 , 8
0 , 6.76 , 8.0 , 8 , 8
0 , 6.76 , 8.0 , 8 , 8
0 , 6.76 , 8.0 , 8 , 8
0 , 6.76 , 8.0 , 8 , 8
0 , 6.76 , 8.0 , 8 , 8
0 , 6.76 , 8.0 , 8 , 8
0 , 6.76 , 8.0 , 8 , 8
0 , 6.76 , 8.0 , 8 , 8
0 , 6.76 , 8.0 , 8 , 8
0 , 6.76 , 8.0 , 8 , 8
0 , 6.76 , 8.0 , 8 , 8
0 , 6.74 , 8.0 , 8 , 8
0 , 6.7 , 8.0 , 8 , 8
0 , 6.7 , 8.0 , 8 , 8
0 , 6.7 , 8.0 , 8 , 8
0 , 6.7 , 8.0 , 8 , 8
0 , 6.7 , 8.0 , 8 , 8
0 , 6.7 , 8.0 , 8 , 8
0 , 6.7 , 8.0 , 8 , 8
0 , 6.7 , 8.0 , 8 , 8
0 , 6.7 , 8.0 , 8 , 8
0 , 6.68 , 7.0 , 8 , 8
0 , 6.68 , 7.0 , 8 , 8
0 , 6.68 , 7.0 , 8 , 8
0 , 6.66 , 6.0 , 8 , 8
0 , 6.66 , 6.0 , 8 , 8
0 , 6.62 , 6.0 , 8 , 8
0 , 6.62 , 6.0 , 8 , 8
0 , 6.6 , 6.0 , 8 , 8
0 , 6.6 , 6.0 , 8 , 8
0 , 6.6 , 6.0 , 8 , 8
0 , 6.6 , 6.0 , 8 , 8
0 , 6.56 , 6.0 , 8 , 8
0 , 6.56 , 6.0 , 8 , 8
0 , 6.56 , 6.0 , 8 , 8
0 , 6.56 , 6.0 , 8 , 8
0 , 6.56 , 6.0 , 8 , 8
0 , 6.56 , 6.0 , 8 , 8
0 , 6.56 , 6.0 , 8 , 8
0 , 6.56 , 6.0 , 8 , 8
0 , 6.56 , 6.0 , 8 , 8
0 , 6.56 , 6.0 , 8 , 8
0 , 6.52 , 6.0 , 8 , 8
0 , 6.52 , 6.0 , 8 , 8
0 , 6.52 , 6.0 , 8 , 8
0 , 6.5 , 6.0 , 8 , 8
0 , 6.5 , 6.0 , 8 , 8
0 , 6.5 , 6.0 , 8 , 8
0 , 6.5 , 6.0 , 8 , 8
0 , 6.5 , 6.0 , 8 , 8
0 , 6.5 , 6.0 , 8 , 8
0 , 6.5 , 6.0 , 8 , 8
0 , 6.5 , 6.0 , 8 , 8
0 , 6.5 , 6.0 , 8 , 8
0 , 6.5 , 6.0 , 8 , 8
0 , 6.5 , 6.0 , 8 , 8
0 , 6.48 , 6.0 , 8 , 8
0 , 6.46 , 6.0 , 8 , 8
0 , 6.44 , 6.0 , 6 , 8
0 , 6.44 , 6.0 , 6 , 8
0 , 6.44 , 6.0 , 6 , 8
0 , 6.44 , 6.0 , 6 , 8
0 , 6.4 , 6.0 , 6 , 8
0 , 6.4 , 6.0 , 6 , 8
0 , 6.4 , 6.0 , 6 , 8
0 , 6.4 , 6.0 , 6 , 8
0 , 6.4 , 6.0 , 6 , 8
0 , 6.36 , 6.0 , 6 , 8
0 , 6.36 , 6.0 , 6 , 8
0 , 6.36 , 6.0 , 6 , 8
0 , 6.36 , 6.0 , 6 , 8
0 , 6.36 , 6.0 , 6 , 8
0 , 6.36 , 6.0 , 6 , 8
0 , 6.34 , 6.0 , 6 , 8
0 , 6.34 , 6.0 , 6 , 8
0 , 6.34 , 6.0 , 6 , 8
0 , 6.34 , 6.0 , 6 , 8
0 , 6.34 , 6.0 , 6 , 8
0 , 6.34 , 6.0 , 6 , 8
0 , 6.32 , 6.0 , 6 , 8
0 , 6.3 , 6.0 , 6 , 8
0 , 6.28 , 6.0 , 6 , 8
0 , 6.24 , 6.0 , 6 , 8
0 , 6.24 , 6.0 , 6 , 8
0 , 6.24 , 6.0 , 6 , 8
0 , 6.22 , 6.0 , 6 , 8
0 , 6.22 , 6.0 , 6 , 8
0 , 6.22 , 6.0 , 6 , 8
0 , 6.22 , 6.0 , 6 , 8
0 , 6.2 , 6.0 , 6 , 8
0 , 6.2 , 6.0 , 6 , 8
0 , 6.2 , 6.0 , 6 , 8
0 , 6.2 , 6.0 , 6 , 8
0 , 6.2 , 6.0 , 6 , 8
0 , 6.2 , 6.0 , 6 , 8
0 , 6.2 , 6.0 , 6 , 8
0 , 6.2 , 6.0 , 6 , 8
0 , 6.18 , 6.0 , 6 , 8
0 , 6.18 , 6.0 , 6 , 8
0 , 6.16 , 6.0 , 6 , 8
0 , 6.16 , 6.0 , 6 , 8
0 , 6.16 , 6.0 , 6 , 8
0 , 6.16 , 6.0 , 6 , 8
0 , 6.12 , 6.0 , 6 , 8
0 , 6.1 , 6.0 , 6 , 8
0 , 6.1 , 6.0 , 6 , 8
0 , 6.1 , 6.0 , 6 , 8
0 , 6.1 , 6.0 , 6 , 8
0 , 6.1 , 6.0 , 6 , 8
0 , 6.06 , 6.0 , 6 , 8
0 , 6.06 , 6.0 , 6 , 8
0 , 6.06 , 6.0 , 6 , 8
0 , 6.06 , 6.0 , 6 , 8
0 , 6.06 , 6.0 , 6 , 8
0 , 6.06 , 6.0 , 6 , 8
0 , 6.04 , 6.0 , 6 , 8
0 , 6.04 , 6.0 , 6 , 8
0 , 6.04 , 6.0 , 6 , 8
0 , 6.04 , 6.0 , 6 , 8
0 , 6.04 , 6.0 , 6 , 8
0 , 6.0 , 6.0 , 6 , 8
0 , 5.96 , 6.0 , 6 , 8
0 , 5.96 , 6.0 , 6 , 8
0 , 5.96 , 6.0 , 6 , 8
0 , 5.94 , 6.0 , 6 , 8
0 , 5.94 , 6.0 , 6 , 8
0 , 5.92 , 6.0 , 6 , 8
0 , 5.92 , 6.0 , 6 , 8
0 , 5.92 , 6.0 , 6 , 8
0 , 5.92 , 6.0 , 6 , 8
0 , 5.92 , 6.0 , 6 , 8
0 , 5.88 , 6.0 , 6 , 8
0 , 5.88 , 6.0 , 6 , 8
0 , 5.88 , 6.0 , 6 , 8
0 , 5.86 , 6.0 , 6 , 8
0 , 5.86 , 6.0 , 6 , 8
0 , 5.86 , 6.0 , 6 , 8
0 , 5.86 , 6.0 , 6 , 8
0 , 5.78 , 6.0 , 6 , 8
0 , 5.74 , 6.0 , 6 , 8
0 , 5.74 , 6.0 , 6 , 8
0 , 5.74 , 6.0 , 6 , 8
0 , 5.7 , 6.0 , 6 , 8
0 , 5.7 , 6.0 , 6 , 8
0 , 5.7 , 6.0 , 6 , 8
0 , 5.7 , 6.0 , 6 , 8
0 , 5.7 , 6.0 , 6 , 8
0 , 5.7 , 6.0 , 6 , 8
0 , 5.7 , 6.0 , 6 , 8
0 , 5.68 , 6.0 , 6 , 8
0 , 5.66 , 6.0 , 6 , 8
0 , 5.66 , 6.0 , 6 , 8
0 , 5.64 , 6.0 , 6 , 8
0 , 5.62 , 6.0 , 6 , 8
0 , 5.62 , 6.0 , 6 , 8
0 , 5.6 , 6.0 , 6 , 8
0 , 5.6 , 6.0 , 6 , 8
0 , 5.6 , 6.0 , 6 , 8
0 , 5.6 , 6.0 , 6 , 8
0 , 5.6 , 6.0 , 6 , 8
0 , 5.6 , 6.0 , 6 , 8
0 , 5.58 , 6.0 , 6 , 8
0 , 5.58 , 6.0 , 6 , 8
0 , 5.58 , 6.0 , 6 , 8
0 , 5.58 , 6.0 , 6 , 8
0 , 5.54 , 6.0 , 6 , 8
0 , 5.54 , 6.0 , 6 , 8
0 , 5.54 , 6.0 , 6 , 8
0 , 5.54 , 6.0 , 6 , 8
0 , 5.54 , 6.0 , 6 , 8
0 , 5.54 , 6.0 , 6 , 8
0 , 5.54 , 6.0 , 6 , 8
0 , 5.54 , 6.0 , 6 , 8
0 , 5.54 , 6.0 , 6 , 8
0 , 5.54 , 6.0 , 6 , 8
0 , 5.52 , 6.0 , 6 , 8
0 , 5.5 , 6.0 , 6 , 8
0 , 5.5 , 6.0 , 6 , 8
0 , 5.5 , 6.0 , 6 , 8
0 , 5.48 , 6.0 , 6 , 8
0 , 5.48 , 6.0 , 6 , 8
0 , 5.48 , 6.0 , 6 , 8
0 , 5.48 , 6.0 , 6 , 8
0 , 5.48 , 6.0 , 6 , 8
0 , 5.48 , 6.0 , 6 , 8
0 , 5.46 , 6.0 , 6 , 8
0 , 5.44 , 6.0 , 6 , 8
0 , 5.44 , 6.0 , 6 , 8
0 , 5.44 , 6.0 , 6 , 8
0 , 5.44 , 6.0 , 6 , 8
0 , 5.38 , 6.0 , 6 , 8
0 , 5.38 , 6.0 , 6 , 8
0 , 5.36 , 6.0 , 6 , 8
0 , 5.36 , 6.0 , 6 , 8
0 , 5.36 , 6.0 , 6 , 8
0 , 5.36 , 6.0 , 6 , 8
0 , 5.36 , 6.0 , 6 , 8
0 , 5.36 , 6.0 , 6 , 8
0 , 5.36 , 6.0 , 6 , 8
0 , 5.36 , 6.0 , 6 , 8
0 , 5.36 , 6.0 , 6 , 8
0 , 5.36 , 6.0 , 6 , 8
0 , 5.36 , 6.0 , 6 , 8
0 , 5.34 , 6.0 , 6 , 6
0 , 5.34 , 6.0 , 6 , 6
0 , 5.34 , 6.0 , 6 , 6
0 , 5.34 , 6.0 , 6 , 6
0 , 5.34 , 6.0 , 6 , 6
0 , 5.34 , 6.0 , 6 , 6
0 , 5.34 , 6.0 , 6 , 6
0 , 5.34 , 6.0 , 6 , 6
0 , 5.32 , 6.0 , 6 , 6
0 , 5.32 , 6.0 , 6 , 6
0 , 5.32 , 6.0 , 6 , 6
0 , 5.32 , 6.0 , 6 , 6
0 , 5.32 , 6.0 , 6 , 6
0 , 5.32 , 6.0 , 6 , 6
0 , 5.32 , 6.0 , 6 , 6
0 , 5.32 , 6.0 , 6 , 6
0 , 5.3 , 6.0 , 6 , 6
0 , 5.28 , 6.0 , 6 , 6
0 , 5.28 , 6.0 , 6 , 6
0 , 5.28 , 6.0 , 6 , 6
0 , 5.28 , 6.0 , 6 , 6
0 , 5.28 , 6.0 , 6 , 6
0 , 5.28 , 6.0 , 6 , 6
0 , 5.28 , 6.0 , 6 , 6
0 , 5.28 , 6.0 , 6 , 6
0 , 5.28 , 6.0 , 6 , 6
0 , 5.28 , 6.0 , 6 , 6
0 , 5.28 , 6.0 , 6 , 6
0 , 5.28 , 6.0 , 6 , 6
0 , 5.28 , 6.0 , 6 , 6
0 , 5.28 , 6.0 , 6 , 6
0 , 5.28 , 6.0 , 6 , 6
0 , 5.28 , 6.0 , 6 , 6
0 , 5.28 , 6.0 , 6 , 6
0 , 5.24 , 6.0 , 6 , 6
0 , 5.24 , 6.0 , 6 , 6
0 , 5.22 , 6.0 , 6 , 6
0 , 5.22 , 6.0 , 6 , 6
0 , 5.22 , 6.0 , 6 , 6
0 , 5.22 , 6.0 , 6 , 6
0 , 5.22 , 6.0 , 6 , 6
0 , 5.22 , 6.0 , 6 , 6
0 , 5.22 , 6.0 , 6 , 6
0 , 5.22 , 6.0 , 6 , 6
0 , 5.22 , 6.0 , 6 , 6
0 , 5.22 , 6.0 , 6 , 6
0 , 5.22 , 6.0 , 6 , 6
0 , 5.22 , 6.0 , 6 , 6
0 , 5.2 , 6.0 , 6 , 6
0 , 5.2 , 6.0 , 6 , 6
0 , 5.2 , 6.0 , 6 , 6
0 , 5.16 , 6.0 , 6 , 6
0 , 5.16 , 6.0 , 6 , 6
0 , 5.16 , 6.0 , 6 , 6
0 , 5.16 , 6.0 , 6 , 6
0 , 5.16 , 6.0 , 6 , 6
0 , 5.16 , 6.0 , 6 , 6
0 , 5.16 , 6.0 , 6 , 6
0 , 5.16 , 6.0 , 6 , 6
0 , 5.16 , 6.0 , 6 , 6
0 , 5.16 , 6.0 , 6 , 6
0 , 5.16 , 6.0 , 6 , 6
0 , 5.16 , 6.0 , 6 , 6
0 , 5.16 , 6.0 , 6 , 6
0 , 5.16 , 6.0 , 6 , 6
0 , 5.16 , 6.0 , 6 , 6
0 , 5.16 , 6.0 , 6 , 6
0 , 5.16 , 6.0 , 6 , 6
0 , 5.16 , 6.0 , 6 , 6
0 , 5.16 , 6.0 , 6 , 6
0 , 5.16 , 6.0 , 6 , 6
0 , 5.16 , 6.0 , 6 , 6
0 , 5.16 , 6.0 , 6 , 6
0 , 5.16 , 6.0 , 6 , 6
0 , 5.16 , 6.0 , 6 , 6
0 , 5.16 , 6.0 , 6 , 6
0 , 5.16 , 6.0 , 6 , 6
0 , 5.14 , 6.0 , 6 , 6
0 , 5.14 , 6.0 , 6 , 6
0 , 5.14 , 6.0 , 6 , 6
0 , 5.14 , 6.0 , 6 , 6
0 , 5.14 , 6.0 , 6 , 6
0 , 5.14 , 6.0 , 6 , 6
0 , 5.14 , 6.0 , 6 , 6
0 , 5.14 , 6.0 , 6 , 6
0 , 5.14 , 6.0 , 6 , 6
0 , 5.14 , 6.0 , 6 , 6
0 , 5.14 , 6.0 , 6 , 6
0 , 5.12 , 6.0 , 6 , 6
0 , 5.12 , 6.0 , 6 , 6
0 , 5.12 , 6.0 , 6 , 6
0 , 5.12 , 6.0 , 6 , 6
0 , 5.12 , 6.0 , 6 , 6
0 , 5.12 , 6.0 , 6 , 6
0 , 5.12 , 6.0 , 6 , 6
0 , 5.12 , 6.0 , 6 , 6
0 , 5.12 , 6.0 , 6 , 6
0 , 5.12 , 6.0 , 6 , 6
0 , 5.12 , 6.0 , 6 , 6
0 , 5.12 , 6.0 , 6 , 6
0 , 5.1 , 6.0 , 6 , 6
0 , 5.1 , 6.0 , 6 , 6
0 , 5.1 , 6.0 , 6 , 6
0 , 5.1 , 6.0 , 6 , 6
0 , 5.1 , 6.0 , 6 , 6
0 , 5.1 , 6.0 , 6 , 6
0 , 5.1 , 6.0 , 6 , 6
0 , 5.1 , 6.0 , 6 , 6
0 , 5.1 , 6.0 , 6 , 6
0 , 5.1 , 6.0 , 6 , 6
0 , 5.1 , 6.0 , 6 , 6
0 , 5.08 , 6.0 , 6 , 6
0 , 5.08 , 6.0 , 6 , 6
0 , 5.08 , 6.0 , 6 , 6
0 , 5.08 , 6.0 , 6 , 6
0 , 5.08 , 6.0 , 6 , 6
0 , 5.08 , 6.0 , 6 , 6
0 , 5.08 , 6.0 , 6 , 6
0 , 5.06 , 6.0 , 6 , 6
0 , 5.06 , 6.0 , 6 , 6
0 , 5.06 , 6.0 , 6 , 6
0 , 5.06 , 6.0 , 6 , 6
0 , 5.06 , 6.0 , 6 , 6
0 , 5.06 , 6.0 , 6 , 6
0 , 5.06 , 6.0 , 6 , 6
0 , 5.06 , 6.0 , 6 , 6
0 , 5.06 , 6.0 , 6 , 6
0 , 5.06 , 6.0 , 6 , 6
0 , 5.06 , 6.0 , 6 , 6
0 , 5.06 , 6.0 , 6 , 6
0 , 5.04 , 6.0 , 6 , 6
0 , 5.04 , 6.0 , 6 , 6
0 , 5.04 , 6.0 , 6 , 6
0 , 5.04 , 6.0 , 6 , 6
0 , 5.02 , 6.0 , 6 , 6
0 , 5.02 , 6.0 , 6 , 6
0 , 5.02 , 6.0 , 6 , 6
0 , 5.02 , 6.0 , 6 , 6
0 , 5.02 , 6.0 , 6 , 6
0 , 5.02 , 6.0 , 6 , 6
0 , 5.02 , 6.0 , 6 , 6
0 , 5.02 , 6.0 , 6 , 6
0 , 4.98 , 6.0 , 6 , 6
0 , 4.94 , 6.0 , 6 , 6
0 , 4.94 , 6.0 , 6 , 6
0 , 4.94 , 6.0 , 6 , 6
0 , 4.94 , 6.0 , 6 , 6
0 , 4.94 , 6.0 , 6 , 6
0 , 4.88 , 6.0 , 6 , 6
0 , 4.88 , 6.0 , 6 , 6
0 , 4.86 , 6.0 , 6 , 6
0 , 4.84 , 5.0 , 6 , 6
0 , 4.84 , 5.0 , 6 , 6
0 , 4.84 , 5.0 , 6 , 6
0 , 4.84 , 5.0 , 6 , 6
0 , 4.84 , 5.0 , 6 , 6
0 , 4.84 , 5.0 , 6 , 6
0 , 4.84 , 5.0 , 6 , 6
0 , 4.84 , 5.0 , 6 , 6
0 , 4.84 , 5.0 , 6 , 6
0 , 4.82 , 4.0 , 6 , 6
0 , 4.82 , 4.0 , 6 , 6
0 , 4.82 , 4.0 , 6 , 6
0 , 4.82 , 4.0 , 6 , 6
0 , 4.82 , 4.0 , 6 , 6
0 , 4.82 , 4.0 , 6 , 6
0 , 4.8 , 4.0 , 6 , 6
0 , 4.8 , 4.0 , 6 , 6
0 , 4.78 , 4.0 , 4 , 6
0 , 4.78 , 4.0 , 4 , 6
0 , 4.78 , 4.0 , 4 , 6
0 , 4.78 , 4.0 , 4 , 6
0 , 4.78 , 4.0 , 4 , 6
0 , 4.78 , 4.0 , 4 , 6
0 , 4.78 , 4.0 , 4 , 6
0 , 4.78 , 4.0 , 4 , 6
0 , 4.78 , 4.0 , 4 , 6
0 , 4.78 , 4.0 , 4 , 6
0 , 4.76 , 4.0 , 4 , 6
0 , 4.76 , 4.0 , 4 , 6
0 , 4.76 , 4.0 , 4 , 6
0 , 4.76 , 4.0 , 4 , 6
0 , 4.76 , 4.0 , 4 , 6
0 , 4.76 , 4.0 , 4 , 6
0 , 4.76 , 4.0 , 4 , 6
0 , 4.76 , 4.0 , 4 , 6
0 , 4.76 , 4.0 , 4 , 6
0 , 4.74 , 4.0 , 4 , 6
0 , 4.72 , 4.0 , 4 , 6
0 , 4.72 , 4.0 , 4 , 6
0 , 4.72 , 4.0 , 4 , 6
0 , 4.72 , 4.0 , 4 , 6
0 , 4.72 , 4.0 , 4 , 6
0 , 4.72 , 4.0 , 4 , 6
0 , 4.72 , 4.0 , 4 , 6
0 , 4.72 , 4.0 , 4 , 6
0 , 4.72 , 4.0 , 4 , 6
0 , 4.7 , 4.0 , 4 , 6
0 , 4.7 , 4.0 , 4 , 6
0 , 4.7 , 4.0 , 4 , 6
0 , 4.7 , 4.0 , 4 , 6
0 , 4.7 , 4.0 , 4 , 6
0 , 4.68 , 4.0 , 4 , 6
0 , 4.68 , 4.0 , 4 , 6
0 , 4.68 , 4.0 , 4 , 6
0 , 4.68 , 4.0 , 4 , 6
0 , 4.68 , 4.0 , 4 , 6
0 , 4.68 , 4.0 , 4 , 6
0 , 4.68 , 4.0 , 4 , 6
0 , 4.68 , 4.0 , 4 , 6
0 , 4.68 , 4.0 , 4 , 6
0 , 4.68 , 4.0 , 4 , 6
0 , 4.66 , 4.0 , 4 , 6
0 , 4.64 , 4.0 , 4 , 6
0 , 4.64 , 4.0 , 4 , 6
0 , 4.64 , 4.0 , 4 , 6
0 , 4.64 , 4.0 , 4 , 6
0 , 4.64 , 4.0 , 4 , 6
0 , 4.64 , 4.0 , 4 , 6
0 , 4.64 , 4.0 , 4 , 6
0 , 4.64 , 4.0 , 4 , 6
0 , 4.64 , 4.0 , 4 , 6
0 , 4.64 , 4.0 , 4 , 6
0 , 4.64 , 4.0 , 4 , 6
0 , 4.64 , 4.0 , 4 , 6
0 , 4.64 , 4.0 , 4 , 6
0 , 4.64 , 4.0 , 4 , 6
0 , 4.64 , 4.0 , 4 , 6
0 , 4.64 , 4.0 , 4 , 6
0 , 4.64 , 4.0 , 4 , 6
0 , 4.64 , 4.0 , 4 , 6
0 , 4.64 , 4.0 , 4 , 6
0 , 4.64 , 4.0 , 4 , 6
0 , 4.64 , 4.0 , 4 , 6
0 , 4.64 , 4.0 , 4 , 6
0 , 4.64 , 4.0 , 4 , 6
0 , 4.62 , 4.0 , 4 , 6
0 , 4.62 , 4.0 , 4 , 6
0 , 4.62 , 4.0 , 4 , 6
0 , 4.62 , 4.0 , 4 , 6
0 , 4.62 , 4.0 , 4 , 6
0 , 4.62 , 4.0 , 4 , 6
0 , 4.62 , 4.0 , 4 , 6
0 , 4.62 , 4.0 , 4 , 6
0 , 4.62 , 4.0 , 4 , 6
0 , 4.62 , 4.0 , 4 , 6
0 , 4.62 , 4.0 , 4 , 6
0 , 4.62 , 4.0 , 4 , 6
0 , 4.62 , 4.0 , 4 , 6
0 , 4.6 , 4.0 , 4 , 6
0 , 4.6 , 4.0 , 4 , 6
0 , 4.58 , 4.0 , 4 , 6
0 , 4.58 , 4.0 , 4 , 6
0 , 4.56 , 4.0 , 4 , 6
0 , 4.56 , 4.0 , 4 , 6
0 , 4.56 , 4.0 , 4 , 6
0 , 4.56 , 4.0 , 4 , 6
0 , 4.56 , 4.0 , 4 , 6
0 , 4.56 , 4.0 , 4 , 6
0 , 4.56 , 4.0 , 4 , 6
0 , 4.56 , 4.0 , 4 , 6
0 , 4.56 , 4.0 , 4 , 6
0 , 4.56 , 4.0 , 4 , 6
0 , 4.56 , 4.0 , 4 , 6
0 , 4.56 , 4.0 , 4 , 6
0 , 4.52 , 4.0 , 4 , 6
0 , 4.52 , 4.0 , 4 , 6
0 , 4.52 , 4.0 , 4 , 6
0 , 4.52 , 4.0 , 4 , 6
0 , 4.52 , 4.0 , 4 , 6
0 , 4.52 , 4.0 , 4 , 6
0 , 4.52 , 4.0 , 4 , 6
0 , 4.52 , 4.0 , 4 , 6
0 , 4.52 , 4.0 , 4 , 6
0 , 4.5 , 4.0 , 4 , 6
0 , 4.5 , 4.0 , 4 , 6
0 , 4.5 , 4.0 , 4 , 6
0 , 4.5 , 4.0 , 4 , 6
0 , 4.5 , 4.0 , 4 , 6
0 , 4.48 , 4.0 , 4 , 6
0 , 4.46 , 4.0 , 4 , 6
0 , 4.44 , 4.0 , 4 , 6
0 , 4.44 , 4.0 , 4 , 6
0 , 4.44 , 4.0 , 4 , 6
0 , 4.42 , 4.0 , 4 , 6
0 , 4.42 , 4.0 , 4 , 6
0 , 4.42 , 4.0 , 4 , 6
0 , 4.42 , 4.0 , 4 , 6
0 , 4.4 , 4.0 , 4 , 6
0 , 4.4 , 4.0 , 4 , 6
0 , 4.4 , 4.0 , 4 , 6
0 , 4.4 , 4.0 , 4 , 6
0 , 4.4 , 4.0 , 4 , 6
0 , 4.38 , 4.0 , 4 , 6
0 , 4.38 , 4.0 , 4 , 6
0 , 4.38 , 4.0 , 4 , 6
0 , 4.38 , 4.0 , 4 , 6
0 , 4.38 , 4.0 , 4 , 6
0 , 4.38 , 4.0 , 4 , 6
0 , 4.36 , 4.0 , 4 , 6
0 , 4.36 , 4.0 , 4 , 6
0 , 4.36 , 4.0 , 4 , 6
0 , 4.36 , 4.0 , 4 , 6
0 , 4.36 , 4.0 , 4 , 6
0 , 4.34 , 4.0 , 4 , 6
0 , 4.34 , 4.0 , 4 , 6
0 , 4.32 , 4.0 , 4 , 6
0 , 4.32 , 4.0 , 4 , 6
0 , 4.3 , 4.0 , 4 , 6
0 , 4.3 , 4.0 , 4 , 6
0 , 4.28 , 4.0 , 4 , 6
0 , 4.28 , 4.0 , 4 , 6
0 , 4.28 , 4.0 , 4 , 6
0 , 4.28 , 4.0 , 4 , 6
0 , 4.28 , 4.0 , 4 , 6
0 , 4.28 , 4.0 , 4 , 6
0 , 4.28 , 4.0 , 4 , 6
0 , 4.28 , 4.0 , 4 , 6
0 , 4.28 , 4.0 , 4 , 6
0 , 4.28 , 4.0 , 4 , 6
0 , 4.28 , 4.0 , 4 , 6
0 , 4.28 , 4.0 , 4 , 6
0 , 4.28 , 4.0 , 4 , 6
0 , 4.28 , 4.0 , 4 , 6
0 , 4.28 , 4.0 , 4 , 6
0 , 4.28 , 4.0 , 4 , 6
0 , 4.28 , 4.0 , 4 , 6
0 , 4.28 , 4.0 , 4 , 6
0 , 4.28 , 4.0 , 4 , 6
0 , 4.28 , 4.0 , 4 , 6
0 , 4.28 , 4.0 , 4 , 6
0 , 4.28 , 4.0 , 4 , 6
0 , 4.26 , 4.0 , 4 , 6
0 , 4.26 , 4.0 , 4 , 6
0 , 4.26 , 4.0 , 4 , 6
0 , 4.26 , 4.0 , 4 , 6
0 , 4.26 , 4.0 , 4 , 6
0 , 4.24 , 4.0 , 4 , 6
0 , 4.24 , 4.0 , 4 , 6
0 , 4.24 , 4.0 , 4 , 6
0 , 4.24 , 4.0 , 4 , 6
0 , 4.24 , 4.0 , 4 , 6
0 , 4.24 , 4.0 , 4 , 6
0 , 4.24 , 4.0 , 4 , 6
0 , 4.24 , 4.0 , 4 , 6
0 , 4.24 , 4.0 , 4 , 6
0 , 4.22 , 4.0 , 4 , 6
0 , 4.22 , 4.0 , 4 , 6
0 , 4.22 , 4.0 , 4 , 6
0 , 4.22 , 4.0 , 4 , 6
0 , 4.22 , 4.0 , 4 , 6
0 , 4.22 , 4.0 , 4 , 6
0 , 4.2 , 4.0 , 4 , 6
0 , 4.14 , 4.0 , 4 , 6
0 , 4.12 , 4.0 , 4 , 6
0 , 4.12 , 4.0 , 4 , 6
0 , 4.12 , 4.0 , 4 , 6
0 , 4.12 , 4.0 , 4 , 6
0 , 4.1 , 4.0 , 4 , 6
0 , 4.1 , 4.0 , 4 , 6
0 , 4.1 , 4.0 , 4 , 6
0 , 4.1 , 4.0 , 4 , 6
0 , 4.1 , 4.0 , 4 , 6
0 , 4.1 , 4.0 , 4 , 6
0 , 4.1 , 4.0 , 4 , 6
0 , 4.08 , 4.0 , 4 , 6
0 , 4.08 , 4.0 , 4 , 6
0 , 4.08 , 4.0 , 4 , 6
0 , 4.08 , 4.0 , 4 , 6
0 , 4.08 , 4.0 , 4 , 6
0 , 4.08 , 4.0 , 4 , 6
0 , 4.08 , 4.0 , 4 , 6
0 , 4.08 , 4.0 , 4 , 6
0 , 4.08 , 4.0 , 4 , 6
0 , 4.08 , 4.0 , 4 , 6
0 , 4.08 , 4.0 , 4 , 6
0 , 4.08 , 4.0 , 4 , 6
0 , 4.08 , 4.0 , 4 , 6
0 , 4.08 , 4.0 , 4 , 6
0 , 4.08 , 4.0 , 4 , 6
0 , 4.08 , 4.0 , 4 , 6
0 , 4.08 , 4.0 , 4 , 6
0 , 4.06 , 4.0 , 4 , 6
0 , 4.06 , 4.0 , 4 , 6
0 , 4.06 , 4.0 , 4 , 6
0 , 4.06 , 4.0 , 4 , 6
0 , 4.06 , 4.0 , 4 , 6
0 , 4.06 , 4.0 , 4 , 6
0 , 4.06 , 4.0 , 4 , 6
0 , 4.06 , 4.0 , 4 , 6
0 , 4.06 , 4.0 , 4 , 6
0 , 4.06 , 4.0 , 4 , 6
0 , 4.06 , 4.0 , 4 , 6
0 , 4.04 , 4.0 , 4 , 6
4  Perfect solutions
perfect solution individuals [[4, 1, 3, 5, 7, 2, 0, 6], [4, 1, 3, 5, 7, 2, 0, 6], [4, 1, 3, 5, 7, 2, 0, 6], [4, 1, 3, 5, 7, 2, 0, 6]]
