6 , 14.82 , 14.0 , 14 , 26
6 , 14.64 , 14.0 , 14 , 24
6 , 14.52 , 14.0 , 14 , 24
6 , 14.28 , 14.0 , 14 , 24
6 , 14.16 , 14.0 , 14 , 24
6 , 13.94 , 14.0 , 14 , 22
6 , 13.8 , 14.0 , 14 , 22
6 , 13.62 , 14.0 , 14 , 20
6 , 13.56 , 14.0 , 14 , 20
6 , 13.42 , 14.0 , 14 , 20
6 , 13.26 , 14.0 , 14 , 20
6 , 13.16 , 14.0 , 14 , 18
4 , 12.96 , 14.0 , 14 , 18
4 , 12.96 , 14.0 , 14 , 18
4 , 12.96 , 14.0 , 14 , 18
4 , 12.82 , 14.0 , 14 , 18
4 , 12.68 , 14.0 , 14 , 18
4 , 12.52 , 12.0 , 14 , 18
4 , 12.44 , 12.0 , 14 , 16
4 , 12.36 , 12.0 , 14 , 16
4 , 12.28 , 12.0 , 14 , 16
4 , 12.24 , 12.0 , 14 , 16
4 , 12.14 , 12.0 , 14 , 16
4 , 12.06 , 12.0 , 14 , 16
4 , 12.02 , 12.0 , 14 , 16
4 , 11.88 , 12.0 , 14 , 16
4 , 11.84 , 12.0 , 14 , 16
4 , 11.7 , 12.0 , 14 , 16
4 , 11.62 , 12.0 , 14 , 16
4 , 11.58 , 12.0 , 14 , 14
4 , 11.58 , 12.0 , 14 , 14
4 , 11.56 , 12.0 , 14 , 14
4 , 11.48 , 12.0 , 14 , 14
4 , 11.34 , 12.0 , 12 , 14
4 , 11.3 , 12.0 , 12 , 14
4 , 11.22 , 12.0 , 12 , 14
4 , 11.2 , 12.0 , 12 , 14
4 , 11.1 , 12.0 , 12 , 14
4 , 11.1 , 12.0 , 12 , 14
4 , 11.02 , 12.0 , 12 , 14
4 , 10.98 , 12.0 , 12 , 14
4 , 10.94 , 12.0 , 12 , 14
4 , 10.92 , 12.0 , 12 , 14
4 , 10.86 , 12.0 , 12 , 14
4 , 10.86 , 12.0 , 12 , 14
4 , 10.84 , 12.0 , 12 , 14
4 , 10.84 , 12.0 , 12 , 14
4 , 10.8 , 12.0 , 12 , 14
4 , 10.76 , 12.0 , 12 , 14
4 , 10.7 , 12.0 , 12 , 14
4 , 10.62 , 12.0 , 12 , 14
4 , 10.6 , 12.0 , 12 , 14
4 , 10.52 , 11.0 , 12 , 14
4 , 10.5 , 11.0 , 12 , 14
4 , 10.46 , 10.0 , 12 , 14
4 , 10.46 , 10.0 , 12 , 14
4 , 10.46 , 10.0 , 12 , 14
4 , 10.44 , 10.0 , 12 , 14
4 , 10.42 , 10.0 , 12 , 14
4 , 10.4 , 10.0 , 12 , 14
4 , 10.3 , 10.0 , 12 , 14
4 , 10.24 , 10.0 , 12 , 12
4 , 10.2 , 10.0 , 12 , 12
4 , 10.14 , 10.0 , 12 , 12
4 , 10.1 , 10.0 , 12 , 12
4 , 10.1 , 10.0 , 12 , 12
4 , 10.08 , 10.0 , 12 , 12
4 , 10.06 , 10.0 , 12 , 12
4 , 10.06 , 10.0 , 12 , 12
4 , 10.02 , 10.0 , 12 , 12
4 , 10.02 , 10.0 , 12 , 12
4 , 9.96 , 10.0 , 12 , 12
4 , 9.9 , 10.0 , 12 , 12
4 , 9.86 , 10.0 , 12 , 12
4 , 9.86 , 10.0 , 12 , 12
4 , 9.86 , 10.0 , 12 , 12
4 , 9.78 , 10.0 , 10 , 12
4 , 9.76 , 10.0 , 10 , 12
4 , 9.72 , 10.0 , 10 , 12
4 , 9.68 , 10.0 , 10 , 12
4 , 9.64 , 10.0 , 10 , 12
4 , 9.58 , 10.0 , 10 , 12
4 , 9.54 , 10.0 , 10 , 12
4 , 9.48 , 10.0 , 10 , 12
4 , 9.48 , 10.0 , 10 , 12
4 , 9.48 , 10.0 , 10 , 12
4 , 9.44 , 10.0 , 10 , 12
4 , 9.44 , 10.0 , 10 , 12
4 , 9.44 , 10.0 , 10 , 12
4 , 9.42 , 10.0 , 10 , 12
4 , 9.42 , 10.0 , 10 , 12
4 , 9.34 , 10.0 , 10 , 12
4 , 9.32 , 10.0 , 10 , 12
4 , 9.26 , 10.0 , 10 , 12
4 , 9.26 , 10.0 , 10 , 12
4 , 9.18 , 10.0 , 10 , 12
4 , 9.18 , 10.0 , 10 , 12
4 , 9.14 , 10.0 , 10 , 12
4 , 9.14 , 10.0 , 10 , 12
4 , 9.1 , 10.0 , 10 , 12
4 , 9.02 , 10.0 , 10 , 12
4 , 9.02 , 10.0 , 10 , 12
4 , 8.98 , 10.0 , 10 , 12
4 , 8.92 , 10.0 , 10 , 12
4 , 8.92 , 10.0 , 10 , 12
4 , 8.92 , 10.0 , 10 , 12
4 , 8.86 , 10.0 , 10 , 12
4 , 8.82 , 10.0 , 10 , 12
4 , 8.82 , 10.0 , 10 , 12
4 , 8.8 , 10.0 , 10 , 12
4 , 8.74 , 10.0 , 10 , 12
4 , 8.74 , 10.0 , 10 , 12
4 , 8.7 , 9.0 , 10 , 12
4 , 8.64 , 8.0 , 10 , 12
4 , 8.6 , 8.0 , 10 , 12
4 , 8.58 , 8.0 , 10 , 12
4 , 8.58 , 8.0 , 10 , 12
4 , 8.58 , 8.0 , 10 , 12
4 , 8.52 , 8.0 , 10 , 10
4 , 8.5 , 8.0 , 10 , 10
4 , 8.5 , 8.0 , 10 , 10
4 , 8.48 , 8.0 , 10 , 10
4 , 8.48 , 8.0 , 10 , 10
4 , 8.48 , 8.0 , 10 , 10
4 , 8.46 , 8.0 , 10 , 10
4 , 8.46 , 8.0 , 10 , 10
4 , 8.42 , 8.0 , 10 , 10
4 , 8.4 , 8.0 , 10 , 10
4 , 8.4 , 8.0 , 10 , 10
4 , 8.36 , 8.0 , 10 , 10
4 , 8.34 , 8.0 , 10 , 10
4 , 8.32 , 8.0 , 8 , 10
4 , 8.26 , 8.0 , 8 , 10
4 , 8.24 , 8.0 , 8 , 10
4 , 8.24 , 8.0 , 8 , 10
4 , 8.24 , 8.0 , 8 , 10
4 , 8.24 , 8.0 , 8 , 10
4 , 8.24 , 8.0 , 8 , 10
4 , 8.24 , 8.0 , 8 , 10
4 , 8.22 , 8.0 , 8 , 10
4 , 8.2 , 8.0 , 8 , 10
4 , 8.2 , 8.0 , 8 , 10
4 , 8.2 , 8.0 , 8 , 10
4 , 8.18 , 8.0 , 8 , 10
4 , 8.18 , 8.0 , 8 , 10
4 , 8.16 , 8.0 , 8 , 10
4 , 8.14 , 8.0 , 8 , 10
4 , 8.14 , 8.0 , 8 , 10
4 , 8.12 , 8.0 , 8 , 10
4 , 8.12 , 8.0 , 8 , 10
4 , 8.08 , 8.0 , 8 , 10
4 , 8.08 , 8.0 , 8 , 10
4 , 8.06 , 8.0 , 8 , 10
4 , 8.0 , 8.0 , 8 , 10
4 , 7.98 , 8.0 , 8 , 10
4 , 7.98 , 8.0 , 8 , 10
4 , 7.98 , 8.0 , 8 , 10
4 , 7.98 , 8.0 , 8 , 10
4 , 7.96 , 8.0 , 8 , 10
4 , 7.94 , 8.0 , 8 , 10
4 , 7.94 , 8.0 , 8 , 10
4 , 7.92 , 8.0 , 8 , 10
4 , 7.9 , 8.0 , 8 , 10
4 , 7.88 , 8.0 , 8 , 10
4 , 7.86 , 8.0 , 8 , 10
4 , 7.86 , 8.0 , 8 , 10
4 , 7.86 , 8.0 , 8 , 10
4 , 7.86 , 8.0 , 8 , 10
4 , 7.86 , 8.0 , 8 , 10
4 , 7.86 , 8.0 , 8 , 10
4 , 7.86 , 8.0 , 8 , 10
4 , 7.86 , 8.0 , 8 , 10
4 , 7.84 , 8.0 , 8 , 10
4 , 7.84 , 8.0 , 8 , 10
4 , 7.84 , 8.0 , 8 , 10
4 , 7.84 , 8.0 , 8 , 10
4 , 7.84 , 8.0 , 8 , 10
4 , 7.84 , 8.0 , 8 , 10
4 , 7.8 , 8.0 , 8 , 10
4 , 7.78 , 8.0 , 8 , 10
4 , 7.74 , 8.0 , 8 , 10
4 , 7.74 , 8.0 , 8 , 10
4 , 7.7 , 8.0 , 8 , 10
4 , 7.68 , 8.0 , 8 , 10
4 , 7.6 , 8.0 , 8 , 10
4 , 7.56 , 8.0 , 8 , 10
4 , 7.54 , 8.0 , 8 , 10
4 , 7.52 , 8.0 , 8 , 10
4 , 7.52 , 8.0 , 8 , 10
4 , 7.52 , 8.0 , 8 , 10
4 , 7.52 , 8.0 , 8 , 10
4 , 7.52 , 8.0 , 8 , 10
4 , 7.52 , 8.0 , 8 , 10
4 , 7.52 , 8.0 , 8 , 10
4 , 7.52 , 8.0 , 8 , 10
4 , 7.5 , 8.0 , 8 , 10
4 , 7.5 , 8.0 , 8 , 10
4 , 7.5 , 8.0 , 8 , 10
4 , 7.46 , 8.0 , 8 , 10
4 , 7.46 , 8.0 , 8 , 10
4 , 7.46 , 8.0 , 8 , 10
4 , 7.44 , 8.0 , 8 , 10
4 , 7.44 , 8.0 , 8 , 10
4 , 7.44 , 8.0 , 8 , 10
4 , 7.44 , 8.0 , 8 , 10
4 , 7.44 , 8.0 , 8 , 10
4 , 7.4 , 8.0 , 8 , 10
4 , 7.4 , 8.0 , 8 , 10
4 , 7.38 , 8.0 , 8 , 10
4 , 7.38 , 8.0 , 8 , 10
4 , 7.36 , 8.0 , 8 , 10
4 , 7.36 , 8.0 , 8 , 10
4 , 7.36 , 8.0 , 8 , 10
4 , 7.34 , 8.0 , 8 , 10
4 , 7.34 , 8.0 , 8 , 10
4 , 7.34 , 8.0 , 8 , 10
4 , 7.32 , 8.0 , 8 , 8
4 , 7.28 , 8.0 , 8 , 8
4 , 7.28 , 8.0 , 8 , 8
4 , 7.26 , 8.0 , 8 , 8
4 , 7.26 , 8.0 , 8 , 8
4 , 7.26 , 8.0 , 8 , 8
4 , 7.26 , 8.0 , 8 , 8
4 , 7.26 , 8.0 , 8 , 8
4 , 7.26 , 8.0 , 8 , 8
4 , 7.26 , 8.0 , 8 , 8
4 , 7.26 , 8.0 , 8 , 8
4 , 7.26 , 8.0 , 8 , 8
4 , 7.26 , 8.0 , 8 , 8
4 , 7.26 , 8.0 , 8 , 8
4 , 7.26 , 8.0 , 8 , 8
4 , 7.22 , 8.0 , 8 , 8
4 , 7.22 , 8.0 , 8 , 8
4 , 7.22 , 8.0 , 8 , 8
4 , 7.22 , 8.0 , 8 , 8
4 , 7.22 , 8.0 , 8 , 8
4 , 7.22 , 8.0 , 8 , 8
4 , 7.22 , 8.0 , 8 , 8
4 , 7.22 , 8.0 , 8 , 8
4 , 7.22 , 8.0 , 8 , 8
4 , 7.2 , 8.0 , 8 , 8
4 , 7.2 , 8.0 , 8 , 8
4 , 7.2 , 8.0 , 8 , 8
4 , 7.18 , 8.0 , 8 , 8
4 , 7.18 , 8.0 , 8 , 8
4 , 7.18 , 8.0 , 8 , 8
4 , 7.16 , 8.0 , 8 , 8
4 , 7.16 , 8.0 , 8 , 8
4 , 7.16 , 8.0 , 8 , 8
4 , 7.14 , 8.0 , 8 , 8
4 , 7.14 , 8.0 , 8 , 8
4 , 7.14 , 8.0 , 8 , 8
4 , 7.12 , 8.0 , 8 , 8
4 , 7.12 , 8.0 , 8 , 8
4 , 7.1 , 8.0 , 8 , 8
4 , 7.08 , 8.0 , 8 , 8
4 , 7.08 , 8.0 , 8 , 8
4 , 7.08 , 8.0 , 8 , 8
4 , 7.08 , 8.0 , 8 , 8
4 , 7.08 , 8.0 , 8 , 8
4 , 7.08 , 8.0 , 8 , 8
4 , 7.08 , 8.0 , 8 , 8
4 , 7.08 , 8.0 , 8 , 8
4 , 7.08 , 8.0 , 8 , 8
4 , 7.08 , 8.0 , 8 , 8
4 , 7.08 , 8.0 , 8 , 8
4 , 7.08 , 8.0 , 8 , 8
4 , 7.08 , 8.0 , 8 , 8
4 , 7.08 , 8.0 , 8 , 8
4 , 7.08 , 8.0 , 8 , 8
4 , 7.08 , 8.0 , 8 , 8
4 , 7.08 , 8.0 , 8 , 8
4 , 7.08 , 8.0 , 8 , 8
4 , 7.04 , 8.0 , 8 , 8
4 , 7.04 , 8.0 , 8 , 8
4 , 7.0 , 8.0 , 8 , 8
4 , 7.0 , 8.0 , 8 , 8
4 , 6.98 , 8.0 , 8 , 8
4 , 6.98 , 8.0 , 8 , 8
4 , 6.98 , 8.0 , 8 , 8
4 , 6.98 , 8.0 , 8 , 8
4 , 6.98 , 8.0 , 8 , 8
4 , 6.98 , 8.0 , 8 , 8
4 , 6.98 , 8.0 , 8 , 8
4 , 6.98 , 8.0 , 8 , 8
4 , 6.96 , 8.0 , 8 , 8
4 , 6.96 , 8.0 , 8 , 8
4 , 6.96 , 8.0 , 8 , 8
4 , 6.96 , 8.0 , 8 , 8
4 , 6.96 , 8.0 , 8 , 8
4 , 6.96 , 8.0 , 8 , 8
4 , 6.96 , 8.0 , 8 , 8
4 , 6.96 , 8.0 , 8 , 8
4 , 6.96 , 8.0 , 8 , 8
4 , 6.96 , 8.0 , 8 , 8
4 , 6.96 , 8.0 , 8 , 8
4 , 6.96 , 8.0 , 8 , 8
4 , 6.96 , 8.0 , 8 , 8
4 , 6.96 , 8.0 , 8 , 8
4 , 6.96 , 8.0 , 8 , 8
4 , 6.96 , 8.0 , 8 , 8
4 , 6.96 , 8.0 , 8 , 8
4 , 6.96 , 8.0 , 8 , 8
4 , 6.96 , 8.0 , 8 , 8
4 , 6.96 , 8.0 , 8 , 8
4 , 6.92 , 8.0 , 8 , 8
4 , 6.92 , 8.0 , 8 , 8
4 , 6.92 , 8.0 , 8 , 8
4 , 6.92 , 8.0 , 8 , 8
4 , 6.92 , 8.0 , 8 , 8
4 , 6.9 , 8.0 , 8 , 8
4 , 6.9 , 8.0 , 8 , 8
4 , 6.9 , 8.0 , 8 , 8
4 , 6.88 , 8.0 , 8 , 8
4 , 6.88 , 8.0 , 8 , 8
4 , 6.88 , 8.0 , 8 , 8
4 , 6.88 , 8.0 , 8 , 8
4 , 6.86 , 7.0 , 8 , 8
4 , 6.86 , 7.0 , 8 , 8
4 , 6.86 , 7.0 , 8 , 8
4 , 6.86 , 7.0 , 8 , 8
4 , 6.86 , 7.0 , 8 , 8
4 , 6.86 , 7.0 , 8 , 8
4 , 6.86 , 7.0 , 8 , 8
4 , 6.86 , 7.0 , 8 , 8
4 , 6.86 , 7.0 , 8 , 8
4 , 6.86 , 7.0 , 8 , 8
4 , 6.86 , 7.0 , 8 , 8
4 , 6.86 , 7.0 , 8 , 8
4 , 6.86 , 7.0 , 8 , 8
4 , 6.86 , 7.0 , 8 , 8
4 , 6.86 , 7.0 , 8 , 8
4 , 6.86 , 7.0 , 8 , 8
4 , 6.86 , 7.0 , 8 , 8
4 , 6.84 , 6.0 , 8 , 8
4 , 6.84 , 6.0 , 8 , 8
4 , 6.84 , 6.0 , 8 , 8
4 , 6.84 , 6.0 , 8 , 8
4 , 6.84 , 6.0 , 8 , 8
4 , 6.84 , 6.0 , 8 , 8
4 , 6.84 , 6.0 , 8 , 8
4 , 6.84 , 6.0 , 8 , 8
4 , 6.82 , 6.0 , 8 , 8
4 , 6.82 , 6.0 , 8 , 8
4 , 6.82 , 6.0 , 8 , 8
4 , 6.82 , 6.0 , 8 , 8
4 , 6.8 , 6.0 , 8 , 8
4 , 6.8 , 6.0 , 8 , 8
4 , 6.8 , 6.0 , 8 , 8
4 , 6.78 , 6.0 , 6 , 8
4 , 6.78 , 6.0 , 6 , 8
4 , 6.74 , 6.0 , 6 , 8
4 , 6.74 , 6.0 , 6 , 8
4 , 6.74 , 6.0 , 6 , 8
4 , 6.74 , 6.0 , 6 , 8
4 , 6.74 , 6.0 , 6 , 8
4 , 6.74 , 6.0 , 6 , 8
4 , 6.74 , 6.0 , 6 , 8
4 , 6.74 , 6.0 , 6 , 8
4 , 6.74 , 6.0 , 6 , 8
4 , 6.74 , 6.0 , 6 , 8
4 , 6.72 , 6.0 , 6 , 8
4 , 6.72 , 6.0 , 6 , 8
4 , 6.68 , 6.0 , 6 , 8
4 , 6.64 , 6.0 , 6 , 8
4 , 6.64 , 6.0 , 6 , 8
4 , 6.64 , 6.0 , 6 , 8
4 , 6.64 , 6.0 , 6 , 8
4 , 6.6 , 6.0 , 6 , 8
4 , 6.6 , 6.0 , 6 , 8
4 , 6.6 , 6.0 , 6 , 8
4 , 6.6 , 6.0 , 6 , 8
4 , 6.58 , 6.0 , 6 , 8
4 , 6.58 , 6.0 , 6 , 8
4 , 6.58 , 6.0 , 6 , 8
4 , 6.56 , 6.0 , 6 , 8
4 , 6.56 , 6.0 , 6 , 8
4 , 6.56 , 6.0 , 6 , 8
4 , 6.54 , 6.0 , 6 , 8
4 , 6.46 , 6.0 , 6 , 8
4 , 6.44 , 6.0 , 6 , 8
4 , 6.44 , 6.0 , 6 , 8
4 , 6.4 , 6.0 , 6 , 8
4 , 6.4 , 6.0 , 6 , 8
4 , 6.4 , 6.0 , 6 , 8
4 , 6.36 , 6.0 , 6 , 8
4 , 6.36 , 6.0 , 6 , 8
4 , 6.34 , 6.0 , 6 , 8
4 , 6.34 , 6.0 , 6 , 8
4 , 6.34 , 6.0 , 6 , 8
4 , 6.34 , 6.0 , 6 , 8
4 , 6.32 , 6.0 , 6 , 8
4 , 6.32 , 6.0 , 6 , 8
4 , 6.32 , 6.0 , 6 , 8
4 , 6.32 , 6.0 , 6 , 8
4 , 6.32 , 6.0 , 6 , 8
4 , 6.32 , 6.0 , 6 , 8
4 , 6.32 , 6.0 , 6 , 8
4 , 6.32 , 6.0 , 6 , 8
4 , 6.32 , 6.0 , 6 , 8
4 , 6.32 , 6.0 , 6 , 8
4 , 6.3 , 6.0 , 6 , 8
4 , 6.3 , 6.0 , 6 , 8
4 , 6.28 , 6.0 , 6 , 8
4 , 6.28 , 6.0 , 6 , 8
4 , 6.26 , 6.0 , 6 , 8
4 , 6.26 , 6.0 , 6 , 8
4 , 6.26 , 6.0 , 6 , 8
4 , 6.26 , 6.0 , 6 , 8
4 , 6.26 , 6.0 , 6 , 8
4 , 6.26 , 6.0 , 6 , 8
4 , 6.26 , 6.0 , 6 , 8
4 , 6.26 , 6.0 , 6 , 8
4 , 6.26 , 6.0 , 6 , 8
4 , 6.22 , 6.0 , 6 , 8
4 , 6.22 , 6.0 , 6 , 8
4 , 6.18 , 6.0 , 6 , 8
4 , 6.16 , 6.0 , 6 , 8
4 , 6.16 , 6.0 , 6 , 8
4 , 6.16 , 6.0 , 6 , 8
4 , 6.16 , 6.0 , 6 , 8
4 , 6.16 , 6.0 , 6 , 8
4 , 6.16 , 6.0 , 6 , 8
4 , 6.16 , 6.0 , 6 , 8
4 , 6.16 , 6.0 , 6 , 8
4 , 6.12 , 6.0 , 6 , 8
4 , 6.12 , 6.0 , 6 , 8
4 , 6.08 , 6.0 , 6 , 8
4 , 6.08 , 6.0 , 6 , 8
4 , 6.08 , 6.0 , 6 , 8
4 , 6.08 , 6.0 , 6 , 8
4 , 6.08 , 6.0 , 6 , 8
4 , 6.08 , 6.0 , 6 , 8
4 , 6.08 , 6.0 , 6 , 8
4 , 6.08 , 6.0 , 6 , 8
4 , 6.08 , 6.0 , 6 , 8
4 , 6.08 , 6.0 , 6 , 8
4 , 6.06 , 6.0 , 6 , 8
4 , 6.06 , 6.0 , 6 , 8
4 , 6.06 , 6.0 , 6 , 8
4 , 6.06 , 6.0 , 6 , 8
4 , 6.06 , 6.0 , 6 , 8
4 , 6.06 , 6.0 , 6 , 8
4 , 6.06 , 6.0 , 6 , 8
4 , 6.06 , 6.0 , 6 , 8
4 , 6.06 , 6.0 , 6 , 8
4 , 6.06 , 6.0 , 6 , 8
4 , 6.06 , 6.0 , 6 , 8
4 , 6.06 , 6.0 , 6 , 8
4 , 6.06 , 6.0 , 6 , 8
4 , 6.04 , 6.0 , 6 , 8
4 , 6.04 , 6.0 , 6 , 8
4 , 6.04 , 6.0 , 6 , 8
4 , 6.04 , 6.0 , 6 , 8
4 , 6.04 , 6.0 , 6 , 8
4 , 6.02 , 6.0 , 6 , 8
4 , 6.02 , 6.0 , 6 , 8
4 , 6.02 , 6.0 , 6 , 8
4 , 6.02 , 6.0 , 6 , 8
4 , 6.0 , 6.0 , 6 , 8
4 , 6.0 , 6.0 , 6 , 8
4 , 5.98 , 6.0 , 6 , 8
4 , 5.98 , 6.0 , 6 , 8
4 , 5.98 , 6.0 , 6 , 8
4 , 5.98 , 6.0 , 6 , 8
4 , 5.98 , 6.0 , 6 , 8
4 , 5.98 , 6.0 , 6 , 8
4 , 5.98 , 6.0 , 6 , 8
4 , 5.98 , 6.0 , 6 , 8
4 , 5.98 , 6.0 , 6 , 8
4 , 5.98 , 6.0 , 6 , 8
4 , 5.98 , 6.0 , 6 , 8
4 , 5.96 , 6.0 , 6 , 8
4 , 5.96 , 6.0 , 6 , 8
4 , 5.96 , 6.0 , 6 , 8
4 , 5.96 , 6.0 , 6 , 8
4 , 5.94 , 6.0 , 6 , 8
4 , 5.88 , 6.0 , 6 , 8
4 , 5.88 , 6.0 , 6 , 8
4 , 5.88 , 6.0 , 6 , 8
4 , 5.88 , 6.0 , 6 , 8
4 , 5.86 , 6.0 , 6 , 8
4 , 5.86 , 6.0 , 6 , 8
4 , 5.86 , 6.0 , 6 , 8
4 , 5.86 , 6.0 , 6 , 8
4 , 5.86 , 6.0 , 6 , 8
4 , 5.82 , 6.0 , 6 , 8
4 , 5.8 , 6.0 , 6 , 8
4 , 5.76 , 6.0 , 6 , 8
4 , 5.76 , 6.0 , 6 , 8
4 , 5.76 , 6.0 , 6 , 8
4 , 5.76 , 6.0 , 6 , 8
4 , 5.76 , 6.0 , 6 , 8
2 , 5.7 , 6.0 , 6 , 8
2 , 5.7 , 6.0 , 6 , 8
2 , 5.7 , 6.0 , 6 , 8
2 , 5.7 , 6.0 , 6 , 8
2 , 5.62 , 6.0 , 6 , 8
2 , 5.62 , 6.0 , 6 , 8
2 , 5.62 , 6.0 , 6 , 8
2 , 5.58 , 6.0 , 6 , 8
2 , 5.58 , 6.0 , 6 , 8
2 , 5.58 , 6.0 , 6 , 8
2 , 5.58 , 6.0 , 6 , 8
2 , 5.58 , 6.0 , 6 , 8
2 , 5.58 , 6.0 , 6 , 8
2 , 5.58 , 6.0 , 6 , 8
2 , 5.58 , 6.0 , 6 , 8
2 , 5.56 , 6.0 , 6 , 8
2 , 5.56 , 6.0 , 6 , 8
2 , 5.56 , 6.0 , 6 , 8
2 , 5.56 , 6.0 , 6 , 8
2 , 5.54 , 6.0 , 6 , 8
2 , 5.5 , 6.0 , 6 , 8
2 , 5.5 , 6.0 , 6 , 8
2 , 5.5 , 6.0 , 6 , 8
2 , 5.5 , 6.0 , 6 , 8
2 , 5.5 , 6.0 , 6 , 8
2 , 5.5 , 6.0 , 6 , 8
2 , 5.5 , 6.0 , 6 , 8
2 , 5.48 , 6.0 , 6 , 6
2 , 5.48 , 6.0 , 6 , 6
2 , 5.48 , 6.0 , 6 , 6
2 , 5.48 , 6.0 , 6 , 6
2 , 5.48 , 6.0 , 6 , 6
2 , 5.48 , 6.0 , 6 , 6
2 , 5.48 , 6.0 , 6 , 6
2 , 5.48 , 6.0 , 6 , 6
2 , 5.48 , 6.0 , 6 , 6
2 , 5.48 , 6.0 , 6 , 6
2 , 5.48 , 6.0 , 6 , 6
2 , 5.48 , 6.0 , 6 , 6
2 , 5.48 , 6.0 , 6 , 6
2 , 5.48 , 6.0 , 6 , 6
2 , 5.48 , 6.0 , 6 , 6
2 , 5.48 , 6.0 , 6 , 6
2 , 5.48 , 6.0 , 6 , 6
2 , 5.48 , 6.0 , 6 , 6
2 , 5.48 , 6.0 , 6 , 6
2 , 5.48 , 6.0 , 6 , 6
2 , 5.48 , 6.0 , 6 , 6
2 , 5.48 , 6.0 , 6 , 6
2 , 5.48 , 6.0 , 6 , 6
2 , 5.48 , 6.0 , 6 , 6
2 , 5.48 , 6.0 , 6 , 6
2 , 5.48 , 6.0 , 6 , 6
2 , 5.48 , 6.0 , 6 , 6
2 , 5.48 , 6.0 , 6 , 6
2 , 5.48 , 6.0 , 6 , 6
2 , 5.44 , 6.0 , 6 , 6
2 , 5.44 , 6.0 , 6 , 6
2 , 5.44 , 6.0 , 6 , 6
2 , 5.44 , 6.0 , 6 , 6
2 , 5.44 , 6.0 , 6 , 6
2 , 5.44 , 6.0 , 6 , 6
2 , 5.44 , 6.0 , 6 , 6
2 , 5.44 , 6.0 , 6 , 6
2 , 5.44 , 6.0 , 6 , 6
2 , 5.44 , 6.0 , 6 , 6
2 , 5.44 , 6.0 , 6 , 6
2 , 5.44 , 6.0 , 6 , 6
2 , 5.44 , 6.0 , 6 , 6
2 , 5.44 , 6.0 , 6 , 6
2 , 5.44 , 6.0 , 6 , 6
2 , 5.44 , 6.0 , 6 , 6
2 , 5.44 , 6.0 , 6 , 6
2 , 5.44 , 6.0 , 6 , 6
2 , 5.44 , 6.0 , 6 , 6
2 , 5.44 , 6.0 , 6 , 6
2 , 5.44 , 6.0 , 6 , 6
2 , 5.44 , 6.0 , 6 , 6
2 , 5.44 , 6.0 , 6 , 6
2 , 5.44 , 6.0 , 6 , 6
2 , 5.44 , 6.0 , 6 , 6
2 , 5.44 , 6.0 , 6 , 6
2 , 5.44 , 6.0 , 6 , 6
2 , 5.44 , 6.0 , 6 , 6
2 , 5.42 , 6.0 , 6 , 6
2 , 5.42 , 6.0 , 6 , 6
2 , 5.42 , 6.0 , 6 , 6
2 , 5.42 , 6.0 , 6 , 6
2 , 5.42 , 6.0 , 6 , 6
2 , 5.42 , 6.0 , 6 , 6
2 , 5.42 , 6.0 , 6 , 6
2 , 5.42 , 6.0 , 6 , 6
2 , 5.42 , 6.0 , 6 , 6
2 , 5.42 , 6.0 , 6 , 6
2 , 5.42 , 6.0 , 6 , 6
2 , 5.42 , 6.0 , 6 , 6
2 , 5.42 , 6.0 , 6 , 6
2 , 5.42 , 6.0 , 6 , 6
2 , 5.42 , 6.0 , 6 , 6
2 , 5.42 , 6.0 , 6 , 6
2 , 5.4 , 6.0 , 6 , 6
2 , 5.38 , 6.0 , 6 , 6
2 , 5.38 , 6.0 , 6 , 6
2 , 5.38 , 6.0 , 6 , 6
2 , 5.38 , 6.0 , 6 , 6
2 , 5.38 , 6.0 , 6 , 6
2 , 5.38 , 6.0 , 6 , 6
2 , 5.38 , 6.0 , 6 , 6
2 , 5.38 , 6.0 , 6 , 6
2 , 5.38 , 6.0 , 6 , 6
2 , 5.38 , 6.0 , 6 , 6
2 , 5.38 , 6.0 , 6 , 6
2 , 5.38 , 6.0 , 6 , 6
2 , 5.38 , 6.0 , 6 , 6
2 , 5.38 , 6.0 , 6 , 6
2 , 5.38 , 6.0 , 6 , 6
2 , 5.38 , 6.0 , 6 , 6
2 , 5.38 , 6.0 , 6 , 6
2 , 5.38 , 6.0 , 6 , 6
2 , 5.38 , 6.0 , 6 , 6
2 , 5.38 , 6.0 , 6 , 6
2 , 5.38 , 6.0 , 6 , 6
2 , 5.38 , 6.0 , 6 , 6
2 , 5.38 , 6.0 , 6 , 6
2 , 5.38 , 6.0 , 6 , 6
2 , 5.38 , 6.0 , 6 , 6
2 , 5.38 , 6.0 , 6 , 6
2 , 5.38 , 6.0 , 6 , 6
2 , 5.38 , 6.0 , 6 , 6
2 , 5.38 , 6.0 , 6 , 6
2 , 5.38 , 6.0 , 6 , 6
2 , 5.38 , 6.0 , 6 , 6
2 , 5.38 , 6.0 , 6 , 6
2 , 5.38 , 6.0 , 6 , 6
2 , 5.38 , 6.0 , 6 , 6
2 , 5.38 , 6.0 , 6 , 6
2 , 5.38 , 6.0 , 6 , 6
2 , 5.38 , 6.0 , 6 , 6
2 , 5.38 , 6.0 , 6 , 6
2 , 5.38 , 6.0 , 6 , 6
2 , 5.38 , 6.0 , 6 , 6
2 , 5.38 , 6.0 , 6 , 6
2 , 5.38 , 6.0 , 6 , 6
2 , 5.38 , 6.0 , 6 , 6
2 , 5.38 , 6.0 , 6 , 6
2 , 5.38 , 6.0 , 6 , 6
2 , 5.38 , 6.0 , 6 , 6
2 , 5.38 , 6.0 , 6 , 6
2 , 5.38 , 6.0 , 6 , 6
2 , 5.38 , 6.0 , 6 , 6
2 , 5.36 , 6.0 , 6 , 6
2 , 5.36 , 6.0 , 6 , 6
2 , 5.36 , 6.0 , 6 , 6
2 , 5.36 , 6.0 , 6 , 6
2 , 5.36 , 6.0 , 6 , 6
2 , 5.36 , 6.0 , 6 , 6
2 , 5.36 , 6.0 , 6 , 6
2 , 5.36 , 6.0 , 6 , 6
2 , 5.36 , 6.0 , 6 , 6
2 , 5.36 , 6.0 , 6 , 6
2 , 5.36 , 6.0 , 6 , 6
2 , 5.36 , 6.0 , 6 , 6
2 , 5.34 , 6.0 , 6 , 6
2 , 5.34 , 6.0 , 6 , 6
2 , 5.32 , 6.0 , 6 , 6
2 , 5.32 , 6.0 , 6 , 6
2 , 5.3 , 6.0 , 6 , 6
2 , 5.3 , 6.0 , 6 , 6
2 , 5.3 , 6.0 , 6 , 6
2 , 5.3 , 6.0 , 6 , 6
2 , 5.3 , 6.0 , 6 , 6
2 , 5.3 , 6.0 , 6 , 6
2 , 5.3 , 6.0 , 6 , 6
2 , 5.3 , 6.0 , 6 , 6
2 , 5.3 , 6.0 , 6 , 6
2 , 5.3 , 6.0 , 6 , 6
2 , 5.3 , 6.0 , 6 , 6
2 , 5.3 , 6.0 , 6 , 6
2 , 5.3 , 6.0 , 6 , 6
2 , 5.3 , 6.0 , 6 , 6
2 , 5.3 , 6.0 , 6 , 6
2 , 5.3 , 6.0 , 6 , 6
2 , 5.28 , 6.0 , 6 , 6
2 , 5.28 , 6.0 , 6 , 6
2 , 5.28 , 6.0 , 6 , 6
2 , 5.28 , 6.0 , 6 , 6
2 , 5.28 , 6.0 , 6 , 6
2 , 5.28 , 6.0 , 6 , 6
2 , 5.28 , 6.0 , 6 , 6
2 , 5.28 , 6.0 , 6 , 6
2 , 5.28 , 6.0 , 6 , 6
2 , 5.28 , 6.0 , 6 , 6
2 , 5.28 , 6.0 , 6 , 6
2 , 5.26 , 6.0 , 6 , 6
2 , 5.26 , 6.0 , 6 , 6
2 , 5.26 , 6.0 , 6 , 6
2 , 5.26 , 6.0 , 6 , 6
2 , 5.26 , 6.0 , 6 , 6
2 , 5.26 , 6.0 , 6 , 6
2 , 5.26 , 6.0 , 6 , 6
2 , 5.26 , 6.0 , 6 , 6
2 , 5.26 , 6.0 , 6 , 6
2 , 5.26 , 6.0 , 6 , 6
2 , 5.26 , 6.0 , 6 , 6
2 , 5.26 , 6.0 , 6 , 6
2 , 5.26 , 6.0 , 6 , 6
2 , 5.26 , 6.0 , 6 , 6
2 , 5.26 , 6.0 , 6 , 6
2 , 5.26 , 6.0 , 6 , 6
2 , 5.26 , 6.0 , 6 , 6
2 , 5.26 , 6.0 , 6 , 6
2 , 5.26 , 6.0 , 6 , 6
2 , 5.26 , 6.0 , 6 , 6
2 , 5.26 , 6.0 , 6 , 6
2 , 5.26 , 6.0 , 6 , 6
2 , 5.26 , 6.0 , 6 , 6
2 , 5.26 , 6.0 , 6 , 6
2 , 5.26 , 6.0 , 6 , 6
2 , 5.26 , 6.0 , 6 , 6
2 , 5.26 , 6.0 , 6 , 6
2 , 5.26 , 6.0 , 6 , 6
2 , 5.26 , 6.0 , 6 , 6
2 , 5.26 , 6.0 , 6 , 6
2 , 5.24 , 6.0 , 6 , 6
2 , 5.24 , 6.0 , 6 , 6
2 , 5.24 , 6.0 , 6 , 6
2 , 5.24 , 6.0 , 6 , 6
2 , 5.24 , 6.0 , 6 , 6
2 , 5.24 , 6.0 , 6 , 6
2 , 5.24 , 6.0 , 6 , 6
2 , 5.24 , 6.0 , 6 , 6
2 , 5.24 , 6.0 , 6 , 6
2 , 5.24 , 6.0 , 6 , 6
2 , 5.22 , 6.0 , 6 , 6
2 , 5.22 , 6.0 , 6 , 6
2 , 5.22 , 6.0 , 6 , 6
2 , 5.22 , 6.0 , 6 , 6
2 , 5.22 , 6.0 , 6 , 6
2 , 5.22 , 6.0 , 6 , 6
2 , 5.22 , 6.0 , 6 , 6
2 , 5.22 , 6.0 , 6 , 6
2 , 5.22 , 6.0 , 6 , 6
2 , 5.22 , 6.0 , 6 , 6
2 , 5.22 , 6.0 , 6 , 6
2 , 5.22 , 6.0 , 6 , 6
2 , 5.22 , 6.0 , 6 , 6
2 , 5.22 , 6.0 , 6 , 6
2 , 5.22 , 6.0 , 6 , 6
2 , 5.2 , 6.0 , 6 , 6
2 , 5.2 , 6.0 , 6 , 6
2 , 5.2 , 6.0 , 6 , 6
2 , 5.2 , 6.0 , 6 , 6
2 , 5.2 , 6.0 , 6 , 6
2 , 5.2 , 6.0 , 6 , 6
2 , 5.2 , 6.0 , 6 , 6
2 , 5.2 , 6.0 , 6 , 6
2 , 5.2 , 6.0 , 6 , 6
2 , 5.2 , 6.0 , 6 , 6
2 , 5.18 , 6.0 , 6 , 6
2 , 5.18 , 6.0 , 6 , 6
2 , 5.18 , 6.0 , 6 , 6
2 , 5.18 , 6.0 , 6 , 6
2 , 5.18 , 6.0 , 6 , 6
2 , 5.18 , 6.0 , 6 , 6
2 , 5.18 , 6.0 , 6 , 6
2 , 5.18 , 6.0 , 6 , 6
2 , 5.18 , 6.0 , 6 , 6
2 , 5.18 , 6.0 , 6 , 6
2 , 5.18 , 6.0 , 6 , 6
2 , 5.18 , 6.0 , 6 , 6
2 , 5.18 , 6.0 , 6 , 6
2 , 5.18 , 6.0 , 6 , 6
2 , 5.18 , 6.0 , 6 , 6
2 , 5.18 , 6.0 , 6 , 6
2 , 5.16 , 6.0 , 6 , 6
2 , 5.16 , 6.0 , 6 , 6
2 , 5.16 , 6.0 , 6 , 6
2 , 5.16 , 6.0 , 6 , 6
2 , 5.16 , 6.0 , 6 , 6
2 , 5.1 , 6.0 , 6 , 6
2 , 5.1 , 6.0 , 6 , 6
2 , 5.1 , 6.0 , 6 , 6
2 , 5.1 , 6.0 , 6 , 6
2 , 5.1 , 6.0 , 6 , 6
2 , 5.1 , 6.0 , 6 , 6
2 , 5.1 , 6.0 , 6 , 6
2 , 5.1 , 6.0 , 6 , 6
2 , 5.1 , 6.0 , 6 , 6
2 , 5.1 , 6.0 , 6 , 6
2 , 5.1 , 6.0 , 6 , 6
2 , 5.1 , 6.0 , 6 , 6
2 , 5.1 , 6.0 , 6 , 6
2 , 5.1 , 6.0 , 6 , 6
2 , 5.1 , 6.0 , 6 , 6
2 , 5.1 , 6.0 , 6 , 6
2 , 5.1 , 6.0 , 6 , 6
2 , 5.1 , 6.0 , 6 , 6
2 , 5.1 , 6.0 , 6 , 6
2 , 5.1 , 6.0 , 6 , 6
2 , 5.1 , 6.0 , 6 , 6
2 , 5.1 , 6.0 , 6 , 6
2 , 5.1 , 6.0 , 6 , 6
2 , 5.1 , 6.0 , 6 , 6
2 , 5.1 , 6.0 , 6 , 6
2 , 5.1 , 6.0 , 6 , 6
2 , 5.1 , 6.0 , 6 , 6
2 , 5.08 , 6.0 , 6 , 6
2 , 5.06 , 6.0 , 6 , 6
2 , 5.06 , 6.0 , 6 , 6
2 , 5.06 , 6.0 , 6 , 6
2 , 5.06 , 6.0 , 6 , 6
2 , 5.06 , 6.0 , 6 , 6
2 , 5.06 , 6.0 , 6 , 6
2 , 5.06 , 6.0 , 6 , 6
2 , 5.06 , 6.0 , 6 , 6
2 , 5.06 , 6.0 , 6 , 6
2 , 5.06 , 6.0 , 6 , 6
2 , 5.06 , 6.0 , 6 , 6
2 , 5.06 , 6.0 , 6 , 6
2 , 5.06 , 6.0 , 6 , 6
2 , 5.06 , 6.0 , 6 , 6
2 , 5.06 , 6.0 , 6 , 6
2 , 5.06 , 6.0 , 6 , 6
2 , 5.06 , 6.0 , 6 , 6
2 , 5.04 , 6.0 , 6 , 6
2 , 5.04 , 6.0 , 6 , 6
2 , 5.04 , 6.0 , 6 , 6
2 , 5.04 , 6.0 , 6 , 6
2 , 5.04 , 6.0 , 6 , 6
2 , 5.04 , 6.0 , 6 , 6
2 , 5.04 , 6.0 , 6 , 6
2 , 5.04 , 6.0 , 6 , 6
2 , 5.04 , 6.0 , 6 , 6
2 , 5.04 , 6.0 , 6 , 6
2 , 5.04 , 6.0 , 6 , 6
2 , 5.04 , 6.0 , 6 , 6
2 , 5.04 , 6.0 , 6 , 6
2 , 5.04 , 6.0 , 6 , 6
2 , 5.04 , 6.0 , 6 , 6
2 , 5.04 , 6.0 , 6 , 6
2 , 5.04 , 6.0 , 6 , 6
2 , 5.04 , 6.0 , 6 , 6
2 , 5.04 , 6.0 , 6 , 6
2 , 5.04 , 6.0 , 6 , 6
2 , 5.04 , 6.0 , 6 , 6
2 , 5.04 , 6.0 , 6 , 6
2 , 5.04 , 6.0 , 6 , 6
2 , 5.04 , 6.0 , 6 , 6
2 , 5.04 , 6.0 , 6 , 6
2 , 5.04 , 6.0 , 6 , 6
2 , 5.04 , 6.0 , 6 , 6
2 , 5.04 , 6.0 , 6 , 6
2 , 5.04 , 6.0 , 6 , 6
2 , 5.04 , 6.0 , 6 , 6
2 , 5.04 , 6.0 , 6 , 6
2 , 5.04 , 6.0 , 6 , 6
2 , 5.04 , 6.0 , 6 , 6
2 , 5.04 , 6.0 , 6 , 6
2 , 5.04 , 6.0 , 6 , 6
2 , 5.04 , 6.0 , 6 , 6
2 , 5.04 , 6.0 , 6 , 6
2 , 5.04 , 6.0 , 6 , 6
2 , 5.04 , 6.0 , 6 , 6
2 , 5.04 , 6.0 , 6 , 6
2 , 5.02 , 6.0 , 6 , 6
2 , 5.02 , 6.0 , 6 , 6
2 , 5.02 , 6.0 , 6 , 6
2 , 4.98 , 6.0 , 6 , 6
2 , 4.98 , 6.0 , 6 , 6
2 , 4.98 , 6.0 , 6 , 6
2 , 4.98 , 6.0 , 6 , 6
2 , 4.98 , 6.0 , 6 , 6
2 , 4.98 , 6.0 , 6 , 6
2 , 4.98 , 6.0 , 6 , 6
2 , 4.98 , 6.0 , 6 , 6
2 , 4.98 , 6.0 , 6 , 6
2 , 4.98 , 6.0 , 6 , 6
2 , 4.98 , 6.0 , 6 , 6
2 , 4.98 , 6.0 , 6 , 6
2 , 4.96 , 6.0 , 6 , 6
2 , 4.94 , 6.0 , 6 , 6
2 , 4.94 , 6.0 , 6 , 6
2 , 4.94 , 6.0 , 6 , 6
2 , 4.94 , 6.0 , 6 , 6
2 , 4.94 , 6.0 , 6 , 6
2 , 4.94 , 6.0 , 6 , 6
2 , 4.94 , 6.0 , 6 , 6
2 , 4.94 , 6.0 , 6 , 6
2 , 4.94 , 6.0 , 6 , 6
2 , 4.94 , 6.0 , 6 , 6
2 , 4.94 , 6.0 , 6 , 6
2 , 4.94 , 6.0 , 6 , 6
2 , 4.94 , 6.0 , 6 , 6
2 , 4.94 , 6.0 , 6 , 6
2 , 4.94 , 6.0 , 6 , 6
2 , 4.9 , 5.0 , 6 , 6
2 , 4.9 , 5.0 , 6 , 6
2 , 4.9 , 5.0 , 6 , 6
2 , 4.9 , 5.0 , 6 , 6
2 , 4.9 , 5.0 , 6 , 6
2 , 4.9 , 5.0 , 6 , 6
2 , 4.9 , 5.0 , 6 , 6
2 , 4.9 , 5.0 , 6 , 6
2 , 4.9 , 5.0 , 6 , 6
2 , 4.88 , 4.0 , 6 , 6
2 , 4.88 , 4.0 , 6 , 6
2 , 4.88 , 4.0 , 6 , 6
2 , 4.88 , 4.0 , 6 , 6
2 , 4.88 , 4.0 , 6 , 6
2 , 4.88 , 4.0 , 6 , 6
2 , 4.88 , 4.0 , 6 , 6
2 , 4.88 , 4.0 , 6 , 6
2 , 4.88 , 4.0 , 6 , 6
2 , 4.88 , 4.0 , 6 , 6
2 , 4.88 , 4.0 , 6 , 6
2 , 4.86 , 4.0 , 6 , 6
2 , 4.86 , 4.0 , 6 , 6
2 , 4.84 , 4.0 , 4 , 6
2 , 4.84 , 4.0 , 4 , 6
2 , 4.84 , 4.0 , 4 , 6
2 , 4.84 , 4.0 , 4 , 6
2 , 4.84 , 4.0 , 4 , 6
2 , 4.84 , 4.0 , 4 , 6
2 , 4.82 , 4.0 , 4 , 6
2 , 4.82 , 4.0 , 4 , 6
2 , 4.82 , 4.0 , 4 , 6
2 , 4.82 , 4.0 , 4 , 6
2 , 4.82 , 4.0 , 4 , 6
2 , 4.82 , 4.0 , 4 , 6
2 , 4.82 , 4.0 , 4 , 6
2 , 4.82 , 4.0 , 4 , 6
2 , 4.82 , 4.0 , 4 , 6
2 , 4.82 , 4.0 , 4 , 6
2 , 4.82 , 4.0 , 4 , 6
2 , 4.82 , 4.0 , 4 , 6
2 , 4.82 , 4.0 , 4 , 6
2 , 4.82 , 4.0 , 4 , 6
2 , 4.82 , 4.0 , 4 , 6
2 , 4.82 , 4.0 , 4 , 6
2 , 4.82 , 4.0 , 4 , 6
2 , 4.82 , 4.0 , 4 , 6
2 , 4.82 , 4.0 , 4 , 6
2 , 4.82 , 4.0 , 4 , 6
2 , 4.82 , 4.0 , 4 , 6
2 , 4.82 , 4.0 , 4 , 6
2 , 4.82 , 4.0 , 4 , 6
2 , 4.82 , 4.0 , 4 , 6
2 , 4.82 , 4.0 , 4 , 6
2 , 4.82 , 4.0 , 4 , 6
2 , 4.78 , 4.0 , 4 , 6
2 , 4.78 , 4.0 , 4 , 6
2 , 4.78 , 4.0 , 4 , 6
2 , 4.78 , 4.0 , 4 , 6
2 , 4.78 , 4.0 , 4 , 6
2 , 4.78 , 4.0 , 4 , 6
2 , 4.78 , 4.0 , 4 , 6
2 , 4.78 , 4.0 , 4 , 6
2 , 4.78 , 4.0 , 4 , 6
2 , 4.78 , 4.0 , 4 , 6
2 , 4.78 , 4.0 , 4 , 6
2 , 4.76 , 4.0 , 4 , 6
2 , 4.76 , 4.0 , 4 , 6
2 , 4.76 , 4.0 , 4 , 6
2 , 4.72 , 4.0 , 4 , 6
2 , 4.72 , 4.0 , 4 , 6
2 , 4.72 , 4.0 , 4 , 6
2 , 4.72 , 4.0 , 4 , 6
2 , 4.72 , 4.0 , 4 , 6
2 , 4.72 , 4.0 , 4 , 6
2 , 4.72 , 4.0 , 4 , 6
2 , 4.7 , 4.0 , 4 , 6
2 , 4.7 , 4.0 , 4 , 6
2 , 4.7 , 4.0 , 4 , 6
2 , 4.7 , 4.0 , 4 , 6
2 , 4.7 , 4.0 , 4 , 6
2 , 4.7 , 4.0 , 4 , 6
2 , 4.7 , 4.0 , 4 , 6
2 , 4.7 , 4.0 , 4 , 6
2 , 4.68 , 4.0 , 4 , 6
2 , 4.68 , 4.0 , 4 , 6
2 , 4.66 , 4.0 , 4 , 6
2 , 4.66 , 4.0 , 4 , 6
2 , 4.66 , 4.0 , 4 , 6
2 , 4.66 , 4.0 , 4 , 6
2 , 4.66 , 4.0 , 4 , 6
2 , 4.66 , 4.0 , 4 , 6
2 , 4.64 , 4.0 , 4 , 6
2 , 4.64 , 4.0 , 4 , 6
2 , 4.64 , 4.0 , 4 , 6
2 , 4.64 , 4.0 , 4 , 6
2 , 4.64 , 4.0 , 4 , 6
2 , 4.64 , 4.0 , 4 , 6
2 , 4.62 , 4.0 , 4 , 6
2 , 4.62 , 4.0 , 4 , 6
2 , 4.62 , 4.0 , 4 , 6
2 , 4.62 , 4.0 , 4 , 6
2 , 4.62 , 4.0 , 4 , 6
2 , 4.62 , 4.0 , 4 , 6
2 , 4.62 , 4.0 , 4 , 6
2 , 4.62 , 4.0 , 4 , 6
2 , 4.62 , 4.0 , 4 , 6
2 , 4.62 , 4.0 , 4 , 6
2 , 4.62 , 4.0 , 4 , 6
2 , 4.62 , 4.0 , 4 , 6
2 , 4.6 , 4.0 , 4 , 6
2 , 4.6 , 4.0 , 4 , 6
2 , 4.6 , 4.0 , 4 , 6
0  Perfect solutions
perfect solution individuals []
