4 , 14.86 , 15.0 , 16 , 26
4 , 14.62 , 14.0 , 16 , 22
4 , 14.36 , 14.0 , 16 , 22
4 , 14.28 , 14.0 , 16 , 20
4 , 14.2 , 14.0 , 16 , 20
4 , 14.16 , 14.0 , 16 , 20
4 , 14.02 , 14.0 , 16 , 20
4 , 14.0 , 14.0 , 16 , 20
4 , 13.86 , 14.0 , 16 , 20
4 , 13.76 , 14.0 , 16 , 20
4 , 13.56 , 14.0 , 16 , 20
4 , 13.44 , 14.0 , 16 , 18
4 , 13.4 , 14.0 , 14 , 18
4 , 13.32 , 14.0 , 14 , 18
4 , 13.28 , 14.0 , 16 , 18
4 , 13.28 , 14.0 , 16 , 18
4 , 13.2 , 14.0 , 16 , 18
4 , 13.0 , 14.0 , 16 , 18
4 , 12.88 , 14.0 , 16 , 18
4 , 12.7 , 14.0 , 14 , 18
4 , 12.6 , 14.0 , 14 , 18
4 , 12.5 , 13.0 , 14 , 16
4 , 12.48 , 13.0 , 14 , 16
4 , 12.42 , 12.0 , 14 , 16
4 , 12.38 , 12.0 , 14 , 16
4 , 12.32 , 12.0 , 14 , 16
4 , 12.24 , 12.0 , 14 , 16
4 , 12.18 , 12.0 , 14 , 16
4 , 12.06 , 12.0 , 14 , 16
4 , 12.06 , 12.0 , 14 , 16
4 , 11.94 , 12.0 , 12 , 16
4 , 11.8 , 12.0 , 12 , 16
4 , 11.72 , 12.0 , 14 , 16
4 , 11.6 , 12.0 , 12 , 16
4 , 11.5 , 12.0 , 14 , 16
4 , 11.46 , 12.0 , 12 , 16
4 , 11.44 , 12.0 , 14 , 14
4 , 11.36 , 12.0 , 12 , 14
4 , 11.34 , 12.0 , 12 , 14
4 , 11.32 , 12.0 , 12 , 14
4 , 11.28 , 12.0 , 12 , 14
4 , 11.26 , 12.0 , 12 , 14
4 , 11.24 , 12.0 , 12 , 14
4 , 11.22 , 12.0 , 12 , 14
4 , 11.22 , 12.0 , 12 , 14
4 , 11.2 , 12.0 , 12 , 14
4 , 11.16 , 12.0 , 12 , 14
4 , 11.08 , 12.0 , 12 , 14
4 , 11.08 , 12.0 , 12 , 14
4 , 11.08 , 12.0 , 12 , 14
4 , 10.96 , 12.0 , 12 , 14
4 , 10.86 , 12.0 , 12 , 14
4 , 10.78 , 12.0 , 12 , 14
4 , 10.72 , 12.0 , 12 , 14
4 , 10.72 , 12.0 , 12 , 14
4 , 10.66 , 12.0 , 12 , 14
4 , 10.6 , 12.0 , 12 , 14
4 , 10.54 , 12.0 , 12 , 14
4 , 10.52 , 12.0 , 12 , 14
4 , 10.48 , 12.0 , 12 , 14
4 , 10.44 , 11.0 , 12 , 14
4 , 10.44 , 11.0 , 12 , 14
4 , 10.36 , 10.0 , 12 , 14
4 , 10.3 , 10.0 , 12 , 14
4 , 10.26 , 10.0 , 12 , 14
4 , 10.18 , 10.0 , 12 , 12
4 , 10.18 , 10.0 , 12 , 12
4 , 10.18 , 10.0 , 12 , 12
4 , 10.14 , 10.0 , 12 , 12
4 , 10.14 , 10.0 , 12 , 12
4 , 10.14 , 10.0 , 12 , 12
4 , 10.14 , 10.0 , 12 , 12
4 , 10.14 , 10.0 , 12 , 12
4 , 10.12 , 10.0 , 12 , 12
4 , 10.12 , 10.0 , 12 , 12
4 , 10.08 , 10.0 , 12 , 12
4 , 10.04 , 10.0 , 12 , 12
4 , 10.04 , 10.0 , 12 , 12
4 , 9.98 , 10.0 , 12 , 12
4 , 9.96 , 10.0 , 12 , 12
4 , 9.96 , 10.0 , 12 , 12
4 , 9.96 , 10.0 , 12 , 12
4 , 9.86 , 10.0 , 12 , 12
4 , 9.82 , 10.0 , 12 , 12
4 , 9.76 , 10.0 , 10 , 12
4 , 9.74 , 10.0 , 10 , 12
4 , 9.66 , 10.0 , 10 , 12
4 , 9.6 , 10.0 , 10 , 12
4 , 9.48 , 10.0 , 10 , 12
4 , 9.48 , 10.0 , 10 , 12
4 , 9.44 , 10.0 , 10 , 12
4 , 9.44 , 10.0 , 10 , 12
4 , 9.42 , 10.0 , 10 , 12
4 , 9.4 , 10.0 , 10 , 12
4 , 9.32 , 10.0 , 10 , 12
4 , 9.3 , 10.0 , 10 , 12
4 , 9.26 , 10.0 , 10 , 12
4 , 9.26 , 10.0 , 10 , 12
4 , 9.26 , 10.0 , 10 , 12
4 , 9.26 , 10.0 , 10 , 12
4 , 9.26 , 10.0 , 10 , 12
4 , 9.24 , 10.0 , 10 , 12
4 , 9.22 , 10.0 , 10 , 12
4 , 9.22 , 10.0 , 10 , 12
4 , 9.16 , 10.0 , 10 , 12
4 , 9.14 , 10.0 , 10 , 12
4 , 9.1 , 10.0 , 10 , 12
4 , 9.1 , 10.0 , 10 , 12
4 , 9.1 , 10.0 , 10 , 12
4 , 9.08 , 10.0 , 10 , 12
4 , 9.08 , 10.0 , 10 , 12
4 , 9.06 , 10.0 , 10 , 12
4 , 9.04 , 10.0 , 10 , 12
4 , 9.04 , 10.0 , 10 , 12
4 , 9.02 , 10.0 , 10 , 12
4 , 9.02 , 10.0 , 10 , 12
4 , 9.02 , 10.0 , 10 , 12
4 , 9.0 , 10.0 , 10 , 12
4 , 8.96 , 10.0 , 10 , 12
4 , 8.94 , 10.0 , 10 , 12
4 , 8.94 , 10.0 , 10 , 12
4 , 8.94 , 10.0 , 10 , 12
4 , 8.94 , 10.0 , 10 , 12
4 , 8.94 , 10.0 , 10 , 12
4 , 8.86 , 10.0 , 10 , 12
4 , 8.82 , 10.0 , 10 , 12
4 , 8.8 , 10.0 , 10 , 12
4 , 8.8 , 10.0 , 10 , 12
4 , 8.8 , 10.0 , 10 , 12
4 , 8.8 , 10.0 , 10 , 12
4 , 8.78 , 10.0 , 10 , 12
4 , 8.74 , 10.0 , 10 , 12
4 , 8.74 , 10.0 , 10 , 12
4 , 8.7 , 10.0 , 10 , 10
4 , 8.7 , 10.0 , 10 , 10
4 , 8.7 , 10.0 , 10 , 10
4 , 8.7 , 10.0 , 10 , 10
4 , 8.7 , 10.0 , 10 , 10
4 , 8.7 , 10.0 , 10 , 10
4 , 8.7 , 10.0 , 10 , 10
4 , 8.66 , 9.0 , 10 , 10
4 , 8.66 , 9.0 , 10 , 10
4 , 8.66 , 9.0 , 10 , 10
4 , 8.62 , 8.0 , 10 , 10
4 , 8.62 , 8.0 , 10 , 10
4 , 8.6 , 8.0 , 10 , 10
4 , 8.6 , 8.0 , 10 , 10
4 , 8.6 , 8.0 , 10 , 10
4 , 8.58 , 8.0 , 10 , 10
4 , 8.58 , 8.0 , 10 , 10
4 , 8.56 , 8.0 , 10 , 10
4 , 8.54 , 8.0 , 10 , 10
4 , 8.52 , 8.0 , 10 , 10
4 , 8.5 , 8.0 , 10 , 10
4 , 8.48 , 8.0 , 8 , 10
4 , 8.48 , 8.0 , 8 , 10
4 , 8.48 , 8.0 , 8 , 10
4 , 8.46 , 8.0 , 8 , 10
4 , 8.38 , 8.0 , 8 , 10
4 , 8.38 , 8.0 , 8 , 10
4 , 8.38 , 8.0 , 8 , 10
4 , 8.38 , 8.0 , 8 , 10
4 , 8.38 , 8.0 , 8 , 10
4 , 8.38 , 8.0 , 8 , 10
4 , 8.38 , 8.0 , 8 , 10
4 , 8.38 , 8.0 , 8 , 10
4 , 8.36 , 8.0 , 8 , 10
4 , 8.36 , 8.0 , 8 , 10
4 , 8.32 , 8.0 , 8 , 10
4 , 8.32 , 8.0 , 8 , 10
4 , 8.3 , 8.0 , 8 , 10
4 , 8.3 , 8.0 , 8 , 10
4 , 8.28 , 8.0 , 8 , 10
4 , 8.28 , 8.0 , 8 , 10
4 , 8.24 , 8.0 , 8 , 10
4 , 8.22 , 8.0 , 8 , 10
4 , 8.22 , 8.0 , 8 , 10
4 , 8.18 , 8.0 , 8 , 10
4 , 8.18 , 8.0 , 8 , 10
4 , 8.18 , 8.0 , 8 , 10
4 , 8.16 , 8.0 , 8 , 10
4 , 8.12 , 8.0 , 8 , 10
4 , 8.04 , 8.0 , 8 , 10
4 , 8.04 , 8.0 , 8 , 10
4 , 8.0 , 8.0 , 8 , 10
4 , 8.0 , 8.0 , 8 , 10
4 , 8.0 , 8.0 , 8 , 10
4 , 8.0 , 8.0 , 8 , 10
4 , 8.0 , 8.0 , 8 , 10
4 , 8.0 , 8.0 , 8 , 10
4 , 7.98 , 8.0 , 8 , 10
4 , 7.98 , 8.0 , 8 , 10
4 , 7.98 , 8.0 , 8 , 10
4 , 7.96 , 8.0 , 8 , 10
4 , 7.94 , 8.0 , 8 , 10
4 , 7.92 , 8.0 , 8 , 10
4 , 7.9 , 8.0 , 8 , 10
4 , 7.9 , 8.0 , 8 , 10
4 , 7.9 , 8.0 , 8 , 10
4 , 7.9 , 8.0 , 8 , 10
4 , 7.9 , 8.0 , 8 , 10
4 , 7.86 , 8.0 , 8 , 10
4 , 7.86 , 8.0 , 8 , 10
4 , 7.86 , 8.0 , 8 , 10
4 , 7.78 , 8.0 , 8 , 10
4 , 7.78 , 8.0 , 8 , 10
4 , 7.78 , 8.0 , 8 , 10
4 , 7.78 , 8.0 , 8 , 10
4 , 7.76 , 8.0 , 8 , 10
4 , 7.76 , 8.0 , 8 , 10
4 , 7.76 , 8.0 , 8 , 10
4 , 7.76 , 8.0 , 8 , 10
4 , 7.74 , 8.0 , 8 , 10
4 , 7.74 , 8.0 , 8 , 10
4 , 7.74 , 8.0 , 8 , 10
4 , 7.74 , 8.0 , 8 , 10
4 , 7.74 , 8.0 , 8 , 10
4 , 7.7 , 8.0 , 8 , 10
4 , 7.68 , 8.0 , 8 , 10
4 , 7.62 , 8.0 , 8 , 10
4 , 7.62 , 8.0 , 8 , 10
4 , 7.6 , 8.0 , 8 , 10
4 , 7.6 , 8.0 , 8 , 10
4 , 7.6 , 8.0 , 8 , 10
4 , 7.6 , 8.0 , 8 , 10
4 , 7.6 , 8.0 , 8 , 10
4 , 7.6 , 8.0 , 8 , 10
4 , 7.6 , 8.0 , 8 , 10
4 , 7.56 , 8.0 , 8 , 10
4 , 7.54 , 8.0 , 8 , 10
4 , 7.52 , 8.0 , 8 , 10
4 , 7.5 , 8.0 , 8 , 10
4 , 7.5 , 8.0 , 8 , 10
4 , 7.48 , 8.0 , 8 , 10
4 , 7.48 , 8.0 , 8 , 10
4 , 7.46 , 8.0 , 8 , 10
4 , 7.46 , 8.0 , 8 , 10
4 , 7.46 , 8.0 , 8 , 10
4 , 7.46 , 8.0 , 8 , 10
4 , 7.46 , 8.0 , 8 , 10
4 , 7.46 , 8.0 , 8 , 10
4 , 7.46 , 8.0 , 8 , 10
4 , 7.46 , 8.0 , 8 , 10
4 , 7.46 , 8.0 , 8 , 10
4 , 7.46 , 8.0 , 8 , 10
4 , 7.42 , 8.0 , 8 , 10
4 , 7.4 , 8.0 , 8 , 10
4 , 7.32 , 8.0 , 8 , 10
4 , 7.24 , 8.0 , 8 , 10
4 , 7.24 , 8.0 , 8 , 10
4 , 7.24 , 8.0 , 8 , 10
4 , 7.2 , 8.0 , 8 , 8
4 , 7.18 , 8.0 , 8 , 8
4 , 7.18 , 8.0 , 8 , 8
4 , 7.18 , 8.0 , 8 , 8
4 , 7.18 , 8.0 , 8 , 8
4 , 7.18 , 8.0 , 8 , 8
4 , 7.16 , 8.0 , 8 , 8
4 , 7.14 , 8.0 , 8 , 8
4 , 7.14 , 8.0 , 8 , 8
4 , 7.14 , 8.0 , 8 , 8
4 , 7.12 , 8.0 , 8 , 8
4 , 7.12 , 8.0 , 8 , 8
4 , 7.12 , 8.0 , 8 , 8
4 , 7.12 , 8.0 , 8 , 8
4 , 7.1 , 8.0 , 8 , 8
4 , 7.1 , 8.0 , 8 , 8
4 , 7.1 , 8.0 , 8 , 8
4 , 7.1 , 8.0 , 8 , 8
4 , 7.1 , 8.0 , 8 , 8
4 , 7.1 , 8.0 , 8 , 8
4 , 7.08 , 8.0 , 8 , 8
4 , 7.08 , 8.0 , 8 , 8
4 , 7.08 , 8.0 , 8 , 8
4 , 7.08 , 8.0 , 8 , 8
4 , 7.08 , 8.0 , 8 , 8
4 , 7.08 , 8.0 , 8 , 8
4 , 7.08 , 8.0 , 8 , 8
4 , 7.08 , 8.0 , 8 , 8
4 , 7.08 , 8.0 , 8 , 8
4 , 7.08 , 8.0 , 8 , 8
4 , 7.08 , 8.0 , 8 , 8
4 , 7.06 , 8.0 , 8 , 8
4 , 7.06 , 8.0 , 8 , 8
4 , 7.06 , 8.0 , 8 , 8
4 , 7.06 , 8.0 , 8 , 8
4 , 7.04 , 8.0 , 8 , 8
4 , 7.04 , 8.0 , 8 , 8
4 , 7.02 , 8.0 , 8 , 8
4 , 7.02 , 8.0 , 8 , 8
4 , 7.02 , 8.0 , 8 , 8
4 , 7.02 , 8.0 , 8 , 8
4 , 7.02 , 8.0 , 8 , 8
4 , 7.02 , 8.0 , 8 , 8
4 , 7.02 , 8.0 , 8 , 8
4 , 7.02 , 8.0 , 8 , 8
4 , 7.02 , 8.0 , 8 , 8
4 , 7.02 , 8.0 , 8 , 8
4 , 7.02 , 8.0 , 8 , 8
4 , 7.02 , 8.0 , 8 , 8
4 , 7.02 , 8.0 , 8 , 8
4 , 7.02 , 8.0 , 8 , 8
4 , 7.02 , 8.0 , 8 , 8
4 , 7.02 , 8.0 , 8 , 8
4 , 7.02 , 8.0 , 8 , 8
4 , 6.98 , 8.0 , 8 , 8
4 , 6.98 , 8.0 , 8 , 8
4 , 6.98 , 8.0 , 8 , 8
4 , 6.96 , 8.0 , 8 , 8
4 , 6.94 , 8.0 , 8 , 8
4 , 6.94 , 8.0 , 8 , 8
4 , 6.92 , 8.0 , 8 , 8
4 , 6.9 , 8.0 , 8 , 8
4 , 6.9 , 8.0 , 8 , 8
4 , 6.9 , 8.0 , 8 , 8
4 , 6.9 , 8.0 , 8 , 8
4 , 6.9 , 8.0 , 8 , 8
4 , 6.9 , 8.0 , 8 , 8
4 , 6.88 , 7.0 , 8 , 8
4 , 6.88 , 7.0 , 8 , 8
4 , 6.88 , 7.0 , 8 , 8
4 , 6.88 , 7.0 , 8 , 8
4 , 6.88 , 7.0 , 8 , 8
4 , 6.88 , 7.0 , 8 , 8
4 , 6.88 , 7.0 , 8 , 8
4 , 6.88 , 7.0 , 8 , 8
4 , 6.88 , 7.0 , 8 , 8
4 , 6.88 , 7.0 , 8 , 8
4 , 6.88 , 7.0 , 8 , 8
4 , 6.88 , 7.0 , 8 , 8
4 , 6.88 , 7.0 , 8 , 8
4 , 6.88 , 7.0 , 8 , 8
4 , 6.88 , 7.0 , 8 , 8
4 , 6.88 , 7.0 , 8 , 8
4 , 6.88 , 7.0 , 8 , 8
4 , 6.88 , 7.0 , 8 , 8
4 , 6.86 , 6.0 , 8 , 8
4 , 6.86 , 6.0 , 8 , 8
4 , 6.84 , 6.0 , 8 , 8
4 , 6.84 , 6.0 , 8 , 8
4 , 6.84 , 6.0 , 8 , 8
4 , 6.84 , 6.0 , 8 , 8
4 , 6.84 , 6.0 , 8 , 8
4 , 6.84 , 6.0 , 8 , 8
4 , 6.84 , 6.0 , 8 , 8
4 , 6.84 , 6.0 , 8 , 8
4 , 6.84 , 6.0 , 8 , 8
4 , 6.82 , 6.0 , 6 , 8
4 , 6.82 , 6.0 , 6 , 8
4 , 6.82 , 6.0 , 6 , 8
4 , 6.82 , 6.0 , 6 , 8
4 , 6.82 , 6.0 , 6 , 8
4 , 6.82 , 6.0 , 6 , 8
4 , 6.82 , 6.0 , 6 , 8
4 , 6.82 , 6.0 , 6 , 8
4 , 6.82 , 6.0 , 6 , 8
4 , 6.82 , 6.0 , 6 , 8
4 , 6.82 , 6.0 , 6 , 8
4 , 6.82 , 6.0 , 6 , 8
4 , 6.82 , 6.0 , 6 , 8
4 , 6.82 , 6.0 , 6 , 8
4 , 6.82 , 6.0 , 6 , 8
4 , 6.82 , 6.0 , 6 , 8
4 , 6.82 , 6.0 , 6 , 8
4 , 6.82 , 6.0 , 6 , 8
4 , 6.82 , 6.0 , 6 , 8
4 , 6.82 , 6.0 , 6 , 8
4 , 6.82 , 6.0 , 6 , 8
4 , 6.82 , 6.0 , 6 , 8
4 , 6.82 , 6.0 , 6 , 8
4 , 6.8 , 6.0 , 6 , 8
4 , 6.78 , 6.0 , 6 , 8
4 , 6.78 , 6.0 , 6 , 8
4 , 6.78 , 6.0 , 6 , 8
4 , 6.78 , 6.0 , 6 , 8
4 , 6.78 , 6.0 , 6 , 8
4 , 6.78 , 6.0 , 6 , 8
4 , 6.78 , 6.0 , 6 , 8
4 , 6.78 , 6.0 , 6 , 8
4 , 6.74 , 6.0 , 6 , 8
4 , 6.74 , 6.0 , 6 , 8
4 , 6.74 , 6.0 , 6 , 8
4 , 6.74 , 6.0 , 6 , 8
4 , 6.74 , 6.0 , 6 , 8
4 , 6.72 , 6.0 , 6 , 8
4 , 6.7 , 6.0 , 6 , 8
4 , 6.7 , 6.0 , 6 , 8
4 , 6.7 , 6.0 , 6 , 8
4 , 6.7 , 6.0 , 6 , 8
4 , 6.7 , 6.0 , 6 , 8
4 , 6.7 , 6.0 , 6 , 8
4 , 6.7 , 6.0 , 6 , 8
4 , 6.68 , 6.0 , 6 , 8
4 , 6.68 , 6.0 , 6 , 8
4 , 6.68 , 6.0 , 6 , 8
4 , 6.66 , 6.0 , 6 , 8
4 , 6.66 , 6.0 , 6 , 8
4 , 6.64 , 6.0 , 6 , 8
4 , 6.62 , 6.0 , 6 , 8
4 , 6.6 , 6.0 , 6 , 8
4 , 6.6 , 6.0 , 6 , 8
4 , 6.6 , 6.0 , 6 , 8
4 , 6.6 , 6.0 , 6 , 8
4 , 6.6 , 6.0 , 6 , 8
4 , 6.6 , 6.0 , 6 , 8
4 , 6.6 , 6.0 , 6 , 8
4 , 6.6 , 6.0 , 6 , 8
4 , 6.56 , 6.0 , 6 , 8
4 , 6.56 , 6.0 , 6 , 8
4 , 6.56 , 6.0 , 6 , 8
4 , 6.56 , 6.0 , 6 , 8
4 , 6.54 , 6.0 , 6 , 8
4 , 6.54 , 6.0 , 6 , 8
4 , 6.54 , 6.0 , 6 , 8
4 , 6.54 , 6.0 , 6 , 8
4 , 6.54 , 6.0 , 6 , 8
4 , 6.54 , 6.0 , 6 , 8
4 , 6.54 , 6.0 , 6 , 8
4 , 6.54 , 6.0 , 6 , 8
4 , 6.54 , 6.0 , 6 , 8
4 , 6.54 , 6.0 , 6 , 8
4 , 6.54 , 6.0 , 6 , 8
4 , 6.54 , 6.0 , 6 , 8
4 , 6.54 , 6.0 , 6 , 8
4 , 6.52 , 6.0 , 6 , 8
4 , 6.5 , 6.0 , 6 , 8
4 , 6.5 , 6.0 , 6 , 8
4 , 6.5 , 6.0 , 6 , 8
4 , 6.5 , 6.0 , 6 , 8
4 , 6.5 , 6.0 , 6 , 8
4 , 6.5 , 6.0 , 6 , 8
4 , 6.5 , 6.0 , 6 , 8
4 , 6.5 , 6.0 , 6 , 8
4 , 6.5 , 6.0 , 6 , 8
4 , 6.5 , 6.0 , 6 , 8
4 , 6.5 , 6.0 , 6 , 8
4 , 6.5 , 6.0 , 6 , 8
4 , 6.5 , 6.0 , 6 , 8
4 , 6.5 , 6.0 , 6 , 8
4 , 6.5 , 6.0 , 6 , 8
4 , 6.5 , 6.0 , 6 , 8
4 , 6.5 , 6.0 , 6 , 8
4 , 6.5 , 6.0 , 6 , 8
4 , 6.5 , 6.0 , 6 , 8
4 , 6.5 , 6.0 , 6 , 8
4 , 6.5 , 6.0 , 6 , 8
4 , 6.5 , 6.0 , 6 , 8
4 , 6.5 , 6.0 , 6 , 8
4 , 6.5 , 6.0 , 6 , 8
4 , 6.5 , 6.0 , 6 , 8
4 , 6.5 , 6.0 , 6 , 8
4 , 6.5 , 6.0 , 6 , 8
4 , 6.5 , 6.0 , 6 , 8
4 , 6.5 , 6.0 , 6 , 8
4 , 6.5 , 6.0 , 6 , 8
4 , 6.5 , 6.0 , 6 , 8
4 , 6.48 , 6.0 , 6 , 8
4 , 6.44 , 6.0 , 6 , 8
4 , 6.44 , 6.0 , 6 , 8
4 , 6.42 , 6.0 , 6 , 8
4 , 6.42 , 6.0 , 6 , 8
4 , 6.4 , 6.0 , 6 , 8
4 , 6.4 , 6.0 , 6 , 8
4 , 6.4 , 6.0 , 6 , 8
4 , 6.38 , 6.0 , 6 , 8
4 , 6.38 , 6.0 , 6 , 8
4 , 6.38 , 6.0 , 6 , 8
4 , 6.38 , 6.0 , 6 , 8
4 , 6.38 , 6.0 , 6 , 8
4 , 6.38 , 6.0 , 6 , 8
4 , 6.38 , 6.0 , 6 , 8
4 , 6.38 , 6.0 , 6 , 8
4 , 6.36 , 6.0 , 6 , 8
4 , 6.36 , 6.0 , 6 , 8
4 , 6.32 , 6.0 , 6 , 8
4 , 6.32 , 6.0 , 6 , 8
4 , 6.28 , 6.0 , 6 , 8
4 , 6.28 , 6.0 , 6 , 8
4 , 6.28 , 6.0 , 6 , 8
4 , 6.28 , 6.0 , 6 , 8
4 , 6.28 , 6.0 , 6 , 8
4 , 6.28 , 6.0 , 6 , 8
4 , 6.28 , 6.0 , 6 , 8
4 , 6.26 , 6.0 , 6 , 8
4 , 6.26 , 6.0 , 6 , 8
4 , 6.26 , 6.0 , 6 , 8
4 , 6.24 , 6.0 , 6 , 8
4 , 6.24 , 6.0 , 6 , 8
4 , 6.24 , 6.0 , 6 , 8
4 , 6.22 , 6.0 , 6 , 8
4 , 6.2 , 6.0 , 6 , 8
4 , 6.2 , 6.0 , 6 , 8
4 , 6.2 , 6.0 , 6 , 8
4 , 6.18 , 6.0 , 6 , 8
4 , 6.18 , 6.0 , 6 , 8
4 , 6.14 , 6.0 , 6 , 8
4 , 6.14 , 6.0 , 6 , 8
4 , 6.12 , 6.0 , 6 , 8
4 , 6.12 , 6.0 , 6 , 8
4 , 6.08 , 6.0 , 6 , 8
4 , 6.06 , 6.0 , 6 , 8
4 , 6.06 , 6.0 , 6 , 8
4 , 6.04 , 6.0 , 6 , 8
4 , 6.04 , 6.0 , 6 , 8
4 , 6.04 , 6.0 , 6 , 8
4 , 6.04 , 6.0 , 6 , 8
4 , 6.04 , 6.0 , 6 , 8
4 , 6.04 , 6.0 , 6 , 8
4 , 6.04 , 6.0 , 6 , 8
4 , 6.04 , 6.0 , 6 , 8
4 , 6.02 , 6.0 , 6 , 8
4 , 6.02 , 6.0 , 6 , 8
4 , 6.02 , 6.0 , 6 , 8
4 , 6.02 , 6.0 , 6 , 8
4 , 6.02 , 6.0 , 6 , 8
4 , 6.02 , 6.0 , 6 , 8
4 , 6.02 , 6.0 , 6 , 8
4 , 6.02 , 6.0 , 6 , 8
4 , 6.02 , 6.0 , 6 , 8
4 , 6.02 , 6.0 , 6 , 8
4 , 6.02 , 6.0 , 6 , 8
4 , 6.02 , 6.0 , 6 , 8
4 , 6.02 , 6.0 , 6 , 8
4 , 6.02 , 6.0 , 6 , 8
4 , 6.02 , 6.0 , 6 , 8
4 , 6.02 , 6.0 , 6 , 8
4 , 5.98 , 6.0 , 6 , 8
4 , 5.96 , 6.0 , 6 , 8
4 , 5.96 , 6.0 , 6 , 8
4 , 5.94 , 6.0 , 6 , 8
4 , 5.94 , 6.0 , 6 , 8
4 , 5.94 , 6.0 , 6 , 8
4 , 5.94 , 6.0 , 6 , 8
4 , 5.94 , 6.0 , 6 , 8
4 , 5.94 , 6.0 , 6 , 8
4 , 5.94 , 6.0 , 6 , 8
4 , 5.94 , 6.0 , 6 , 8
4 , 5.94 , 6.0 , 6 , 8
4 , 5.94 , 6.0 , 6 , 8
4 , 5.94 , 6.0 , 6 , 8
4 , 5.94 , 6.0 , 6 , 8
4 , 5.94 , 6.0 , 6 , 8
4 , 5.94 , 6.0 , 6 , 8
4 , 5.94 , 6.0 , 6 , 8
4 , 5.94 , 6.0 , 6 , 8
4 , 5.94 , 6.0 , 6 , 8
4 , 5.94 , 6.0 , 6 , 8
4 , 5.94 , 6.0 , 6 , 8
4 , 5.92 , 6.0 , 6 , 8
4 , 5.9 , 6.0 , 6 , 8
4 , 5.88 , 6.0 , 6 , 8
4 , 5.88 , 6.0 , 6 , 8
4 , 5.88 , 6.0 , 6 , 8
4 , 5.88 , 6.0 , 6 , 8
4 , 5.88 , 6.0 , 6 , 8
4 , 5.88 , 6.0 , 6 , 8
4 , 5.88 , 6.0 , 6 , 8
4 , 5.88 , 6.0 , 6 , 8
4 , 5.88 , 6.0 , 6 , 8
4 , 5.88 , 6.0 , 6 , 8
4 , 5.88 , 6.0 , 6 , 8
4 , 5.88 , 6.0 , 6 , 8
4 , 5.88 , 6.0 , 6 , 8
4 , 5.88 , 6.0 , 6 , 8
4 , 5.88 , 6.0 , 6 , 8
4 , 5.88 , 6.0 , 6 , 8
4 , 5.86 , 6.0 , 6 , 8
4 , 5.84 , 6.0 , 6 , 8
4 , 5.84 , 6.0 , 6 , 8
4 , 5.84 , 6.0 , 6 , 8
4 , 5.84 , 6.0 , 6 , 8
4 , 5.82 , 6.0 , 6 , 8
4 , 5.82 , 6.0 , 6 , 8
4 , 5.82 , 6.0 , 6 , 8
4 , 5.8 , 6.0 , 6 , 8
4 , 5.8 , 6.0 , 6 , 8
4 , 5.8 , 6.0 , 6 , 8
4 , 5.8 , 6.0 , 6 , 8
4 , 5.76 , 6.0 , 6 , 8
4 , 5.76 , 6.0 , 6 , 8
4 , 5.76 , 6.0 , 6 , 8
4 , 5.76 , 6.0 , 6 , 8
4 , 5.76 , 6.0 , 6 , 8
4 , 5.76 , 6.0 , 6 , 8
4 , 5.76 , 6.0 , 6 , 8
4 , 5.76 , 6.0 , 6 , 8
4 , 5.76 , 6.0 , 6 , 8
4 , 5.76 , 6.0 , 6 , 8
4 , 5.74 , 6.0 , 6 , 6
4 , 5.74 , 6.0 , 6 , 6
4 , 5.74 , 6.0 , 6 , 6
4 , 5.74 , 6.0 , 6 , 6
4 , 5.74 , 6.0 , 6 , 6
4 , 5.74 , 6.0 , 6 , 6
4 , 5.74 , 6.0 , 6 , 6
4 , 5.74 , 6.0 , 6 , 6
4 , 5.74 , 6.0 , 6 , 6
4 , 5.74 , 6.0 , 6 , 6
4 , 5.74 , 6.0 , 6 , 6
4 , 5.72 , 6.0 , 6 , 6
4 , 5.72 , 6.0 , 6 , 6
4 , 5.72 , 6.0 , 6 , 6
4 , 5.72 , 6.0 , 6 , 6
4 , 5.72 , 6.0 , 6 , 6
4 , 5.72 , 6.0 , 6 , 6
4 , 5.72 , 6.0 , 6 , 6
4 , 5.72 , 6.0 , 6 , 6
4 , 5.72 , 6.0 , 6 , 6
4 , 5.72 , 6.0 , 6 , 6
4 , 5.72 , 6.0 , 6 , 6
4 , 5.72 , 6.0 , 6 , 6
4 , 5.72 , 6.0 , 6 , 6
4 , 5.72 , 6.0 , 6 , 6
4 , 5.72 , 6.0 , 6 , 6
4 , 5.72 , 6.0 , 6 , 6
4 , 5.72 , 6.0 , 6 , 6
4 , 5.72 , 6.0 , 6 , 6
4 , 5.72 , 6.0 , 6 , 6
4 , 5.72 , 6.0 , 6 , 6
4 , 5.7 , 6.0 , 6 , 6
4 , 5.7 , 6.0 , 6 , 6
4 , 5.7 , 6.0 , 6 , 6
4 , 5.7 , 6.0 , 6 , 6
4 , 5.7 , 6.0 , 6 , 6
4 , 5.68 , 6.0 , 6 , 6
4 , 5.68 , 6.0 , 6 , 6
4 , 5.68 , 6.0 , 6 , 6
4 , 5.68 , 6.0 , 6 , 6
4 , 5.68 , 6.0 , 6 , 6
4 , 5.68 , 6.0 , 6 , 6
4 , 5.68 , 6.0 , 6 , 6
4 , 5.68 , 6.0 , 6 , 6
4 , 5.68 , 6.0 , 6 , 6
4 , 5.68 , 6.0 , 6 , 6
4 , 5.68 , 6.0 , 6 , 6
4 , 5.68 , 6.0 , 6 , 6
4 , 5.68 , 6.0 , 6 , 6
4 , 5.68 , 6.0 , 6 , 6
4 , 5.68 , 6.0 , 6 , 6
4 , 5.68 , 6.0 , 6 , 6
4 , 5.68 , 6.0 , 6 , 6
4 , 5.68 , 6.0 , 6 , 6
4 , 5.68 , 6.0 , 6 , 6
4 , 5.68 , 6.0 , 6 , 6
4 , 5.68 , 6.0 , 6 , 6
4 , 5.68 , 6.0 , 6 , 6
4 , 5.68 , 6.0 , 6 , 6
4 , 5.68 , 6.0 , 6 , 6
4 , 5.68 , 6.0 , 6 , 6
4 , 5.68 , 6.0 , 6 , 6
4 , 5.66 , 6.0 , 6 , 6
4 , 5.64 , 6.0 , 6 , 6
4 , 5.64 , 6.0 , 6 , 6
4 , 5.64 , 6.0 , 6 , 6
4 , 5.64 , 6.0 , 6 , 6
4 , 5.64 , 6.0 , 6 , 6
4 , 5.64 , 6.0 , 6 , 6
4 , 5.64 , 6.0 , 6 , 6
4 , 5.64 , 6.0 , 6 , 6
4 , 5.64 , 6.0 , 6 , 6
4 , 5.64 , 6.0 , 6 , 6
4 , 5.64 , 6.0 , 6 , 6
4 , 5.64 , 6.0 , 6 , 6
4 , 5.64 , 6.0 , 6 , 6
4 , 5.64 , 6.0 , 6 , 6
4 , 5.64 , 6.0 , 6 , 6
4 , 5.64 , 6.0 , 6 , 6
4 , 5.64 , 6.0 , 6 , 6
4 , 5.64 , 6.0 , 6 , 6
4 , 5.64 , 6.0 , 6 , 6
4 , 5.64 , 6.0 , 6 , 6
4 , 5.64 , 6.0 , 6 , 6
4 , 5.64 , 6.0 , 6 , 6
4 , 5.64 , 6.0 , 6 , 6
4 , 5.64 , 6.0 , 6 , 6
4 , 5.64 , 6.0 , 6 , 6
4 , 5.64 , 6.0 , 6 , 6
4 , 5.64 , 6.0 , 6 , 6
4 , 5.64 , 6.0 , 6 , 6
4 , 5.64 , 6.0 , 6 , 6
4 , 5.64 , 6.0 , 6 , 6
4 , 5.64 , 6.0 , 6 , 6
4 , 5.64 , 6.0 , 6 , 6
4 , 5.64 , 6.0 , 6 , 6
4 , 5.64 , 6.0 , 6 , 6
4 , 5.64 , 6.0 , 6 , 6
4 , 5.62 , 6.0 , 6 , 6
4 , 5.62 , 6.0 , 6 , 6
2 , 5.58 , 6.0 , 6 , 6
2 , 5.58 , 6.0 , 6 , 6
2 , 5.58 , 6.0 , 6 , 6
2 , 5.56 , 6.0 , 6 , 6
2 , 5.56 , 6.0 , 6 , 6
2 , 5.56 , 6.0 , 6 , 6
2 , 5.56 , 6.0 , 6 , 6
2 , 5.56 , 6.0 , 6 , 6
2 , 5.56 , 6.0 , 6 , 6
2 , 5.56 , 6.0 , 6 , 6
2 , 5.56 , 6.0 , 6 , 6
2 , 5.56 , 6.0 , 6 , 6
2 , 5.56 , 6.0 , 6 , 6
2 , 5.56 , 6.0 , 6 , 6
2 , 5.56 , 6.0 , 6 , 6
2 , 5.56 , 6.0 , 6 , 6
2 , 5.56 , 6.0 , 6 , 6
2 , 5.56 , 6.0 , 6 , 6
2 , 5.56 , 6.0 , 6 , 6
2 , 5.56 , 6.0 , 6 , 6
2 , 5.56 , 6.0 , 6 , 6
2 , 5.56 , 6.0 , 6 , 6
2 , 5.56 , 6.0 , 6 , 6
2 , 5.56 , 6.0 , 6 , 6
2 , 5.56 , 6.0 , 6 , 6
2 , 5.56 , 6.0 , 6 , 6
2 , 5.56 , 6.0 , 6 , 6
2 , 5.56 , 6.0 , 6 , 6
2 , 5.56 , 6.0 , 6 , 6
2 , 5.56 , 6.0 , 6 , 6
2 , 5.56 , 6.0 , 6 , 6
2 , 5.56 , 6.0 , 6 , 6
2 , 5.56 , 6.0 , 6 , 6
2 , 5.56 , 6.0 , 6 , 6
2 , 5.56 , 6.0 , 6 , 6
2 , 5.56 , 6.0 , 6 , 6
2 , 5.56 , 6.0 , 6 , 6
2 , 5.56 , 6.0 , 6 , 6
2 , 5.56 , 6.0 , 6 , 6
2 , 5.56 , 6.0 , 6 , 6
2 , 5.56 , 6.0 , 6 , 6
2 , 5.56 , 6.0 , 6 , 6
2 , 5.56 , 6.0 , 6 , 6
2 , 5.56 , 6.0 , 6 , 6
2 , 5.56 , 6.0 , 6 , 6
2 , 5.56 , 6.0 , 6 , 6
2 , 5.56 , 6.0 , 6 , 6
2 , 5.56 , 6.0 , 6 , 6
2 , 5.56 , 6.0 , 6 , 6
2 , 5.56 , 6.0 , 6 , 6
2 , 5.56 , 6.0 , 6 , 6
2 , 5.56 , 6.0 , 6 , 6
2 , 5.56 , 6.0 , 6 , 6
2 , 5.56 , 6.0 , 6 , 6
2 , 5.56 , 6.0 , 6 , 6
2 , 5.56 , 6.0 , 6 , 6
2 , 5.56 , 6.0 , 6 , 6
2 , 5.56 , 6.0 , 6 , 6
2 , 5.56 , 6.0 , 6 , 6
2 , 5.56 , 6.0 , 6 , 6
2 , 5.56 , 6.0 , 6 , 6
2 , 5.56 , 6.0 , 6 , 6
2 , 5.56 , 6.0 , 6 , 6
2 , 5.56 , 6.0 , 6 , 6
2 , 5.56 , 6.0 , 6 , 6
2 , 5.56 , 6.0 , 6 , 6
2 , 5.54 , 6.0 , 6 , 6
2 , 5.54 , 6.0 , 6 , 6
2 , 5.54 , 6.0 , 6 , 6
2 , 5.54 , 6.0 , 6 , 6
2 , 5.54 , 6.0 , 6 , 6
2 , 5.54 , 6.0 , 6 , 6
2 , 5.54 , 6.0 , 6 , 6
2 , 5.54 , 6.0 , 6 , 6
2 , 5.54 , 6.0 , 6 , 6
2 , 5.54 , 6.0 , 6 , 6
2 , 5.54 , 6.0 , 6 , 6
2 , 5.54 , 6.0 , 6 , 6
2 , 5.52 , 6.0 , 6 , 6
2 , 5.52 , 6.0 , 6 , 6
2 , 5.52 , 6.0 , 6 , 6
2 , 5.52 , 6.0 , 6 , 6
2 , 5.52 , 6.0 , 6 , 6
2 , 5.52 , 6.0 , 6 , 6
2 , 5.52 , 6.0 , 6 , 6
2 , 5.52 , 6.0 , 6 , 6
2 , 5.52 , 6.0 , 6 , 6
2 , 5.52 , 6.0 , 6 , 6
2 , 5.52 , 6.0 , 6 , 6
2 , 5.52 , 6.0 , 6 , 6
2 , 5.52 , 6.0 , 6 , 6
2 , 5.52 , 6.0 , 6 , 6
2 , 5.52 , 6.0 , 6 , 6
2 , 5.52 , 6.0 , 6 , 6
2 , 5.48 , 6.0 , 6 , 6
2 , 5.48 , 6.0 , 6 , 6
2 , 5.48 , 6.0 , 6 , 6
2 , 5.48 , 6.0 , 6 , 6
2 , 5.48 , 6.0 , 6 , 6
2 , 5.48 , 6.0 , 6 , 6
2 , 5.48 , 6.0 , 6 , 6
2 , 5.48 , 6.0 , 6 , 6
2 , 5.48 , 6.0 , 6 , 6
2 , 5.48 , 6.0 , 6 , 6
2 , 5.48 , 6.0 , 6 , 6
2 , 5.48 , 6.0 , 6 , 6
2 , 5.48 , 6.0 , 6 , 6
2 , 5.48 , 6.0 , 6 , 6
2 , 5.48 , 6.0 , 6 , 6
2 , 5.48 , 6.0 , 6 , 6
2 , 5.48 , 6.0 , 6 , 6
2 , 5.48 , 6.0 , 6 , 6
2 , 5.48 , 6.0 , 6 , 6
2 , 5.46 , 6.0 , 6 , 6
2 , 5.46 , 6.0 , 6 , 6
2 , 5.46 , 6.0 , 6 , 6
2 , 5.46 , 6.0 , 6 , 6
2 , 5.46 , 6.0 , 6 , 6
2 , 5.46 , 6.0 , 6 , 6
2 , 5.46 , 6.0 , 6 , 6
2 , 5.46 , 6.0 , 6 , 6
2 , 5.46 , 6.0 , 6 , 6
2 , 5.46 , 6.0 , 6 , 6
2 , 5.46 , 6.0 , 6 , 6
2 , 5.46 , 6.0 , 6 , 6
2 , 5.46 , 6.0 , 6 , 6
2 , 5.46 , 6.0 , 6 , 6
2 , 5.46 , 6.0 , 6 , 6
2 , 5.44 , 6.0 , 6 , 6
2 , 5.44 , 6.0 , 6 , 6
2 , 5.44 , 6.0 , 6 , 6
2 , 5.44 , 6.0 , 6 , 6
2 , 5.44 , 6.0 , 6 , 6
2 , 5.44 , 6.0 , 6 , 6
2 , 5.44 , 6.0 , 6 , 6
2 , 5.44 , 6.0 , 6 , 6
2 , 5.44 , 6.0 , 6 , 6
2 , 5.42 , 6.0 , 6 , 6
2 , 5.4 , 6.0 , 6 , 6
2 , 5.4 , 6.0 , 6 , 6
2 , 5.4 , 6.0 , 6 , 6
2 , 5.4 , 6.0 , 6 , 6
2 , 5.4 , 6.0 , 6 , 6
2 , 5.4 , 6.0 , 6 , 6
2 , 5.4 , 6.0 , 6 , 6
2 , 5.4 , 6.0 , 6 , 6
2 , 5.4 , 6.0 , 6 , 6
2 , 5.4 , 6.0 , 6 , 6
2 , 5.4 , 6.0 , 6 , 6
2 , 5.4 , 6.0 , 6 , 6
2 , 5.4 , 6.0 , 6 , 6
2 , 5.4 , 6.0 , 6 , 6
2 , 5.4 , 6.0 , 6 , 6
2 , 5.4 , 6.0 , 6 , 6
2 , 5.4 , 6.0 , 6 , 6
2 , 5.4 , 6.0 , 6 , 6
2 , 5.4 , 6.0 , 6 , 6
2 , 5.4 , 6.0 , 6 , 6
2 , 5.4 , 6.0 , 6 , 6
2 , 5.4 , 6.0 , 6 , 6
2 , 5.4 , 6.0 , 6 , 6
2 , 5.4 , 6.0 , 6 , 6
2 , 5.4 , 6.0 , 6 , 6
2 , 5.4 , 6.0 , 6 , 6
2 , 5.4 , 6.0 , 6 , 6
2 , 5.4 , 6.0 , 6 , 6
2 , 5.4 , 6.0 , 6 , 6
2 , 5.4 , 6.0 , 6 , 6
2 , 5.4 , 6.0 , 6 , 6
2 , 5.4 , 6.0 , 6 , 6
2 , 5.4 , 6.0 , 6 , 6
2 , 5.4 , 6.0 , 6 , 6
2 , 5.4 , 6.0 , 6 , 6
2 , 5.4 , 6.0 , 6 , 6
2 , 5.4 , 6.0 , 6 , 6
2 , 5.4 , 6.0 , 6 , 6
2 , 5.4 , 6.0 , 6 , 6
2 , 5.4 , 6.0 , 6 , 6
2 , 5.4 , 6.0 , 6 , 6
2 , 5.4 , 6.0 , 6 , 6
2 , 5.4 , 6.0 , 6 , 6
2 , 5.38 , 6.0 , 6 , 6
2 , 5.38 , 6.0 , 6 , 6
2 , 5.38 , 6.0 , 6 , 6
2 , 5.38 , 6.0 , 6 , 6
2 , 5.38 , 6.0 , 6 , 6
2 , 5.38 , 6.0 , 6 , 6
2 , 5.38 , 6.0 , 6 , 6
2 , 5.38 , 6.0 , 6 , 6
2 , 5.38 , 6.0 , 6 , 6
2 , 5.38 , 6.0 , 6 , 6
2 , 5.38 , 6.0 , 6 , 6
2 , 5.38 , 6.0 , 6 , 6
2 , 5.38 , 6.0 , 6 , 6
2 , 5.38 , 6.0 , 6 , 6
2 , 5.38 , 6.0 , 6 , 6
2 , 5.38 , 6.0 , 6 , 6
2 , 5.38 , 6.0 , 6 , 6
2 , 5.38 , 6.0 , 6 , 6
2 , 5.38 , 6.0 , 6 , 6
2 , 5.38 , 6.0 , 6 , 6
2 , 5.38 , 6.0 , 6 , 6
2 , 5.38 , 6.0 , 6 , 6
2 , 5.38 , 6.0 , 6 , 6
2 , 5.38 , 6.0 , 6 , 6
2 , 5.38 , 6.0 , 6 , 6
2 , 5.38 , 6.0 , 6 , 6
2 , 5.38 , 6.0 , 6 , 6
2 , 5.38 , 6.0 , 6 , 6
2 , 5.38 , 6.0 , 6 , 6
2 , 5.38 , 6.0 , 6 , 6
2 , 5.38 , 6.0 , 6 , 6
2 , 5.38 , 6.0 , 6 , 6
2 , 5.38 , 6.0 , 6 , 6
2 , 5.38 , 6.0 , 6 , 6
2 , 5.38 , 6.0 , 6 , 6
2 , 5.36 , 6.0 , 6 , 6
2 , 5.34 , 6.0 , 6 , 6
2 , 5.34 , 6.0 , 6 , 6
2 , 5.34 , 6.0 , 6 , 6
2 , 5.34 , 6.0 , 6 , 6
2 , 5.34 , 6.0 , 6 , 6
2 , 5.34 , 6.0 , 6 , 6
2 , 5.34 , 6.0 , 6 , 6
2 , 5.34 , 6.0 , 6 , 6
2 , 5.34 , 6.0 , 6 , 6
2 , 5.34 , 6.0 , 6 , 6
2 , 5.34 , 6.0 , 6 , 6
2 , 5.34 , 6.0 , 6 , 6
2 , 5.34 , 6.0 , 6 , 6
2 , 5.34 , 6.0 , 6 , 6
2 , 5.34 , 6.0 , 6 , 6
2 , 5.34 , 6.0 , 6 , 6
2 , 5.34 , 6.0 , 6 , 6
2 , 5.34 , 6.0 , 6 , 6
2 , 5.34 , 6.0 , 6 , 6
2 , 5.34 , 6.0 , 6 , 6
2 , 5.34 , 6.0 , 6 , 6
2 , 5.34 , 6.0 , 6 , 6
2 , 5.34 , 6.0 , 6 , 6
2 , 5.32 , 6.0 , 6 , 6
2 , 5.32 , 6.0 , 6 , 6
2 , 5.32 , 6.0 , 6 , 6
2 , 5.32 , 6.0 , 6 , 6
2 , 5.32 , 6.0 , 6 , 6
2 , 5.32 , 6.0 , 6 , 6
2 , 5.32 , 6.0 , 6 , 6
2 , 5.32 , 6.0 , 6 , 6
2 , 5.32 , 6.0 , 6 , 6
2 , 5.32 , 6.0 , 6 , 6
2 , 5.32 , 6.0 , 6 , 6
2 , 5.32 , 6.0 , 6 , 6
2 , 5.32 , 6.0 , 6 , 6
2 , 5.32 , 6.0 , 6 , 6
2 , 5.32 , 6.0 , 6 , 6
2 , 5.32 , 6.0 , 6 , 6
2 , 5.32 , 6.0 , 6 , 6
2 , 5.32 , 6.0 , 6 , 6
2 , 5.32 , 6.0 , 6 , 6
2 , 5.32 , 6.0 , 6 , 6
2 , 5.32 , 6.0 , 6 , 6
2 , 5.32 , 6.0 , 6 , 6
2 , 5.32 , 6.0 , 6 , 6
2 , 5.3 , 6.0 , 6 , 6
2 , 5.3 , 6.0 , 6 , 6
2 , 5.3 , 6.0 , 6 , 6
2 , 5.3 , 6.0 , 6 , 6
2 , 5.3 , 6.0 , 6 , 6
2 , 5.3 , 6.0 , 6 , 6
2 , 5.3 , 6.0 , 6 , 6
2 , 5.3 , 6.0 , 6 , 6
2 , 5.3 , 6.0 , 6 , 6
2 , 5.3 , 6.0 , 6 , 6
2 , 5.3 , 6.0 , 6 , 6
2 , 5.3 , 6.0 , 6 , 6
2 , 5.3 , 6.0 , 6 , 6
2 , 5.3 , 6.0 , 6 , 6
2 , 5.3 , 6.0 , 6 , 6
2 , 5.3 , 6.0 , 6 , 6
2 , 5.3 , 6.0 , 6 , 6
2 , 5.3 , 6.0 , 6 , 6
2 , 5.3 , 6.0 , 6 , 6
2 , 5.28 , 6.0 , 6 , 6
2 , 5.28 , 6.0 , 6 , 6
2 , 5.28 , 6.0 , 6 , 6
2 , 5.26 , 6.0 , 6 , 6
2 , 5.26 , 6.0 , 6 , 6
2 , 5.26 , 6.0 , 6 , 6
2 , 5.22 , 6.0 , 6 , 6
2 , 5.22 , 6.0 , 6 , 6
2 , 5.2 , 6.0 , 6 , 6
2 , 5.2 , 6.0 , 6 , 6
2 , 5.2 , 6.0 , 6 , 6
2 , 5.2 , 6.0 , 6 , 6
2 , 5.2 , 6.0 , 6 , 6
2 , 5.2 , 6.0 , 6 , 6
2 , 5.2 , 6.0 , 6 , 6
2 , 5.2 , 6.0 , 6 , 6
2 , 5.2 , 6.0 , 6 , 6
2 , 5.2 , 6.0 , 6 , 6
2 , 5.2 , 6.0 , 6 , 6
2 , 5.2 , 6.0 , 6 , 6
2 , 5.2 , 6.0 , 6 , 6
2 , 5.2 , 6.0 , 6 , 6
2 , 5.2 , 6.0 , 6 , 6
2 , 5.2 , 6.0 , 6 , 6
2 , 5.18 , 6.0 , 6 , 6
2 , 5.18 , 6.0 , 6 , 6
2 , 5.16 , 6.0 , 6 , 6
2 , 5.16 , 6.0 , 6 , 6
2 , 5.16 , 6.0 , 6 , 6
2 , 5.16 , 6.0 , 6 , 6
0  Perfect solutions
perfect solution individuals []
