4 , 15.82 , 16.0 , 16 , 26
4 , 15.6 , 16.0 , 16 , 24
4 , 15.38 , 16.0 , 16 , 24
4 , 15.18 , 16.0 , 16 , 24
4 , 14.98 , 15.0 , 16 , 22
4 , 14.76 , 14.0 , 16 , 22
4 , 14.54 , 14.0 , 14 , 22
4 , 14.38 , 14.0 , 14 , 22
4 , 14.18 , 14.0 , 14 , 22
4 , 14.0 , 14.0 , 16 , 20
4 , 13.92 , 14.0 , 16 , 20
4 , 13.9 , 14.0 , 16 , 20
4 , 13.8 , 14.0 , 16 , 20
4 , 13.64 , 14.0 , 16 , 20
4 , 13.52 , 14.0 , 16 , 18
4 , 13.48 , 14.0 , 16 , 18
4 , 13.38 , 14.0 , 16 , 18
4 , 13.3 , 14.0 , 16 , 18
4 , 13.24 , 14.0 , 16 , 18
4 , 13.12 , 14.0 , 16 , 18
4 , 13.04 , 14.0 , 16 , 18
4 , 12.96 , 14.0 , 16 , 18
4 , 12.9 , 14.0 , 16 , 18
4 , 12.9 , 14.0 , 16 , 18
4 , 12.76 , 13.0 , 16 , 16
4 , 12.76 , 13.0 , 16 , 16
4 , 12.7 , 12.0 , 16 , 16
4 , 12.7 , 12.0 , 16 , 16
4 , 12.64 , 12.0 , 12 , 16
4 , 12.64 , 12.0 , 12 , 16
4 , 12.52 , 12.0 , 12 , 16
4 , 12.44 , 12.0 , 12 , 16
4 , 12.42 , 12.0 , 12 , 16
4 , 12.36 , 12.0 , 12 , 16
4 , 12.32 , 12.0 , 12 , 16
4 , 12.32 , 12.0 , 12 , 16
4 , 12.3 , 12.0 , 12 , 16
4 , 12.26 , 12.0 , 14 , 16
4 , 12.18 , 12.0 , 14 , 16
4 , 12.18 , 12.0 , 14 , 16
4 , 12.14 , 12.0 , 14 , 16
4 , 12.06 , 12.0 , 14 , 16
4 , 12.0 , 12.0 , 14 , 16
4 , 12.0 , 12.0 , 14 , 16
4 , 11.88 , 12.0 , 12 , 16
4 , 11.84 , 12.0 , 12 , 16
4 , 11.82 , 12.0 , 12 , 16
4 , 11.82 , 12.0 , 12 , 16
4 , 11.74 , 12.0 , 12 , 16
4 , 11.7 , 12.0 , 12 , 16
4 , 11.64 , 12.0 , 12 , 16
4 , 11.62 , 12.0 , 12 , 16
4 , 11.58 , 12.0 , 12 , 16
4 , 11.46 , 12.0 , 12 , 14
4 , 11.38 , 12.0 , 12 , 14
4 , 11.38 , 12.0 , 12 , 14
4 , 11.26 , 12.0 , 12 , 14
4 , 11.22 , 12.0 , 12 , 14
4 , 11.18 , 12.0 , 12 , 14
4 , 11.18 , 12.0 , 12 , 14
4 , 11.1 , 12.0 , 12 , 14
4 , 11.1 , 12.0 , 12 , 14
4 , 11.1 , 12.0 , 12 , 14
4 , 11.06 , 12.0 , 12 , 14
4 , 10.98 , 12.0 , 12 , 14
4 , 10.96 , 12.0 , 12 , 14
4 , 10.94 , 12.0 , 12 , 14
4 , 10.9 , 12.0 , 12 , 14
4 , 10.86 , 12.0 , 12 , 14
4 , 10.82 , 12.0 , 12 , 14
4 , 10.76 , 12.0 , 12 , 14
4 , 10.72 , 12.0 , 12 , 14
4 , 10.66 , 12.0 , 12 , 14
4 , 10.62 , 11.0 , 12 , 14
4 , 10.58 , 11.0 , 12 , 14
4 , 10.44 , 10.0 , 12 , 14
4 , 10.42 , 10.0 , 12 , 14
4 , 10.32 , 10.0 , 12 , 14
4 , 10.32 , 10.0 , 12 , 14
4 , 10.32 , 10.0 , 12 , 14
4 , 10.32 , 10.0 , 12 , 14
4 , 10.26 , 10.0 , 12 , 14
4 , 10.24 , 10.0 , 12 , 14
4 , 10.2 , 10.0 , 12 , 12
4 , 10.2 , 10.0 , 12 , 12
4 , 10.14 , 10.0 , 12 , 12
4 , 10.1 , 10.0 , 12 , 12
4 , 10.02 , 10.0 , 12 , 12
4 , 10.02 , 10.0 , 12 , 12
4 , 10.02 , 10.0 , 12 , 12
4 , 9.96 , 10.0 , 12 , 12
4 , 9.94 , 10.0 , 12 , 12
4 , 9.94 , 10.0 , 12 , 12
4 , 9.9 , 10.0 , 12 , 12
4 , 9.9 , 10.0 , 12 , 12
4 , 9.88 , 10.0 , 12 , 12
4 , 9.88 , 10.0 , 12 , 12
4 , 9.84 , 10.0 , 12 , 12
4 , 9.84 , 10.0 , 12 , 12
4 , 9.78 , 10.0 , 12 , 12
4 , 9.76 , 10.0 , 10 , 12
4 , 9.76 , 10.0 , 10 , 12
4 , 9.76 , 10.0 , 10 , 12
4 , 9.7 , 10.0 , 10 , 12
4 , 9.64 , 10.0 , 10 , 12
4 , 9.64 , 10.0 , 10 , 12
4 , 9.6 , 10.0 , 10 , 12
4 , 9.58 , 10.0 , 10 , 12
4 , 9.58 , 10.0 , 10 , 12
4 , 9.56 , 10.0 , 10 , 12
4 , 9.54 , 10.0 , 10 , 12
4 , 9.5 , 10.0 , 10 , 12
4 , 9.44 , 10.0 , 10 , 12
4 , 9.4 , 10.0 , 10 , 12
4 , 9.4 , 10.0 , 10 , 12
4 , 9.36 , 10.0 , 10 , 12
4 , 9.34 , 10.0 , 10 , 12
4 , 9.34 , 10.0 , 10 , 12
4 , 9.34 , 10.0 , 10 , 12
4 , 9.28 , 10.0 , 10 , 12
4 , 9.24 , 10.0 , 10 , 12
4 , 9.24 , 10.0 , 10 , 12
4 , 9.22 , 10.0 , 10 , 12
4 , 9.18 , 10.0 , 10 , 12
4 , 9.16 , 10.0 , 10 , 12
4 , 9.14 , 10.0 , 10 , 12
4 , 9.1 , 10.0 , 10 , 12
4 , 9.08 , 10.0 , 10 , 12
4 , 9.02 , 10.0 , 10 , 12
4 , 8.98 , 10.0 , 10 , 12
4 , 8.94 , 10.0 , 10 , 12
4 , 8.94 , 10.0 , 10 , 12
4 , 8.9 , 10.0 , 10 , 12
4 , 8.88 , 10.0 , 10 , 12
4 , 8.86 , 10.0 , 10 , 12
4 , 8.86 , 10.0 , 10 , 12
4 , 8.86 , 10.0 , 10 , 12
4 , 8.86 , 10.0 , 10 , 12
4 , 8.82 , 10.0 , 10 , 12
4 , 8.82 , 10.0 , 10 , 12
4 , 8.82 , 10.0 , 10 , 12
4 , 8.78 , 10.0 , 10 , 12
4 , 8.76 , 10.0 , 10 , 10
4 , 8.76 , 10.0 , 10 , 10
4 , 8.76 , 10.0 , 10 , 10
4 , 8.72 , 10.0 , 10 , 10
4 , 8.72 , 10.0 , 10 , 10
4 , 8.72 , 10.0 , 10 , 10
4 , 8.72 , 10.0 , 10 , 10
4 , 8.72 , 10.0 , 10 , 10
4 , 8.72 , 10.0 , 10 , 10
4 , 8.72 , 10.0 , 10 , 10
4 , 8.72 , 10.0 , 10 , 10
4 , 8.7 , 10.0 , 10 , 10
4 , 8.7 , 10.0 , 10 , 10
4 , 8.7 , 10.0 , 10 , 10
4 , 8.66 , 8.0 , 10 , 10
4 , 8.56 , 8.0 , 10 , 10
4 , 8.56 , 8.0 , 10 , 10
4 , 8.54 , 8.0 , 10 , 10
4 , 8.54 , 8.0 , 10 , 10
4 , 8.54 , 8.0 , 10 , 10
4 , 8.5 , 8.0 , 10 , 10
4 , 8.5 , 8.0 , 10 , 10
4 , 8.5 , 8.0 , 10 , 10
4 , 8.5 , 8.0 , 10 , 10
4 , 8.5 , 8.0 , 10 , 10
4 , 8.5 , 8.0 , 10 , 10
4 , 8.5 , 8.0 , 10 , 10
4 , 8.5 , 8.0 , 10 , 10
4 , 8.46 , 8.0 , 10 , 10
4 , 8.46 , 8.0 , 10 , 10
4 , 8.46 , 8.0 , 10 , 10
4 , 8.46 , 8.0 , 10 , 10
4 , 8.46 , 8.0 , 10 , 10
4 , 8.4 , 8.0 , 10 , 10
4 , 8.4 , 8.0 , 10 , 10
4 , 8.36 , 8.0 , 10 , 10
4 , 8.36 , 8.0 , 10 , 10
4 , 8.36 , 8.0 , 10 , 10
4 , 8.36 , 8.0 , 10 , 10
4 , 8.34 , 8.0 , 10 , 10
4 , 8.32 , 8.0 , 8 , 10
4 , 8.32 , 8.0 , 8 , 10
4 , 8.3 , 8.0 , 8 , 10
4 , 8.3 , 8.0 , 8 , 10
4 , 8.3 , 8.0 , 8 , 10
4 , 8.28 , 8.0 , 8 , 10
4 , 8.28 , 8.0 , 8 , 10
4 , 8.28 , 8.0 , 8 , 10
4 , 8.28 , 8.0 , 8 , 10
4 , 8.22 , 8.0 , 8 , 10
4 , 8.22 , 8.0 , 8 , 10
4 , 8.22 , 8.0 , 8 , 10
4 , 8.2 , 8.0 , 8 , 10
4 , 8.2 , 8.0 , 8 , 10
4 , 8.2 , 8.0 , 8 , 10
4 , 8.18 , 8.0 , 8 , 10
4 , 8.18 , 8.0 , 8 , 10
4 , 8.16 , 8.0 , 8 , 10
4 , 8.16 , 8.0 , 8 , 10
4 , 8.14 , 8.0 , 8 , 10
4 , 8.14 , 8.0 , 8 , 10
4 , 8.14 , 8.0 , 8 , 10
4 , 8.14 , 8.0 , 8 , 10
4 , 8.12 , 8.0 , 8 , 10
4 , 8.12 , 8.0 , 8 , 10
4 , 8.12 , 8.0 , 8 , 10
4 , 8.12 , 8.0 , 8 , 10
4 , 8.08 , 8.0 , 8 , 10
4 , 8.08 , 8.0 , 8 , 10
4 , 8.08 , 8.0 , 8 , 10
4 , 8.08 , 8.0 , 8 , 10
4 , 8.08 , 8.0 , 8 , 10
4 , 8.06 , 8.0 , 8 , 10
4 , 8.02 , 8.0 , 8 , 10
4 , 8.0 , 8.0 , 8 , 10
4 , 7.9 , 8.0 , 8 , 10
4 , 7.9 , 8.0 , 8 , 10
4 , 7.9 , 8.0 , 8 , 10
4 , 7.9 , 8.0 , 8 , 10
4 , 7.9 , 8.0 , 8 , 10
4 , 7.9 , 8.0 , 8 , 10
4 , 7.9 , 8.0 , 8 , 10
4 , 7.88 , 8.0 , 8 , 10
4 , 7.88 , 8.0 , 8 , 10
4 , 7.82 , 8.0 , 8 , 10
4 , 7.78 , 8.0 , 8 , 10
4 , 7.78 , 8.0 , 8 , 10
4 , 7.74 , 8.0 , 8 , 10
4 , 7.74 , 8.0 , 8 , 10
4 , 7.74 , 8.0 , 8 , 10
4 , 7.74 , 8.0 , 8 , 10
4 , 7.66 , 8.0 , 8 , 10
4 , 7.58 , 8.0 , 8 , 10
4 , 7.58 , 8.0 , 8 , 10
4 , 7.58 , 8.0 , 8 , 10
4 , 7.58 , 8.0 , 8 , 10
4 , 7.56 , 8.0 , 8 , 10
4 , 7.56 , 8.0 , 8 , 10
4 , 7.56 , 8.0 , 8 , 10
4 , 7.56 , 8.0 , 8 , 10
4 , 7.54 , 8.0 , 8 , 10
4 , 7.54 , 8.0 , 8 , 10
4 , 7.54 , 8.0 , 8 , 10
4 , 7.54 , 8.0 , 8 , 10
4 , 7.5 , 8.0 , 8 , 10
4 , 7.5 , 8.0 , 8 , 10
4 , 7.5 , 8.0 , 8 , 10
4 , 7.48 , 8.0 , 8 , 10
4 , 7.48 , 8.0 , 8 , 10
4 , 7.46 , 8.0 , 8 , 10
4 , 7.46 , 8.0 , 8 , 10
4 , 7.46 , 8.0 , 8 , 10
4 , 7.46 , 8.0 , 8 , 10
4 , 7.44 , 8.0 , 8 , 10
4 , 7.44 , 8.0 , 8 , 10
4 , 7.44 , 8.0 , 8 , 10
4 , 7.4 , 8.0 , 8 , 10
4 , 7.4 , 8.0 , 8 , 10
4 , 7.4 , 8.0 , 8 , 10
4 , 7.4 , 8.0 , 8 , 10
4 , 7.4 , 8.0 , 8 , 10
4 , 7.4 , 8.0 , 8 , 10
4 , 7.4 , 8.0 , 8 , 10
4 , 7.4 , 8.0 , 8 , 10
4 , 7.36 , 8.0 , 8 , 10
4 , 7.36 , 8.0 , 8 , 10
4 , 7.36 , 8.0 , 8 , 10
4 , 7.36 , 8.0 , 8 , 10
4 , 7.36 , 8.0 , 8 , 10
4 , 7.36 , 8.0 , 8 , 10
4 , 7.34 , 8.0 , 8 , 10
4 , 7.34 , 8.0 , 8 , 10
4 , 7.34 , 8.0 , 8 , 10
4 , 7.32 , 8.0 , 8 , 10
4 , 7.3 , 8.0 , 8 , 10
4 , 7.26 , 8.0 , 8 , 10
4 , 7.26 , 8.0 , 8 , 10
4 , 7.24 , 8.0 , 8 , 10
4 , 7.2 , 8.0 , 8 , 8
4 , 7.18 , 8.0 , 8 , 8
4 , 7.18 , 8.0 , 8 , 8
4 , 7.18 , 8.0 , 8 , 8
4 , 7.18 , 8.0 , 8 , 8
4 , 7.18 , 8.0 , 8 , 8
4 , 7.16 , 8.0 , 8 , 8
4 , 7.16 , 8.0 , 8 , 8
4 , 7.14 , 8.0 , 8 , 8
4 , 7.12 , 8.0 , 8 , 8
4 , 7.12 , 8.0 , 8 , 8
4 , 7.12 , 8.0 , 8 , 8
4 , 7.12 , 8.0 , 8 , 8
4 , 7.12 , 8.0 , 8 , 8
4 , 7.12 , 8.0 , 8 , 8
4 , 7.12 , 8.0 , 8 , 8
4 , 7.12 , 8.0 , 8 , 8
4 , 7.12 , 8.0 , 8 , 8
4 , 7.12 , 8.0 , 8 , 8
4 , 7.1 , 8.0 , 8 , 8
4 , 7.1 , 8.0 , 8 , 8
4 , 7.1 , 8.0 , 8 , 8
4 , 7.1 , 8.0 , 8 , 8
4 , 7.1 , 8.0 , 8 , 8
4 , 7.1 , 8.0 , 8 , 8
4 , 7.1 , 8.0 , 8 , 8
4 , 7.1 , 8.0 , 8 , 8
4 , 7.1 , 8.0 , 8 , 8
4 , 7.1 , 8.0 , 8 , 8
4 , 7.1 , 8.0 , 8 , 8
4 , 7.1 , 8.0 , 8 , 8
4 , 7.1 , 8.0 , 8 , 8
4 , 7.1 , 8.0 , 8 , 8
4 , 7.1 , 8.0 , 8 , 8
4 , 7.1 , 8.0 , 8 , 8
4 , 7.08 , 8.0 , 8 , 8
4 , 7.08 , 8.0 , 8 , 8
4 , 7.08 , 8.0 , 8 , 8
4 , 7.08 , 8.0 , 8 , 8
4 , 7.06 , 8.0 , 8 , 8
4 , 7.06 , 8.0 , 8 , 8
4 , 7.06 , 8.0 , 8 , 8
4 , 7.06 , 8.0 , 8 , 8
4 , 7.06 , 8.0 , 8 , 8
4 , 7.06 , 8.0 , 8 , 8
4 , 7.06 , 8.0 , 8 , 8
4 , 7.06 , 8.0 , 8 , 8
4 , 7.06 , 8.0 , 8 , 8
4 , 7.06 , 8.0 , 8 , 8
4 , 7.06 , 8.0 , 8 , 8
4 , 7.06 , 8.0 , 8 , 8
4 , 7.06 , 8.0 , 8 , 8
4 , 7.06 , 8.0 , 8 , 8
4 , 7.06 , 8.0 , 8 , 8
4 , 7.02 , 8.0 , 8 , 8
4 , 7.0 , 8.0 , 8 , 8
4 , 7.0 , 8.0 , 8 , 8
4 , 6.98 , 8.0 , 8 , 8
4 , 6.98 , 8.0 , 8 , 8
4 , 6.98 , 8.0 , 8 , 8
4 , 6.98 , 8.0 , 8 , 8
4 , 6.98 , 8.0 , 8 , 8
4 , 6.98 , 8.0 , 8 , 8
4 , 6.98 , 8.0 , 8 , 8
4 , 6.98 , 8.0 , 8 , 8
4 , 6.98 , 8.0 , 8 , 8
4 , 6.98 , 8.0 , 8 , 8
4 , 6.98 , 8.0 , 8 , 8
4 , 6.98 , 8.0 , 8 , 8
4 , 6.98 , 8.0 , 8 , 8
4 , 6.98 , 8.0 , 8 , 8
4 , 6.98 , 8.0 , 8 , 8
4 , 6.98 , 8.0 , 8 , 8
4 , 6.98 , 8.0 , 8 , 8
4 , 6.98 , 8.0 , 8 , 8
4 , 6.98 , 8.0 , 8 , 8
4 , 6.98 , 8.0 , 8 , 8
4 , 6.98 , 8.0 , 8 , 8
4 , 6.96 , 8.0 , 8 , 8
4 , 6.96 , 8.0 , 8 , 8
4 , 6.96 , 8.0 , 8 , 8
4 , 6.96 , 8.0 , 8 , 8
4 , 6.96 , 8.0 , 8 , 8
4 , 6.96 , 8.0 , 8 , 8
4 , 6.96 , 8.0 , 8 , 8
4 , 6.94 , 8.0 , 8 , 8
4 , 6.94 , 8.0 , 8 , 8
4 , 6.94 , 8.0 , 8 , 8
4 , 6.94 , 8.0 , 8 , 8
4 , 6.94 , 8.0 , 8 , 8
4 , 6.94 , 8.0 , 8 , 8
4 , 6.94 , 8.0 , 8 , 8
4 , 6.94 , 8.0 , 8 , 8
4 , 6.92 , 8.0 , 8 , 8
4 , 6.92 , 8.0 , 8 , 8
4 , 6.92 , 8.0 , 8 , 8
4 , 6.92 , 8.0 , 8 , 8
4 , 6.92 , 8.0 , 8 , 8
4 , 6.92 , 8.0 , 8 , 8
4 , 6.92 , 8.0 , 8 , 8
4 , 6.88 , 8.0 , 8 , 8
4 , 6.86 , 8.0 , 8 , 8
4 , 6.86 , 8.0 , 8 , 8
4 , 6.86 , 8.0 , 8 , 8
4 , 6.86 , 8.0 , 8 , 8
4 , 6.84 , 7.0 , 8 , 8
4 , 6.84 , 7.0 , 8 , 8
4 , 6.84 , 7.0 , 8 , 8
4 , 6.84 , 7.0 , 8 , 8
4 , 6.84 , 7.0 , 8 , 8
4 , 6.82 , 6.0 , 8 , 8
4 , 6.8 , 6.0 , 8 , 8
4 , 6.78 , 6.0 , 8 , 8
4 , 6.78 , 6.0 , 8 , 8
4 , 6.78 , 6.0 , 8 , 8
4 , 6.78 , 6.0 , 8 , 8
4 , 6.78 , 6.0 , 8 , 8
4 , 6.78 , 6.0 , 8 , 8
4 , 6.78 , 6.0 , 8 , 8
4 , 6.78 , 6.0 , 8 , 8
4 , 6.78 , 6.0 , 8 , 8
4 , 6.78 , 6.0 , 8 , 8
4 , 6.78 , 6.0 , 8 , 8
4 , 6.78 , 6.0 , 8 , 8
4 , 6.78 , 6.0 , 8 , 8
4 , 6.78 , 6.0 , 8 , 8
4 , 6.78 , 6.0 , 8 , 8
4 , 6.78 , 6.0 , 8 , 8
4 , 6.78 , 6.0 , 8 , 8
4 , 6.78 , 6.0 , 8 , 8
4 , 6.78 , 6.0 , 8 , 8
4 , 6.78 , 6.0 , 8 , 8
4 , 6.78 , 6.0 , 8 , 8
4 , 6.76 , 6.0 , 6 , 8
4 , 6.76 , 6.0 , 6 , 8
4 , 6.76 , 6.0 , 6 , 8
4 , 6.76 , 6.0 , 6 , 8
4 , 6.74 , 6.0 , 6 , 8
4 , 6.74 , 6.0 , 6 , 8
4 , 6.74 , 6.0 , 6 , 8
4 , 6.74 , 6.0 , 6 , 8
4 , 6.74 , 6.0 , 6 , 8
4 , 6.74 , 6.0 , 6 , 8
4 , 6.74 , 6.0 , 6 , 8
4 , 6.72 , 6.0 , 6 , 8
4 , 6.7 , 6.0 , 6 , 8
4 , 6.7 , 6.0 , 6 , 8
4 , 6.7 , 6.0 , 6 , 8
4 , 6.7 , 6.0 , 6 , 8
4 , 6.7 , 6.0 , 6 , 8
4 , 6.7 , 6.0 , 6 , 8
4 , 6.7 , 6.0 , 6 , 8
4 , 6.68 , 6.0 , 6 , 8
4 , 6.68 , 6.0 , 6 , 8
4 , 6.68 , 6.0 , 6 , 8
4 , 6.68 , 6.0 , 6 , 8
4 , 6.64 , 6.0 , 6 , 8
4 , 6.64 , 6.0 , 6 , 8
4 , 6.64 , 6.0 , 6 , 8
4 , 6.64 , 6.0 , 6 , 8
4 , 6.64 , 6.0 , 6 , 8
4 , 6.64 , 6.0 , 6 , 8
4 , 6.64 , 6.0 , 6 , 8
4 , 6.64 , 6.0 , 6 , 8
4 , 6.64 , 6.0 , 6 , 8
4 , 6.64 , 6.0 , 6 , 8
4 , 6.64 , 6.0 , 6 , 8
4 , 6.64 , 6.0 , 6 , 8
4 , 6.64 , 6.0 , 6 , 8
4 , 6.64 , 6.0 , 6 , 8
4 , 6.64 , 6.0 , 6 , 8
4 , 6.6 , 6.0 , 6 , 8
4 , 6.6 , 6.0 , 6 , 8
4 , 6.6 , 6.0 , 6 , 8
4 , 6.58 , 6.0 , 6 , 8
4 , 6.58 , 6.0 , 6 , 8
4 , 6.56 , 6.0 , 6 , 8
4 , 6.56 , 6.0 , 6 , 8
4 , 6.56 , 6.0 , 6 , 8
4 , 6.56 , 6.0 , 6 , 8
4 , 6.56 , 6.0 , 6 , 8
4 , 6.56 , 6.0 , 6 , 8
4 , 6.56 , 6.0 , 6 , 8
4 , 6.54 , 6.0 , 6 , 8
4 , 6.54 , 6.0 , 6 , 8
4 , 6.54 , 6.0 , 6 , 8
4 , 6.54 , 6.0 , 6 , 8
4 , 6.54 , 6.0 , 6 , 8
4 , 6.54 , 6.0 , 6 , 8
4 , 6.54 , 6.0 , 6 , 8
4 , 6.54 , 6.0 , 6 , 8
4 , 6.54 , 6.0 , 6 , 8
4 , 6.54 , 6.0 , 6 , 8
4 , 6.54 , 6.0 , 6 , 8
4 , 6.54 , 6.0 , 6 , 8
4 , 6.52 , 6.0 , 6 , 8
4 , 6.52 , 6.0 , 6 , 8
4 , 6.52 , 6.0 , 6 , 8
4 , 6.52 , 6.0 , 6 , 8
4 , 6.52 , 6.0 , 6 , 8
4 , 6.52 , 6.0 , 6 , 8
4 , 6.52 , 6.0 , 6 , 8
4 , 6.52 , 6.0 , 6 , 8
4 , 6.52 , 6.0 , 6 , 8
4 , 6.52 , 6.0 , 6 , 8
4 , 6.52 , 6.0 , 6 , 8
4 , 6.52 , 6.0 , 6 , 8
4 , 6.5 , 6.0 , 6 , 8
4 , 6.5 , 6.0 , 6 , 8
4 , 6.5 , 6.0 , 6 , 8
4 , 6.48 , 6.0 , 6 , 8
4 , 6.48 , 6.0 , 6 , 8
4 , 6.46 , 6.0 , 6 , 8
4 , 6.46 , 6.0 , 6 , 8
4 , 6.46 , 6.0 , 6 , 8
4 , 6.42 , 6.0 , 6 , 8
4 , 6.42 , 6.0 , 6 , 8
4 , 6.42 , 6.0 , 6 , 8
4 , 6.42 , 6.0 , 6 , 8
4 , 6.42 , 6.0 , 6 , 8
4 , 6.4 , 6.0 , 6 , 8
4 , 6.4 , 6.0 , 6 , 8
4 , 6.38 , 6.0 , 6 , 8
4 , 6.38 , 6.0 , 6 , 8
4 , 6.38 , 6.0 , 6 , 8
4 , 6.34 , 6.0 , 6 , 8
4 , 6.34 , 6.0 , 6 , 8
4 , 6.34 , 6.0 , 6 , 8
4 , 6.34 , 6.0 , 6 , 8
4 , 6.34 , 6.0 , 6 , 8
4 , 6.34 , 6.0 , 6 , 8
4 , 6.34 , 6.0 , 6 , 8
4 , 6.34 , 6.0 , 6 , 8
4 , 6.34 , 6.0 , 6 , 8
4 , 6.34 , 6.0 , 6 , 8
4 , 6.34 , 6.0 , 6 , 8
4 , 6.34 , 6.0 , 6 , 8
4 , 6.34 , 6.0 , 6 , 8
4 , 6.34 , 6.0 , 6 , 8
4 , 6.34 , 6.0 , 6 , 8
4 , 6.32 , 6.0 , 6 , 8
4 , 6.32 , 6.0 , 6 , 8
4 , 6.32 , 6.0 , 6 , 8
4 , 6.32 , 6.0 , 6 , 8
4 , 6.3 , 6.0 , 6 , 8
4 , 6.3 , 6.0 , 6 , 8
4 , 6.3 , 6.0 , 6 , 8
4 , 6.3 , 6.0 , 6 , 8
4 , 6.3 , 6.0 , 6 , 8
4 , 6.26 , 6.0 , 6 , 8
4 , 6.26 , 6.0 , 6 , 8
4 , 6.26 , 6.0 , 6 , 8
4 , 6.26 , 6.0 , 6 , 8
4 , 6.26 , 6.0 , 6 , 8
4 , 6.26 , 6.0 , 6 , 8
4 , 6.26 , 6.0 , 6 , 8
4 , 6.26 , 6.0 , 6 , 8
4 , 6.24 , 6.0 , 6 , 8
4 , 6.22 , 6.0 , 6 , 8
4 , 6.2 , 6.0 , 6 , 8
4 , 6.2 , 6.0 , 6 , 8
4 , 6.2 , 6.0 , 6 , 8
4 , 6.2 , 6.0 , 6 , 8
4 , 6.2 , 6.0 , 6 , 8
4 , 6.16 , 6.0 , 6 , 8
4 , 6.16 , 6.0 , 6 , 8
4 , 6.14 , 6.0 , 6 , 8
4 , 6.14 , 6.0 , 6 , 8
2 , 6.08 , 6.0 , 6 , 8
2 , 6.08 , 6.0 , 6 , 8
2 , 6.06 , 6.0 , 6 , 8
2 , 6.04 , 6.0 , 6 , 8
2 , 6.04 , 6.0 , 6 , 8
2 , 6.04 , 6.0 , 6 , 8
2 , 6.04 , 6.0 , 6 , 8
2 , 6.04 , 6.0 , 6 , 8
2 , 6.04 , 6.0 , 6 , 8
2 , 6.0 , 6.0 , 6 , 8
2 , 6.0 , 6.0 , 6 , 8
2 , 6.0 , 6.0 , 6 , 8
2 , 6.0 , 6.0 , 6 , 8
2 , 6.0 , 6.0 , 6 , 8
2 , 6.0 , 6.0 , 6 , 8
2 , 6.0 , 6.0 , 6 , 8
2 , 6.0 , 6.0 , 6 , 8
2 , 5.98 , 6.0 , 6 , 8
2 , 5.98 , 6.0 , 6 , 8
2 , 5.98 , 6.0 , 6 , 8
2 , 5.98 , 6.0 , 6 , 8
2 , 5.98 , 6.0 , 6 , 8
2 , 5.98 , 6.0 , 6 , 8
2 , 5.98 , 6.0 , 6 , 8
2 , 5.94 , 6.0 , 6 , 8
2 , 5.94 , 6.0 , 6 , 8
2 , 5.94 , 6.0 , 6 , 8
2 , 5.94 , 6.0 , 6 , 8
2 , 5.94 , 6.0 , 6 , 8
2 , 5.94 , 6.0 , 6 , 8
2 , 5.92 , 6.0 , 6 , 8
2 , 5.92 , 6.0 , 6 , 8
2 , 5.92 , 6.0 , 6 , 8
2 , 5.92 , 6.0 , 6 , 8
2 , 5.92 , 6.0 , 6 , 8
2 , 5.92 , 6.0 , 6 , 8
2 , 5.9 , 6.0 , 6 , 8
2 , 5.9 , 6.0 , 6 , 8
2 , 5.9 , 6.0 , 6 , 8
2 , 5.88 , 6.0 , 6 , 8
2 , 5.88 , 6.0 , 6 , 8
2 , 5.88 , 6.0 , 6 , 8
2 , 5.86 , 6.0 , 6 , 8
2 , 5.86 , 6.0 , 6 , 8
2 , 5.86 , 6.0 , 6 , 8
2 , 5.86 , 6.0 , 6 , 8
2 , 5.86 , 6.0 , 6 , 8
2 , 5.86 , 6.0 , 6 , 8
2 , 5.86 , 6.0 , 6 , 8
2 , 5.86 , 6.0 , 6 , 8
2 , 5.86 , 6.0 , 6 , 8
2 , 5.86 , 6.0 , 6 , 8
2 , 5.86 , 6.0 , 6 , 8
2 , 5.86 , 6.0 , 6 , 8
2 , 5.86 , 6.0 , 6 , 8
2 , 5.86 , 6.0 , 6 , 8
2 , 5.86 , 6.0 , 6 , 8
2 , 5.86 , 6.0 , 6 , 8
2 , 5.86 , 6.0 , 6 , 8
2 , 5.86 , 6.0 , 6 , 8
2 , 5.86 , 6.0 , 6 , 8
2 , 5.86 , 6.0 , 6 , 8
2 , 5.86 , 6.0 , 6 , 8
2 , 5.86 , 6.0 , 6 , 8
2 , 5.86 , 6.0 , 6 , 8
2 , 5.86 , 6.0 , 6 , 8
2 , 5.86 , 6.0 , 6 , 8
2 , 5.86 , 6.0 , 6 , 8
2 , 5.86 , 6.0 , 6 , 8
2 , 5.86 , 6.0 , 6 , 8
2 , 5.86 , 6.0 , 6 , 8
2 , 5.86 , 6.0 , 6 , 8
2 , 5.84 , 6.0 , 6 , 8
2 , 5.84 , 6.0 , 6 , 8
2 , 5.84 , 6.0 , 6 , 8
2 , 5.84 , 6.0 , 6 , 8
2 , 5.84 , 6.0 , 6 , 8
2 , 5.84 , 6.0 , 6 , 8
2 , 5.84 , 6.0 , 6 , 8
2 , 5.84 , 6.0 , 6 , 8
2 , 5.84 , 6.0 , 6 , 8
2 , 5.82 , 6.0 , 6 , 8
2 , 5.82 , 6.0 , 6 , 8
2 , 5.82 , 6.0 , 6 , 8
2 , 5.82 , 6.0 , 6 , 8
2 , 5.8 , 6.0 , 6 , 8
2 , 5.8 , 6.0 , 6 , 8
2 , 5.8 , 6.0 , 6 , 8
2 , 5.8 , 6.0 , 6 , 8
2 , 5.8 , 6.0 , 6 , 8
2 , 5.8 , 6.0 , 6 , 8
2 , 5.8 , 6.0 , 6 , 8
2 , 5.8 , 6.0 , 6 , 8
2 , 5.76 , 6.0 , 6 , 8
2 , 5.76 , 6.0 , 6 , 8
2 , 5.76 , 6.0 , 6 , 8
2 , 5.76 , 6.0 , 6 , 8
2 , 5.76 , 6.0 , 6 , 8
2 , 5.76 , 6.0 , 6 , 8
2 , 5.74 , 6.0 , 6 , 8
2 , 5.72 , 6.0 , 6 , 8
2 , 5.72 , 6.0 , 6 , 8
2 , 5.72 , 6.0 , 6 , 8
2 , 5.72 , 6.0 , 6 , 8
2 , 5.72 , 6.0 , 6 , 8
2 , 5.72 , 6.0 , 6 , 8
2 , 5.72 , 6.0 , 6 , 8
2 , 5.72 , 6.0 , 6 , 8
2 , 5.7 , 6.0 , 6 , 8
2 , 5.7 , 6.0 , 6 , 8
2 , 5.7 , 6.0 , 6 , 8
2 , 5.7 , 6.0 , 6 , 8
2 , 5.7 , 6.0 , 6 , 8
2 , 5.66 , 6.0 , 6 , 8
2 , 5.66 , 6.0 , 6 , 8
2 , 5.64 , 6.0 , 6 , 6
2 , 5.64 , 6.0 , 6 , 6
2 , 5.64 , 6.0 , 6 , 6
2 , 5.64 , 6.0 , 6 , 6
2 , 5.62 , 6.0 , 6 , 6
2 , 5.62 , 6.0 , 6 , 6
2 , 5.62 , 6.0 , 6 , 6
2 , 5.62 , 6.0 , 6 , 6
2 , 5.62 , 6.0 , 6 , 6
2 , 5.62 , 6.0 , 6 , 6
2 , 5.62 , 6.0 , 6 , 6
2 , 5.62 , 6.0 , 6 , 6
2 , 5.62 , 6.0 , 6 , 6
2 , 5.6 , 6.0 , 6 , 6
2 , 5.6 , 6.0 , 6 , 6
2 , 5.6 , 6.0 , 6 , 6
2 , 5.6 , 6.0 , 6 , 6
2 , 5.6 , 6.0 , 6 , 6
2 , 5.6 , 6.0 , 6 , 6
2 , 5.6 , 6.0 , 6 , 6
2 , 5.6 , 6.0 , 6 , 6
2 , 5.6 , 6.0 , 6 , 6
2 , 5.6 , 6.0 , 6 , 6
2 , 5.6 , 6.0 , 6 , 6
2 , 5.6 , 6.0 , 6 , 6
2 , 5.58 , 6.0 , 6 , 6
2 , 5.58 , 6.0 , 6 , 6
2 , 5.58 , 6.0 , 6 , 6
2 , 5.58 , 6.0 , 6 , 6
2 , 5.58 , 6.0 , 6 , 6
2 , 5.58 , 6.0 , 6 , 6
2 , 5.58 , 6.0 , 6 , 6
2 , 5.58 , 6.0 , 6 , 6
2 , 5.58 , 6.0 , 6 , 6
2 , 5.58 , 6.0 , 6 , 6
2 , 5.58 , 6.0 , 6 , 6
2 , 5.58 , 6.0 , 6 , 6
2 , 5.58 , 6.0 , 6 , 6
2 , 5.58 , 6.0 , 6 , 6
2 , 5.58 , 6.0 , 6 , 6
2 , 5.58 , 6.0 , 6 , 6
2 , 5.58 , 6.0 , 6 , 6
2 , 5.58 , 6.0 , 6 , 6
2 , 5.58 , 6.0 , 6 , 6
2 , 5.58 , 6.0 , 6 , 6
2 , 5.56 , 6.0 , 6 , 6
2 , 5.56 , 6.0 , 6 , 6
2 , 5.56 , 6.0 , 6 , 6
2 , 5.56 , 6.0 , 6 , 6
2 , 5.56 , 6.0 , 6 , 6
2 , 5.56 , 6.0 , 6 , 6
2 , 5.56 , 6.0 , 6 , 6
2 , 5.56 , 6.0 , 6 , 6
2 , 5.56 , 6.0 , 6 , 6
2 , 5.56 , 6.0 , 6 , 6
2 , 5.56 , 6.0 , 6 , 6
2 , 5.56 , 6.0 , 6 , 6
2 , 5.56 , 6.0 , 6 , 6
2 , 5.56 , 6.0 , 6 , 6
2 , 5.56 , 6.0 , 6 , 6
2 , 5.56 , 6.0 , 6 , 6
2 , 5.56 , 6.0 , 6 , 6
2 , 5.56 , 6.0 , 6 , 6
2 , 5.56 , 6.0 , 6 , 6
2 , 5.56 , 6.0 , 6 , 6
2 , 5.56 , 6.0 , 6 , 6
2 , 5.56 , 6.0 , 6 , 6
2 , 5.56 , 6.0 , 6 , 6
2 , 5.56 , 6.0 , 6 , 6
2 , 5.56 , 6.0 , 6 , 6
2 , 5.56 , 6.0 , 6 , 6
2 , 5.56 , 6.0 , 6 , 6
2 , 5.56 , 6.0 , 6 , 6
2 , 5.56 , 6.0 , 6 , 6
2 , 5.56 , 6.0 , 6 , 6
2 , 5.56 , 6.0 , 6 , 6
2 , 5.56 , 6.0 , 6 , 6
2 , 5.56 , 6.0 , 6 , 6
2 , 5.56 , 6.0 , 6 , 6
2 , 5.56 , 6.0 , 6 , 6
2 , 5.56 , 6.0 , 6 , 6
2 , 5.56 , 6.0 , 6 , 6
2 , 5.56 , 6.0 , 6 , 6
2 , 5.56 , 6.0 , 6 , 6
2 , 5.56 , 6.0 , 6 , 6
2 , 5.56 , 6.0 , 6 , 6
2 , 5.56 , 6.0 , 6 , 6
2 , 5.56 , 6.0 , 6 , 6
2 , 5.56 , 6.0 , 6 , 6
2 , 5.56 , 6.0 , 6 , 6
2 , 5.56 , 6.0 , 6 , 6
2 , 5.56 , 6.0 , 6 , 6
2 , 5.56 , 6.0 , 6 , 6
2 , 5.56 , 6.0 , 6 , 6
2 , 5.56 , 6.0 , 6 , 6
2 , 5.56 , 6.0 , 6 , 6
2 , 5.56 , 6.0 , 6 , 6
2 , 5.56 , 6.0 , 6 , 6
2 , 5.56 , 6.0 , 6 , 6
2 , 5.56 , 6.0 , 6 , 6
2 , 5.56 , 6.0 , 6 , 6
2 , 5.56 , 6.0 , 6 , 6
2 , 5.56 , 6.0 , 6 , 6
2 , 5.56 , 6.0 , 6 , 6
2 , 5.54 , 6.0 , 6 , 6
2 , 5.54 , 6.0 , 6 , 6
2 , 5.54 , 6.0 , 6 , 6
2 , 5.54 , 6.0 , 6 , 6
2 , 5.54 , 6.0 , 6 , 6
2 , 5.54 , 6.0 , 6 , 6
2 , 5.54 , 6.0 , 6 , 6
2 , 5.54 , 6.0 , 6 , 6
2 , 5.54 , 6.0 , 6 , 6
2 , 5.54 , 6.0 , 6 , 6
2 , 5.54 , 6.0 , 6 , 6
2 , 5.54 , 6.0 , 6 , 6
2 , 5.54 , 6.0 , 6 , 6
2 , 5.54 , 6.0 , 6 , 6
2 , 5.54 , 6.0 , 6 , 6
2 , 5.54 , 6.0 , 6 , 6
2 , 5.54 , 6.0 , 6 , 6
2 , 5.54 , 6.0 , 6 , 6
2 , 5.54 , 6.0 , 6 , 6
2 , 5.54 , 6.0 , 6 , 6
2 , 5.54 , 6.0 , 6 , 6
2 , 5.52 , 6.0 , 6 , 6
2 , 5.52 , 6.0 , 6 , 6
2 , 5.52 , 6.0 , 6 , 6
2 , 5.52 , 6.0 , 6 , 6
2 , 5.52 , 6.0 , 6 , 6
2 , 5.52 , 6.0 , 6 , 6
2 , 5.52 , 6.0 , 6 , 6
2 , 5.52 , 6.0 , 6 , 6
2 , 5.5 , 6.0 , 6 , 6
2 , 5.5 , 6.0 , 6 , 6
2 , 5.5 , 6.0 , 6 , 6
2 , 5.5 , 6.0 , 6 , 6
2 , 5.5 , 6.0 , 6 , 6
2 , 5.5 , 6.0 , 6 , 6
2 , 5.5 , 6.0 , 6 , 6
2 , 5.5 , 6.0 , 6 , 6
2 , 5.5 , 6.0 , 6 , 6
2 , 5.5 , 6.0 , 6 , 6
2 , 5.5 , 6.0 , 6 , 6
2 , 5.5 , 6.0 , 6 , 6
2 , 5.5 , 6.0 , 6 , 6
2 , 5.5 , 6.0 , 6 , 6
2 , 5.48 , 6.0 , 6 , 6
2 , 5.48 , 6.0 , 6 , 6
2 , 5.48 , 6.0 , 6 , 6
2 , 5.48 , 6.0 , 6 , 6
2 , 5.48 , 6.0 , 6 , 6
2 , 5.48 , 6.0 , 6 , 6
2 , 5.48 , 6.0 , 6 , 6
2 , 5.48 , 6.0 , 6 , 6
2 , 5.48 , 6.0 , 6 , 6
2 , 5.48 , 6.0 , 6 , 6
2 , 5.48 , 6.0 , 6 , 6
2 , 5.48 , 6.0 , 6 , 6
2 , 5.46 , 6.0 , 6 , 6
2 , 5.46 , 6.0 , 6 , 6
2 , 5.46 , 6.0 , 6 , 6
2 , 5.46 , 6.0 , 6 , 6
2 , 5.44 , 6.0 , 6 , 6
2 , 5.44 , 6.0 , 6 , 6
2 , 5.44 , 6.0 , 6 , 6
2 , 5.44 , 6.0 , 6 , 6
2 , 5.44 , 6.0 , 6 , 6
2 , 5.44 , 6.0 , 6 , 6
2 , 5.44 , 6.0 , 6 , 6
2 , 5.44 , 6.0 , 6 , 6
2 , 5.44 , 6.0 , 6 , 6
2 , 5.44 , 6.0 , 6 , 6
2 , 5.44 , 6.0 , 6 , 6
2 , 5.44 , 6.0 , 6 , 6
2 , 5.44 , 6.0 , 6 , 6
2 , 5.44 , 6.0 , 6 , 6
2 , 5.44 , 6.0 , 6 , 6
2 , 5.44 , 6.0 , 6 , 6
2 , 5.44 , 6.0 , 6 , 6
2 , 5.44 , 6.0 , 6 , 6
2 , 5.44 , 6.0 , 6 , 6
2 , 5.44 , 6.0 , 6 , 6
2 , 5.44 , 6.0 , 6 , 6
2 , 5.44 , 6.0 , 6 , 6
2 , 5.44 , 6.0 , 6 , 6
2 , 5.44 , 6.0 , 6 , 6
2 , 5.44 , 6.0 , 6 , 6
2 , 5.44 , 6.0 , 6 , 6
2 , 5.44 , 6.0 , 6 , 6
2 , 5.44 , 6.0 , 6 , 6
2 , 5.44 , 6.0 , 6 , 6
2 , 5.44 , 6.0 , 6 , 6
2 , 5.44 , 6.0 , 6 , 6
2 , 5.42 , 6.0 , 6 , 6
2 , 5.42 , 6.0 , 6 , 6
2 , 5.42 , 6.0 , 6 , 6
2 , 5.42 , 6.0 , 6 , 6
2 , 5.42 , 6.0 , 6 , 6
2 , 5.42 , 6.0 , 6 , 6
2 , 5.42 , 6.0 , 6 , 6
2 , 5.4 , 6.0 , 6 , 6
2 , 5.4 , 6.0 , 6 , 6
2 , 5.4 , 6.0 , 6 , 6
2 , 5.4 , 6.0 , 6 , 6
2 , 5.4 , 6.0 , 6 , 6
2 , 5.4 , 6.0 , 6 , 6
2 , 5.4 , 6.0 , 6 , 6
2 , 5.4 , 6.0 , 6 , 6
2 , 5.4 , 6.0 , 6 , 6
2 , 5.4 , 6.0 , 6 , 6
2 , 5.4 , 6.0 , 6 , 6
2 , 5.4 , 6.0 , 6 , 6
2 , 5.4 , 6.0 , 6 , 6
2 , 5.4 , 6.0 , 6 , 6
2 , 5.4 , 6.0 , 6 , 6
2 , 5.4 , 6.0 , 6 , 6
2 , 5.4 , 6.0 , 6 , 6
2 , 5.4 , 6.0 , 6 , 6
2 , 5.4 , 6.0 , 6 , 6
2 , 5.4 , 6.0 , 6 , 6
2 , 5.4 , 6.0 , 6 , 6
2 , 5.4 , 6.0 , 6 , 6
2 , 5.38 , 6.0 , 6 , 6
2 , 5.38 , 6.0 , 6 , 6
2 , 5.38 , 6.0 , 6 , 6
2 , 5.38 , 6.0 , 6 , 6
2 , 5.38 , 6.0 , 6 , 6
2 , 5.38 , 6.0 , 6 , 6
2 , 5.38 , 6.0 , 6 , 6
2 , 5.38 , 6.0 , 6 , 6
2 , 5.38 , 6.0 , 6 , 6
2 , 5.38 , 6.0 , 6 , 6
2 , 5.38 , 6.0 , 6 , 6
2 , 5.38 , 6.0 , 6 , 6
2 , 5.38 , 6.0 , 6 , 6
2 , 5.38 , 6.0 , 6 , 6
2 , 5.38 , 6.0 , 6 , 6
2 , 5.38 , 6.0 , 6 , 6
2 , 5.38 , 6.0 , 6 , 6
2 , 5.38 , 6.0 , 6 , 6
2 , 5.38 , 6.0 , 6 , 6
2 , 5.38 , 6.0 , 6 , 6
2 , 5.38 , 6.0 , 6 , 6
2 , 5.36 , 6.0 , 6 , 6
2 , 5.36 , 6.0 , 6 , 6
2 , 5.36 , 6.0 , 6 , 6
2 , 5.36 , 6.0 , 6 , 6
2 , 5.36 , 6.0 , 6 , 6
2 , 5.36 , 6.0 , 6 , 6
2 , 5.36 , 6.0 , 6 , 6
2 , 5.36 , 6.0 , 6 , 6
2 , 5.36 , 6.0 , 6 , 6
2 , 5.36 , 6.0 , 6 , 6
2 , 5.36 , 6.0 , 6 , 6
2 , 5.36 , 6.0 , 6 , 6
2 , 5.36 , 6.0 , 6 , 6
2 , 5.36 , 6.0 , 6 , 6
2 , 5.36 , 6.0 , 6 , 6
2 , 5.36 , 6.0 , 6 , 6
2 , 5.36 , 6.0 , 6 , 6
2 , 5.36 , 6.0 , 6 , 6
2 , 5.34 , 6.0 , 6 , 6
2 , 5.34 , 6.0 , 6 , 6
2 , 5.34 , 6.0 , 6 , 6
2 , 5.34 , 6.0 , 6 , 6
2 , 5.34 , 6.0 , 6 , 6
2 , 5.34 , 6.0 , 6 , 6
2 , 5.34 , 6.0 , 6 , 6
2 , 5.34 , 6.0 , 6 , 6
2 , 5.32 , 6.0 , 6 , 6
2 , 5.32 , 6.0 , 6 , 6
2 , 5.32 , 6.0 , 6 , 6
2 , 5.32 , 6.0 , 6 , 6
2 , 5.32 , 6.0 , 6 , 6
2 , 5.32 , 6.0 , 6 , 6
2 , 5.32 , 6.0 , 6 , 6
2 , 5.32 , 6.0 , 6 , 6
2 , 5.32 , 6.0 , 6 , 6
2 , 5.28 , 6.0 , 6 , 6
2 , 5.28 , 6.0 , 6 , 6
2 , 5.28 , 6.0 , 6 , 6
2 , 5.28 , 6.0 , 6 , 6
2 , 5.28 , 6.0 , 6 , 6
2 , 5.28 , 6.0 , 6 , 6
2 , 5.28 , 6.0 , 6 , 6
2 , 5.28 , 6.0 , 6 , 6
2 , 5.28 , 6.0 , 6 , 6
2 , 5.28 , 6.0 , 6 , 6
2 , 5.28 , 6.0 , 6 , 6
2 , 5.28 , 6.0 , 6 , 6
2 , 5.28 , 6.0 , 6 , 6
2 , 5.28 , 6.0 , 6 , 6
2 , 5.28 , 6.0 , 6 , 6
2 , 5.28 , 6.0 , 6 , 6
2 , 5.28 , 6.0 , 6 , 6
2 , 5.26 , 6.0 , 6 , 6
2 , 5.26 , 6.0 , 6 , 6
2 , 5.26 , 6.0 , 6 , 6
2 , 5.26 , 6.0 , 6 , 6
2 , 5.26 , 6.0 , 6 , 6
2 , 5.26 , 6.0 , 6 , 6
2 , 5.26 , 6.0 , 6 , 6
2 , 5.24 , 6.0 , 6 , 6
2 , 5.24 , 6.0 , 6 , 6
2 , 5.24 , 6.0 , 6 , 6
2 , 5.24 , 6.0 , 6 , 6
2 , 5.24 , 6.0 , 6 , 6
2 , 5.22 , 6.0 , 6 , 6
2 , 5.22 , 6.0 , 6 , 6
2 , 5.22 , 6.0 , 6 , 6
2 , 5.22 , 6.0 , 6 , 6
2 , 5.22 , 6.0 , 6 , 6
2 , 5.22 , 6.0 , 6 , 6
2 , 5.22 , 6.0 , 6 , 6
2 , 5.22 , 6.0 , 6 , 6
2 , 5.22 , 6.0 , 6 , 6
2 , 5.2 , 6.0 , 6 , 6
2 , 5.2 , 6.0 , 6 , 6
2 , 5.2 , 6.0 , 6 , 6
2 , 5.2 , 6.0 , 6 , 6
2 , 5.2 , 6.0 , 6 , 6
2 , 5.2 , 6.0 , 6 , 6
2 , 5.2 , 6.0 , 6 , 6
2 , 5.2 , 6.0 , 6 , 6
2 , 5.18 , 6.0 , 6 , 6
2 , 5.18 , 6.0 , 6 , 6
2 , 5.18 , 6.0 , 6 , 6
2 , 5.18 , 6.0 , 6 , 6
2 , 5.18 , 6.0 , 6 , 6
2 , 5.18 , 6.0 , 6 , 6
2 , 5.18 , 6.0 , 6 , 6
2 , 5.18 , 6.0 , 6 , 6
2 , 5.18 , 6.0 , 6 , 6
2 , 5.18 , 6.0 , 6 , 6
2 , 5.18 , 6.0 , 6 , 6
2 , 5.18 , 6.0 , 6 , 6
0  Perfect solutions
perfect solution individuals []
