8 , 15.64 , 16.0 , 16 , 26
8 , 15.46 , 16.0 , 16 , 24
8 , 15.28 , 16.0 , 16 , 24
8 , 15.08 , 16.0 , 16 , 24
8 , 14.9 , 16.0 , 16 , 22
8 , 14.72 , 16.0 , 16 , 22
8 , 14.56 , 15.0 , 16 , 20
8 , 14.42 , 14.0 , 16 , 20
8 , 14.3 , 14.0 , 16 , 20
8 , 14.26 , 14.0 , 16 , 20
8 , 14.1 , 14.0 , 16 , 20
8 , 13.96 , 14.0 , 16 , 18
8 , 13.9 , 14.0 , 16 , 18
8 , 13.8 , 14.0 , 16 , 18
8 , 13.72 , 14.0 , 16 , 18
8 , 13.6 , 14.0 , 16 , 18
8 , 13.5 , 14.0 , 16 , 18
8 , 13.44 , 14.0 , 16 , 18
8 , 13.42 , 14.0 , 16 , 18
8 , 13.3 , 14.0 , 16 , 18
8 , 13.22 , 14.0 , 16 , 18
8 , 13.18 , 14.0 , 16 , 18
8 , 13.06 , 14.0 , 16 , 18
8 , 12.98 , 14.0 , 16 , 16
8 , 12.92 , 14.0 , 16 , 16
8 , 12.9 , 14.0 , 14 , 16
8 , 12.78 , 12.0 , 12 , 16
8 , 12.72 , 12.0 , 12 , 16
8 , 12.64 , 12.0 , 12 , 16
8 , 12.62 , 12.0 , 14 , 16
8 , 12.56 , 12.0 , 14 , 16
8 , 12.5 , 12.0 , 14 , 16
8 , 12.42 , 12.0 , 14 , 16
8 , 12.34 , 12.0 , 14 , 16
8 , 12.26 , 12.0 , 14 , 16
6 , 12.14 , 12.0 , 14 , 16
6 , 12.08 , 12.0 , 14 , 16
6 , 12.02 , 12.0 , 14 , 16
6 , 11.92 , 12.0 , 14 , 16
6 , 11.84 , 12.0 , 14 , 16
6 , 11.8 , 12.0 , 14 , 16
6 , 11.76 , 12.0 , 12 , 16
6 , 11.72 , 12.0 , 12 , 16
6 , 11.62 , 12.0 , 12 , 14
6 , 11.56 , 12.0 , 12 , 14
6 , 11.54 , 12.0 , 12 , 14
6 , 11.54 , 12.0 , 12 , 14
6 , 11.46 , 12.0 , 12 , 14
6 , 11.42 , 12.0 , 12 , 14
6 , 11.4 , 12.0 , 12 , 14
6 , 11.4 , 12.0 , 12 , 14
6 , 11.34 , 12.0 , 12 , 14
6 , 11.3 , 12.0 , 12 , 14
6 , 11.28 , 12.0 , 12 , 14
6 , 11.22 , 12.0 , 12 , 14
6 , 11.2 , 12.0 , 12 , 14
6 , 11.14 , 12.0 , 12 , 14
6 , 11.06 , 12.0 , 12 , 14
6 , 11.02 , 12.0 , 12 , 14
6 , 10.96 , 12.0 , 12 , 14
6 , 10.92 , 12.0 , 12 , 14
6 , 10.88 , 12.0 , 12 , 14
6 , 10.84 , 11.0 , 12 , 14
6 , 10.7 , 10.0 , 12 , 14
6 , 10.7 , 10.0 , 12 , 14
6 , 10.7 , 10.0 , 12 , 14
6 , 10.64 , 10.0 , 12 , 14
6 , 10.52 , 10.0 , 12 , 14
6 , 10.52 , 10.0 , 12 , 14
6 , 10.52 , 10.0 , 12 , 14
6 , 10.5 , 10.0 , 12 , 14
6 , 10.46 , 10.0 , 12 , 14
6 , 10.36 , 10.0 , 12 , 12
6 , 10.36 , 10.0 , 12 , 12
6 , 10.34 , 10.0 , 12 , 12
6 , 10.34 , 10.0 , 12 , 12
6 , 10.34 , 10.0 , 12 , 12
6 , 10.32 , 10.0 , 12 , 12
6 , 10.32 , 10.0 , 12 , 12
6 , 10.28 , 10.0 , 12 , 12
6 , 10.28 , 10.0 , 12 , 12
6 , 10.26 , 10.0 , 10 , 12
6 , 10.2 , 10.0 , 10 , 12
6 , 10.2 , 10.0 , 10 , 12
6 , 10.2 , 10.0 , 10 , 12
6 , 10.2 , 10.0 , 10 , 12
6 , 10.2 , 10.0 , 10 , 12
6 , 10.2 , 10.0 , 10 , 12
6 , 10.2 , 10.0 , 10 , 12
6 , 10.16 , 10.0 , 10 , 12
6 , 10.12 , 10.0 , 10 , 12
6 , 10.12 , 10.0 , 10 , 12
6 , 10.08 , 10.0 , 10 , 12
6 , 10.08 , 10.0 , 10 , 12
6 , 10.08 , 10.0 , 10 , 12
6 , 10.08 , 10.0 , 10 , 12
6 , 10.06 , 10.0 , 10 , 12
6 , 10.04 , 10.0 , 10 , 12
6 , 9.98 , 10.0 , 10 , 12
6 , 9.96 , 10.0 , 10 , 12
6 , 9.96 , 10.0 , 10 , 12
6 , 9.94 , 10.0 , 10 , 12
6 , 9.94 , 10.0 , 10 , 12
6 , 9.88 , 10.0 , 10 , 12
6 , 9.88 , 10.0 , 10 , 12
6 , 9.88 , 10.0 , 10 , 12
6 , 9.86 , 10.0 , 10 , 12
6 , 9.78 , 10.0 , 10 , 12
6 , 9.78 , 10.0 , 10 , 12
6 , 9.78 , 10.0 , 10 , 12
6 , 9.78 , 10.0 , 10 , 12
6 , 9.74 , 10.0 , 10 , 12
6 , 9.7 , 10.0 , 10 , 12
6 , 9.66 , 10.0 , 10 , 12
6 , 9.66 , 10.0 , 10 , 12
6 , 9.64 , 10.0 , 10 , 12
6 , 9.62 , 10.0 , 10 , 12
6 , 9.6 , 10.0 , 10 , 12
6 , 9.58 , 10.0 , 10 , 12
6 , 9.54 , 10.0 , 10 , 12
6 , 9.54 , 10.0 , 10 , 12
6 , 9.54 , 10.0 , 10 , 12
6 , 9.54 , 10.0 , 10 , 12
6 , 9.52 , 10.0 , 10 , 12
6 , 9.5 , 10.0 , 10 , 12
6 , 9.5 , 10.0 , 10 , 12
6 , 9.44 , 10.0 , 10 , 12
6 , 9.44 , 10.0 , 10 , 12
6 , 9.44 , 10.0 , 10 , 12
4 , 9.36 , 10.0 , 10 , 12
4 , 9.3 , 10.0 , 10 , 12
4 , 9.3 , 10.0 , 10 , 12
4 , 9.3 , 10.0 , 10 , 12
4 , 9.26 , 10.0 , 10 , 12
4 , 9.26 , 10.0 , 10 , 12
4 , 9.24 , 10.0 , 10 , 12
4 , 9.22 , 10.0 , 10 , 12
4 , 9.22 , 10.0 , 10 , 12
4 , 9.18 , 10.0 , 10 , 12
4 , 9.18 , 10.0 , 10 , 12
4 , 9.16 , 10.0 , 10 , 12
4 , 9.16 , 10.0 , 10 , 12
4 , 9.14 , 10.0 , 10 , 12
4 , 9.1 , 10.0 , 10 , 12
4 , 9.08 , 10.0 , 10 , 12
4 , 9.08 , 10.0 , 10 , 12
4 , 9.08 , 10.0 , 10 , 12
4 , 9.08 , 10.0 , 10 , 12
4 , 9.06 , 10.0 , 10 , 12
4 , 9.04 , 10.0 , 10 , 12
4 , 9.04 , 10.0 , 10 , 12
4 , 9.04 , 10.0 , 10 , 12
4 , 9.04 , 10.0 , 10 , 12
4 , 8.96 , 10.0 , 10 , 10
4 , 8.96 , 10.0 , 10 , 10
4 , 8.96 , 10.0 , 10 , 10
4 , 8.96 , 10.0 , 10 , 10
4 , 8.96 , 10.0 , 10 , 10
4 , 8.92 , 10.0 , 10 , 10
4 , 8.92 , 10.0 , 10 , 10
4 , 8.92 , 10.0 , 10 , 10
4 , 8.92 , 10.0 , 10 , 10
4 , 8.92 , 10.0 , 10 , 10
4 , 8.92 , 10.0 , 10 , 10
4 , 8.88 , 10.0 , 10 , 10
4 , 8.88 , 10.0 , 10 , 10
4 , 8.88 , 10.0 , 10 , 10
4 , 8.84 , 10.0 , 10 , 10
4 , 8.8 , 10.0 , 10 , 10
4 , 8.8 , 10.0 , 10 , 10
4 , 8.74 , 10.0 , 10 , 10
4 , 8.74 , 10.0 , 10 , 10
4 , 8.74 , 10.0 , 10 , 10
4 , 8.72 , 10.0 , 10 , 10
4 , 8.72 , 10.0 , 10 , 10
4 , 8.72 , 10.0 , 10 , 10
4 , 8.72 , 10.0 , 10 , 10
4 , 8.72 , 10.0 , 10 , 10
4 , 8.72 , 10.0 , 10 , 10
4 , 8.72 , 10.0 , 10 , 10
4 , 8.66 , 8.0 , 10 , 10
4 , 8.66 , 8.0 , 10 , 10
4 , 8.62 , 8.0 , 10 , 10
4 , 8.6 , 8.0 , 10 , 10
4 , 8.6 , 8.0 , 10 , 10
4 , 8.58 , 8.0 , 10 , 10
4 , 8.56 , 8.0 , 10 , 10
4 , 8.56 , 8.0 , 10 , 10
4 , 8.52 , 8.0 , 10 , 10
4 , 8.52 , 8.0 , 10 , 10
4 , 8.52 , 8.0 , 10 , 10
4 , 8.52 , 8.0 , 10 , 10
4 , 8.5 , 8.0 , 10 , 10
4 , 8.48 , 8.0 , 10 , 10
4 , 8.48 , 8.0 , 10 , 10
4 , 8.48 , 8.0 , 10 , 10
4 , 8.4 , 8.0 , 8 , 10
4 , 8.4 , 8.0 , 8 , 10
4 , 8.4 , 8.0 , 8 , 10
4 , 8.34 , 8.0 , 8 , 10
4 , 8.34 , 8.0 , 8 , 10
4 , 8.32 , 8.0 , 8 , 10
4 , 8.28 , 8.0 , 8 , 10
4 , 8.26 , 8.0 , 8 , 10
4 , 8.26 , 8.0 , 8 , 10
4 , 8.26 , 8.0 , 8 , 10
4 , 8.22 , 8.0 , 8 , 10
4 , 8.2 , 8.0 , 8 , 10
4 , 8.2 , 8.0 , 8 , 10
4 , 8.18 , 8.0 , 8 , 10
4 , 8.18 , 8.0 , 8 , 10
4 , 8.16 , 8.0 , 8 , 10
4 , 8.16 , 8.0 , 8 , 10
4 , 8.12 , 8.0 , 8 , 10
4 , 8.1 , 8.0 , 8 , 10
4 , 8.1 , 8.0 , 8 , 10
4 , 8.1 , 8.0 , 8 , 10
4 , 8.08 , 8.0 , 8 , 10
4 , 8.08 , 8.0 , 8 , 10
4 , 8.06 , 8.0 , 8 , 10
4 , 8.02 , 8.0 , 8 , 10
4 , 8.02 , 8.0 , 8 , 10
4 , 8.02 , 8.0 , 8 , 10
4 , 7.98 , 8.0 , 8 , 10
4 , 7.98 , 8.0 , 8 , 10
4 , 7.98 , 8.0 , 8 , 10
4 , 7.98 , 8.0 , 8 , 10
4 , 7.98 , 8.0 , 8 , 10
4 , 7.94 , 8.0 , 8 , 10
4 , 7.94 , 8.0 , 8 , 10
4 , 7.92 , 8.0 , 8 , 10
4 , 7.88 , 8.0 , 8 , 10
4 , 7.88 , 8.0 , 8 , 10
4 , 7.88 , 8.0 , 8 , 10
4 , 7.88 , 8.0 , 8 , 10
4 , 7.88 , 8.0 , 8 , 10
4 , 7.86 , 8.0 , 8 , 10
4 , 7.84 , 8.0 , 8 , 10
4 , 7.84 , 8.0 , 8 , 10
4 , 7.82 , 8.0 , 8 , 10
4 , 7.8 , 8.0 , 8 , 10
4 , 7.8 , 8.0 , 8 , 10
4 , 7.8 , 8.0 , 8 , 10
4 , 7.8 , 8.0 , 8 , 10
4 , 7.8 , 8.0 , 8 , 10
4 , 7.8 , 8.0 , 8 , 10
4 , 7.8 , 8.0 , 8 , 10
4 , 7.8 , 8.0 , 8 , 10
4 , 7.8 , 8.0 , 8 , 10
4 , 7.8 , 8.0 , 8 , 10
4 , 7.8 , 8.0 , 8 , 10
4 , 7.8 , 8.0 , 8 , 10
4 , 7.8 , 8.0 , 8 , 10
4 , 7.8 , 8.0 , 8 , 10
4 , 7.78 , 8.0 , 8 , 10
4 , 7.76 , 8.0 , 8 , 10
4 , 7.74 , 8.0 , 8 , 10
4 , 7.74 , 8.0 , 8 , 10
4 , 7.74 , 8.0 , 8 , 10
4 , 7.74 , 8.0 , 8 , 10
4 , 7.74 , 8.0 , 8 , 10
4 , 7.74 , 8.0 , 8 , 10
4 , 7.74 , 8.0 , 8 , 10
4 , 7.7 , 8.0 , 8 , 10
4 , 7.7 , 8.0 , 8 , 10
4 , 7.7 , 8.0 , 8 , 10
4 , 7.7 , 8.0 , 8 , 10
4 , 7.7 , 8.0 , 8 , 10
4 , 7.66 , 8.0 , 8 , 10
4 , 7.64 , 8.0 , 8 , 10
4 , 7.64 , 8.0 , 8 , 10
4 , 7.64 , 8.0 , 8 , 10
4 , 7.64 , 8.0 , 8 , 10
4 , 7.62 , 8.0 , 8 , 10
4 , 7.62 , 8.0 , 8 , 10
4 , 7.62 , 8.0 , 8 , 10
4 , 7.6 , 8.0 , 8 , 10
4 , 7.6 , 8.0 , 8 , 10
4 , 7.6 , 8.0 , 8 , 10
4 , 7.6 , 8.0 , 8 , 10
4 , 7.6 , 8.0 , 8 , 10
4 , 7.58 , 8.0 , 8 , 10
4 , 7.56 , 8.0 , 8 , 10
4 , 7.56 , 8.0 , 8 , 10
4 , 7.56 , 8.0 , 8 , 10
4 , 7.54 , 8.0 , 8 , 10
4 , 7.54 , 8.0 , 8 , 10
4 , 7.54 , 8.0 , 8 , 10
4 , 7.54 , 8.0 , 8 , 10
4 , 7.54 , 8.0 , 8 , 10
4 , 7.54 , 8.0 , 8 , 10
4 , 7.52 , 8.0 , 8 , 10
4 , 7.52 , 8.0 , 8 , 10
4 , 7.5 , 8.0 , 8 , 10
4 , 7.5 , 8.0 , 8 , 10
4 , 7.42 , 8.0 , 8 , 10
4 , 7.42 , 8.0 , 8 , 10
4 , 7.42 , 8.0 , 8 , 10
4 , 7.42 , 8.0 , 8 , 10
4 , 7.42 , 8.0 , 8 , 10
4 , 7.42 , 8.0 , 8 , 10
4 , 7.42 , 8.0 , 8 , 10
4 , 7.38 , 8.0 , 8 , 10
4 , 7.38 , 8.0 , 8 , 10
4 , 7.38 , 8.0 , 8 , 10
4 , 7.38 , 8.0 , 8 , 10
4 , 7.38 , 8.0 , 8 , 10
4 , 7.38 , 8.0 , 8 , 10
4 , 7.36 , 8.0 , 8 , 8
4 , 7.34 , 8.0 , 8 , 8
4 , 7.34 , 8.0 , 8 , 8
4 , 7.32 , 8.0 , 8 , 8
4 , 7.32 , 8.0 , 8 , 8
4 , 7.32 , 8.0 , 8 , 8
4 , 7.32 , 8.0 , 8 , 8
4 , 7.32 , 8.0 , 8 , 8
4 , 7.32 , 8.0 , 8 , 8
4 , 7.32 , 8.0 , 8 , 8
4 , 7.32 , 8.0 , 8 , 8
4 , 7.32 , 8.0 , 8 , 8
4 , 7.32 , 8.0 , 8 , 8
4 , 7.32 , 8.0 , 8 , 8
4 , 7.32 , 8.0 , 8 , 8
4 , 7.32 , 8.0 , 8 , 8
4 , 7.32 , 8.0 , 8 , 8
4 , 7.32 , 8.0 , 8 , 8
4 , 7.32 , 8.0 , 8 , 8
4 , 7.3 , 8.0 , 8 , 8
4 , 7.3 , 8.0 , 8 , 8
4 , 7.3 , 8.0 , 8 , 8
4 , 7.3 , 8.0 , 8 , 8
4 , 7.3 , 8.0 , 8 , 8
4 , 7.3 , 8.0 , 8 , 8
4 , 7.3 , 8.0 , 8 , 8
4 , 7.3 , 8.0 , 8 , 8
4 , 7.3 , 8.0 , 8 , 8
4 , 7.28 , 8.0 , 8 , 8
4 , 7.28 , 8.0 , 8 , 8
4 , 7.28 , 8.0 , 8 , 8
4 , 7.28 , 8.0 , 8 , 8
4 , 7.28 , 8.0 , 8 , 8
4 , 7.28 , 8.0 , 8 , 8
4 , 7.28 , 8.0 , 8 , 8
4 , 7.26 , 8.0 , 8 , 8
4 , 7.26 , 8.0 , 8 , 8
4 , 7.26 , 8.0 , 8 , 8
4 , 7.26 , 8.0 , 8 , 8
4 , 7.26 , 8.0 , 8 , 8
4 , 7.26 , 8.0 , 8 , 8
4 , 7.26 , 8.0 , 8 , 8
4 , 7.26 , 8.0 , 8 , 8
4 , 7.26 , 8.0 , 8 , 8
4 , 7.26 , 8.0 , 8 , 8
4 , 7.26 , 8.0 , 8 , 8
4 , 7.26 , 8.0 , 8 , 8
4 , 7.26 , 8.0 , 8 , 8
4 , 7.26 , 8.0 , 8 , 8
4 , 7.26 , 8.0 , 8 , 8
4 , 7.26 , 8.0 , 8 , 8
4 , 7.26 , 8.0 , 8 , 8
4 , 7.26 , 8.0 , 8 , 8
4 , 7.26 , 8.0 , 8 , 8
4 , 7.26 , 8.0 , 8 , 8
4 , 7.26 , 8.0 , 8 , 8
4 , 7.26 , 8.0 , 8 , 8
4 , 7.26 , 8.0 , 8 , 8
4 , 7.26 , 8.0 , 8 , 8
4 , 7.26 , 8.0 , 8 , 8
4 , 7.26 , 8.0 , 8 , 8
4 , 7.24 , 8.0 , 8 , 8
4 , 7.22 , 8.0 , 8 , 8
4 , 7.22 , 8.0 , 8 , 8
4 , 7.22 , 8.0 , 8 , 8
4 , 7.22 , 8.0 , 8 , 8
4 , 7.2 , 8.0 , 8 , 8
4 , 7.2 , 8.0 , 8 , 8
4 , 7.2 , 8.0 , 8 , 8
4 , 7.2 , 8.0 , 8 , 8
4 , 7.2 , 8.0 , 8 , 8
4 , 7.18 , 8.0 , 8 , 8
4 , 7.18 , 8.0 , 8 , 8
4 , 7.16 , 8.0 , 8 , 8
4 , 7.16 , 8.0 , 8 , 8
4 , 7.16 , 8.0 , 8 , 8
4 , 7.16 , 8.0 , 8 , 8
4 , 7.16 , 8.0 , 8 , 8
4 , 7.16 , 8.0 , 8 , 8
4 , 7.16 , 8.0 , 8 , 8
4 , 7.16 , 8.0 , 8 , 8
4 , 7.16 , 8.0 , 8 , 8
4 , 7.16 , 8.0 , 8 , 8
4 , 7.16 , 8.0 , 8 , 8
4 , 7.16 , 8.0 , 8 , 8
4 , 7.16 , 8.0 , 8 , 8
4 , 7.16 , 8.0 , 8 , 8
4 , 7.16 , 8.0 , 8 , 8
4 , 7.16 , 8.0 , 8 , 8
4 , 7.14 , 8.0 , 8 , 8
4 , 7.14 , 8.0 , 8 , 8
4 , 7.14 , 8.0 , 8 , 8
4 , 7.14 , 8.0 , 8 , 8
4 , 7.14 , 8.0 , 8 , 8
4 , 7.14 , 8.0 , 8 , 8
4 , 7.14 , 8.0 , 8 , 8
4 , 7.14 , 8.0 , 8 , 8
4 , 7.14 , 8.0 , 8 , 8
4 , 7.14 , 8.0 , 8 , 8
4 , 7.14 , 8.0 , 8 , 8
4 , 7.14 , 8.0 , 8 , 8
4 , 7.14 , 8.0 , 8 , 8
4 , 7.14 , 8.0 , 8 , 8
4 , 7.14 , 8.0 , 8 , 8
4 , 7.14 , 8.0 , 8 , 8
4 , 7.14 , 8.0 , 8 , 8
4 , 7.14 , 8.0 , 8 , 8
4 , 7.14 , 8.0 , 8 , 8
4 , 7.14 , 8.0 , 8 , 8
4 , 7.14 , 8.0 , 8 , 8
4 , 7.14 , 8.0 , 8 , 8
4 , 7.14 , 8.0 , 8 , 8
4 , 7.14 , 8.0 , 8 , 8
4 , 7.14 , 8.0 , 8 , 8
4 , 7.14 , 8.0 , 8 , 8
4 , 7.14 , 8.0 , 8 , 8
4 , 7.12 , 8.0 , 8 , 8
4 , 7.12 , 8.0 , 8 , 8
4 , 7.12 , 8.0 , 8 , 8
4 , 7.12 , 8.0 , 8 , 8
4 , 7.1 , 8.0 , 8 , 8
4 , 7.1 , 8.0 , 8 , 8
4 , 7.08 , 8.0 , 8 , 8
4 , 7.08 , 8.0 , 8 , 8
4 , 7.06 , 8.0 , 8 , 8
4 , 7.06 , 8.0 , 8 , 8
4 , 7.06 , 8.0 , 8 , 8
4 , 7.06 , 8.0 , 8 , 8
4 , 7.06 , 8.0 , 8 , 8
4 , 7.04 , 8.0 , 8 , 8
4 , 7.04 , 8.0 , 8 , 8
4 , 7.04 , 8.0 , 8 , 8
4 , 7.02 , 8.0 , 8 , 8
4 , 7.02 , 8.0 , 8 , 8
4 , 7.0 , 8.0 , 8 , 8
4 , 7.0 , 8.0 , 8 , 8
4 , 7.0 , 8.0 , 8 , 8
4 , 7.0 , 8.0 , 8 , 8
4 , 7.0 , 8.0 , 8 , 8
4 , 7.0 , 8.0 , 8 , 8
4 , 7.0 , 8.0 , 8 , 8
4 , 7.0 , 8.0 , 8 , 8
4 , 6.98 , 8.0 , 8 , 8
4 , 6.98 , 8.0 , 8 , 8
4 , 6.98 , 8.0 , 8 , 8
4 , 6.96 , 8.0 , 8 , 8
4 , 6.92 , 7.0 , 8 , 8
4 , 6.92 , 7.0 , 8 , 8
4 , 6.92 , 7.0 , 8 , 8
4 , 6.92 , 7.0 , 8 , 8
4 , 6.92 , 7.0 , 8 , 8
4 , 6.92 , 7.0 , 8 , 8
4 , 6.92 , 7.0 , 8 , 8
4 , 6.9 , 6.0 , 8 , 8
4 , 6.9 , 6.0 , 8 , 8
4 , 6.9 , 6.0 , 8 , 8
4 , 6.9 , 6.0 , 8 , 8
4 , 6.9 , 6.0 , 8 , 8
4 , 6.9 , 6.0 , 8 , 8
4 , 6.9 , 6.0 , 8 , 8
4 , 6.9 , 6.0 , 8 , 8
4 , 6.9 , 6.0 , 8 , 8
4 , 6.9 , 6.0 , 8 , 8
4 , 6.9 , 6.0 , 8 , 8
4 , 6.9 , 6.0 , 8 , 8
4 , 6.9 , 6.0 , 8 , 8
4 , 6.88 , 6.0 , 6 , 8
4 , 6.86 , 6.0 , 6 , 8
4 , 6.86 , 6.0 , 6 , 8
4 , 6.84 , 6.0 , 6 , 8
4 , 6.84 , 6.0 , 6 , 8
4 , 6.84 , 6.0 , 6 , 8
4 , 6.84 , 6.0 , 6 , 8
4 , 6.78 , 6.0 , 6 , 8
4 , 6.78 , 6.0 , 6 , 8
4 , 6.78 , 6.0 , 6 , 8
4 , 6.78 , 6.0 , 6 , 8
4 , 6.78 , 6.0 , 6 , 8
4 , 6.78 , 6.0 , 6 , 8
4 , 6.78 , 6.0 , 6 , 8
4 , 6.78 , 6.0 , 6 , 8
4 , 6.78 , 6.0 , 6 , 8
4 , 6.78 , 6.0 , 6 , 8
4 , 6.78 , 6.0 , 6 , 8
4 , 6.76 , 6.0 , 6 , 8
4 , 6.76 , 6.0 , 6 , 8
4 , 6.74 , 6.0 , 6 , 8
4 , 6.74 , 6.0 , 6 , 8
4 , 6.74 , 6.0 , 6 , 8
4 , 6.74 , 6.0 , 6 , 8
4 , 6.74 , 6.0 , 6 , 8
4 , 6.74 , 6.0 , 6 , 8
4 , 6.74 , 6.0 , 6 , 8
4 , 6.72 , 6.0 , 6 , 8
4 , 6.72 , 6.0 , 6 , 8
4 , 6.72 , 6.0 , 6 , 8
4 , 6.7 , 6.0 , 6 , 8
4 , 6.68 , 6.0 , 6 , 8
4 , 6.68 , 6.0 , 6 , 8
4 , 6.68 , 6.0 , 6 , 8
4 , 6.64 , 6.0 , 6 , 8
4 , 6.64 , 6.0 , 6 , 8
4 , 6.64 , 6.0 , 6 , 8
4 , 6.64 , 6.0 , 6 , 8
4 , 6.6 , 6.0 , 6 , 8
4 , 6.54 , 6.0 , 6 , 8
4 , 6.52 , 6.0 , 6 , 8
4 , 6.52 , 6.0 , 6 , 8
4 , 6.52 , 6.0 , 6 , 8
4 , 6.5 , 6.0 , 6 , 8
4 , 6.5 , 6.0 , 6 , 8
4 , 6.5 , 6.0 , 6 , 8
4 , 6.5 , 6.0 , 6 , 8
4 , 6.48 , 6.0 , 6 , 8
4 , 6.48 , 6.0 , 6 , 8
4 , 6.48 , 6.0 , 6 , 8
4 , 6.46 , 6.0 , 6 , 8
4 , 6.44 , 6.0 , 6 , 8
4 , 6.42 , 6.0 , 6 , 8
4 , 6.4 , 6.0 , 6 , 8
4 , 6.4 , 6.0 , 6 , 8
4 , 6.4 , 6.0 , 6 , 8
4 , 6.38 , 6.0 , 6 , 8
4 , 6.38 , 6.0 , 6 , 8
4 , 6.38 , 6.0 , 6 , 8
4 , 6.38 , 6.0 , 6 , 8
4 , 6.38 , 6.0 , 6 , 8
4 , 6.38 , 6.0 , 6 , 8
4 , 6.38 , 6.0 , 6 , 8
4 , 6.38 , 6.0 , 6 , 8
4 , 6.38 , 6.0 , 6 , 8
4 , 6.38 , 6.0 , 6 , 8
4 , 6.38 , 6.0 , 6 , 8
4 , 6.36 , 6.0 , 6 , 8
4 , 6.36 , 6.0 , 6 , 8
4 , 6.34 , 6.0 , 6 , 8
4 , 6.34 , 6.0 , 6 , 8
4 , 6.34 , 6.0 , 6 , 8
4 , 6.34 , 6.0 , 6 , 8
4 , 6.34 , 6.0 , 6 , 8
4 , 6.34 , 6.0 , 6 , 8
4 , 6.32 , 6.0 , 6 , 8
4 , 6.32 , 6.0 , 6 , 8
4 , 6.32 , 6.0 , 6 , 8
4 , 6.32 , 6.0 , 6 , 8
4 , 6.32 , 6.0 , 6 , 8
4 , 6.32 , 6.0 , 6 , 8
4 , 6.32 , 6.0 , 6 , 8
4 , 6.32 , 6.0 , 6 , 8
4 , 6.28 , 6.0 , 6 , 8
4 , 6.28 , 6.0 , 6 , 8
4 , 6.26 , 6.0 , 6 , 8
4 , 6.26 , 6.0 , 6 , 8
4 , 6.26 , 6.0 , 6 , 8
4 , 6.26 , 6.0 , 6 , 8
4 , 6.26 , 6.0 , 6 , 8
4 , 6.26 , 6.0 , 6 , 8
4 , 6.26 , 6.0 , 6 , 8
4 , 6.26 , 6.0 , 6 , 8
4 , 6.26 , 6.0 , 6 , 8
4 , 6.26 , 6.0 , 6 , 8
4 , 6.24 , 6.0 , 6 , 8
4 , 6.24 , 6.0 , 6 , 8
4 , 6.24 , 6.0 , 6 , 8
4 , 6.22 , 6.0 , 6 , 8
4 , 6.22 , 6.0 , 6 , 8
4 , 6.22 , 6.0 , 6 , 8
4 , 6.22 , 6.0 , 6 , 8
4 , 6.22 , 6.0 , 6 , 8
4 , 6.22 , 6.0 , 6 , 8
4 , 6.22 , 6.0 , 6 , 8
4 , 6.22 , 6.0 , 6 , 8
4 , 6.22 , 6.0 , 6 , 8
4 , 6.22 , 6.0 , 6 , 8
4 , 6.22 , 6.0 , 6 , 8
4 , 6.22 , 6.0 , 6 , 8
4 , 6.22 , 6.0 , 6 , 8
4 , 6.22 , 6.0 , 6 , 8
4 , 6.22 , 6.0 , 6 , 8
4 , 6.22 , 6.0 , 6 , 8
4 , 6.22 , 6.0 , 6 , 8
4 , 6.22 , 6.0 , 6 , 8
4 , 6.22 , 6.0 , 6 , 8
4 , 6.22 , 6.0 , 6 , 8
4 , 6.18 , 6.0 , 6 , 8
4 , 6.18 , 6.0 , 6 , 8
4 , 6.18 , 6.0 , 6 , 8
4 , 6.18 , 6.0 , 6 , 8
4 , 6.18 , 6.0 , 6 , 8
4 , 6.18 , 6.0 , 6 , 8
4 , 6.18 , 6.0 , 6 , 8
4 , 6.16 , 6.0 , 6 , 8
4 , 6.16 , 6.0 , 6 , 8
4 , 6.14 , 6.0 , 6 , 8
4 , 6.14 , 6.0 , 6 , 8
4 , 6.14 , 6.0 , 6 , 8
4 , 6.14 , 6.0 , 6 , 8
4 , 6.14 , 6.0 , 6 , 8
4 , 6.14 , 6.0 , 6 , 8
4 , 6.14 , 6.0 , 6 , 8
4 , 6.14 , 6.0 , 6 , 8
4 , 6.14 , 6.0 , 6 , 8
4 , 6.14 , 6.0 , 6 , 8
4 , 6.14 , 6.0 , 6 , 8
4 , 6.14 , 6.0 , 6 , 8
4 , 6.14 , 6.0 , 6 , 8
4 , 6.12 , 6.0 , 6 , 8
4 , 6.12 , 6.0 , 6 , 8
4 , 6.12 , 6.0 , 6 , 8
4 , 6.12 , 6.0 , 6 , 8
4 , 6.12 , 6.0 , 6 , 8
4 , 6.12 , 6.0 , 6 , 8
4 , 6.12 , 6.0 , 6 , 8
4 , 6.12 , 6.0 , 6 , 8
4 , 6.12 , 6.0 , 6 , 8
4 , 6.12 , 6.0 , 6 , 8
4 , 6.1 , 6.0 , 6 , 8
4 , 6.08 , 6.0 , 6 , 8
4 , 6.08 , 6.0 , 6 , 8
4 , 6.08 , 6.0 , 6 , 8
4 , 6.08 , 6.0 , 6 , 8
4 , 6.06 , 6.0 , 6 , 8
4 , 6.06 , 6.0 , 6 , 8
4 , 6.06 , 6.0 , 6 , 8
4 , 6.06 , 6.0 , 6 , 8
4 , 6.06 , 6.0 , 6 , 8
4 , 6.06 , 6.0 , 6 , 8
4 , 6.06 , 6.0 , 6 , 8
4 , 6.06 , 6.0 , 6 , 8
4 , 6.06 , 6.0 , 6 , 8
4 , 6.06 , 6.0 , 6 , 8
4 , 6.06 , 6.0 , 6 , 8
4 , 6.06 , 6.0 , 6 , 8
4 , 6.06 , 6.0 , 6 , 8
4 , 6.06 , 6.0 , 6 , 8
4 , 6.06 , 6.0 , 6 , 8
4 , 6.02 , 6.0 , 6 , 8
4 , 6.02 , 6.0 , 6 , 8
4 , 6.02 , 6.0 , 6 , 8
4 , 6.02 , 6.0 , 6 , 8
4 , 6.02 , 6.0 , 6 , 8
4 , 6.02 , 6.0 , 6 , 8
4 , 6.02 , 6.0 , 6 , 8
4 , 6.02 , 6.0 , 6 , 8
4 , 6.0 , 6.0 , 6 , 8
4 , 6.0 , 6.0 , 6 , 8
4 , 6.0 , 6.0 , 6 , 8
4 , 6.0 , 6.0 , 6 , 8
4 , 6.0 , 6.0 , 6 , 8
4 , 6.0 , 6.0 , 6 , 8
4 , 5.98 , 6.0 , 6 , 8
4 , 5.98 , 6.0 , 6 , 8
4 , 5.98 , 6.0 , 6 , 8
4 , 5.98 , 6.0 , 6 , 8
4 , 5.98 , 6.0 , 6 , 8
4 , 5.96 , 6.0 , 6 , 8
4 , 5.96 , 6.0 , 6 , 8
4 , 5.96 , 6.0 , 6 , 8
4 , 5.96 , 6.0 , 6 , 8
4 , 5.94 , 6.0 , 6 , 8
4 , 5.94 , 6.0 , 6 , 8
4 , 5.92 , 6.0 , 6 , 8
4 , 5.92 , 6.0 , 6 , 8
4 , 5.9 , 6.0 , 6 , 8
4 , 5.9 , 6.0 , 6 , 8
4 , 5.9 , 6.0 , 6 , 8
4 , 5.9 , 6.0 , 6 , 8
4 , 5.9 , 6.0 , 6 , 8
4 , 5.9 , 6.0 , 6 , 8
4 , 5.86 , 6.0 , 6 , 8
4 , 5.86 , 6.0 , 6 , 8
4 , 5.82 , 6.0 , 6 , 8
4 , 5.82 , 6.0 , 6 , 8
4 , 5.82 , 6.0 , 6 , 8
4 , 5.78 , 6.0 , 6 , 8
4 , 5.78 , 6.0 , 6 , 8
4 , 5.76 , 6.0 , 6 , 8
4 , 5.76 , 6.0 , 6 , 8
4 , 5.76 , 6.0 , 6 , 8
4 , 5.76 , 6.0 , 6 , 8
4 , 5.74 , 6.0 , 6 , 6
4 , 5.74 , 6.0 , 6 , 6
4 , 5.74 , 6.0 , 6 , 6
4 , 5.74 , 6.0 , 6 , 6
4 , 5.74 , 6.0 , 6 , 6
4 , 5.74 , 6.0 , 6 , 6
4 , 5.74 , 6.0 , 6 , 6
4 , 5.74 , 6.0 , 6 , 6
4 , 5.74 , 6.0 , 6 , 6
4 , 5.74 , 6.0 , 6 , 6
4 , 5.74 , 6.0 , 6 , 6
4 , 5.74 , 6.0 , 6 , 6
4 , 5.74 , 6.0 , 6 , 6
4 , 5.74 , 6.0 , 6 , 6
4 , 5.74 , 6.0 , 6 , 6
4 , 5.74 , 6.0 , 6 , 6
4 , 5.74 , 6.0 , 6 , 6
4 , 5.74 , 6.0 , 6 , 6
4 , 5.74 , 6.0 , 6 , 6
4 , 5.74 , 6.0 , 6 , 6
4 , 5.74 , 6.0 , 6 , 6
4 , 5.74 , 6.0 , 6 , 6
4 , 5.74 , 6.0 , 6 , 6
4 , 5.74 , 6.0 , 6 , 6
4 , 5.74 , 6.0 , 6 , 6
4 , 5.74 , 6.0 , 6 , 6
4 , 5.74 , 6.0 , 6 , 6
4 , 5.74 , 6.0 , 6 , 6
4 , 5.74 , 6.0 , 6 , 6
4 , 5.74 , 6.0 , 6 , 6
4 , 5.74 , 6.0 , 6 , 6
4 , 5.74 , 6.0 , 6 , 6
4 , 5.74 , 6.0 , 6 , 6
4 , 5.74 , 6.0 , 6 , 6
4 , 5.74 , 6.0 , 6 , 6
4 , 5.74 , 6.0 , 6 , 6
4 , 5.74 , 6.0 , 6 , 6
4 , 5.74 , 6.0 , 6 , 6
4 , 5.74 , 6.0 , 6 , 6
4 , 5.7 , 6.0 , 6 , 6
4 , 5.7 , 6.0 , 6 , 6
4 , 5.7 , 6.0 , 6 , 6
4 , 5.68 , 6.0 , 6 , 6
4 , 5.68 , 6.0 , 6 , 6
4 , 5.68 , 6.0 , 6 , 6
4 , 5.68 , 6.0 , 6 , 6
4 , 5.68 , 6.0 , 6 , 6
4 , 5.68 , 6.0 , 6 , 6
4 , 5.68 , 6.0 , 6 , 6
4 , 5.68 , 6.0 , 6 , 6
4 , 5.68 , 6.0 , 6 , 6
4 , 5.68 , 6.0 , 6 , 6
4 , 5.68 , 6.0 , 6 , 6
4 , 5.68 , 6.0 , 6 , 6
4 , 5.68 , 6.0 , 6 , 6
4 , 5.66 , 6.0 , 6 , 6
4 , 5.66 , 6.0 , 6 , 6
4 , 5.66 , 6.0 , 6 , 6
4 , 5.66 , 6.0 , 6 , 6
4 , 5.66 , 6.0 , 6 , 6
4 , 5.66 , 6.0 , 6 , 6
4 , 5.66 , 6.0 , 6 , 6
4 , 5.66 , 6.0 , 6 , 6
4 , 5.64 , 6.0 , 6 , 6
4 , 5.64 , 6.0 , 6 , 6
4 , 5.64 , 6.0 , 6 , 6
4 , 5.64 , 6.0 , 6 , 6
4 , 5.64 , 6.0 , 6 , 6
4 , 5.64 , 6.0 , 6 , 6
4 , 5.64 , 6.0 , 6 , 6
4 , 5.64 , 6.0 , 6 , 6
4 , 5.64 , 6.0 , 6 , 6
4 , 5.64 , 6.0 , 6 , 6
4 , 5.64 , 6.0 , 6 , 6
4 , 5.64 , 6.0 , 6 , 6
4 , 5.64 , 6.0 , 6 , 6
4 , 5.64 , 6.0 , 6 , 6
4 , 5.64 , 6.0 , 6 , 6
4 , 5.64 , 6.0 , 6 , 6
4 , 5.64 , 6.0 , 6 , 6
4 , 5.64 , 6.0 , 6 , 6
4 , 5.64 , 6.0 , 6 , 6
4 , 5.64 , 6.0 , 6 , 6
4 , 5.64 , 6.0 , 6 , 6
4 , 5.64 , 6.0 , 6 , 6
4 , 5.64 , 6.0 , 6 , 6
4 , 5.64 , 6.0 , 6 , 6
4 , 5.64 , 6.0 , 6 , 6
4 , 5.64 , 6.0 , 6 , 6
4 , 5.64 , 6.0 , 6 , 6
4 , 5.64 , 6.0 , 6 , 6
4 , 5.64 , 6.0 , 6 , 6
4 , 5.64 , 6.0 , 6 , 6
4 , 5.64 , 6.0 , 6 , 6
4 , 5.62 , 6.0 , 6 , 6
4 , 5.62 , 6.0 , 6 , 6
4 , 5.62 , 6.0 , 6 , 6
4 , 5.62 , 6.0 , 6 , 6
4 , 5.62 , 6.0 , 6 , 6
4 , 5.62 , 6.0 , 6 , 6
2 , 5.58 , 6.0 , 6 , 6
2 , 5.58 , 6.0 , 6 , 6
2 , 5.58 , 6.0 , 6 , 6
2 , 5.58 , 6.0 , 6 , 6
2 , 5.58 , 6.0 , 6 , 6
2 , 5.58 , 6.0 , 6 , 6
2 , 5.58 , 6.0 , 6 , 6
2 , 5.58 , 6.0 , 6 , 6
2 , 5.58 , 6.0 , 6 , 6
2 , 5.58 , 6.0 , 6 , 6
2 , 5.58 , 6.0 , 6 , 6
2 , 5.58 , 6.0 , 6 , 6
2 , 5.58 , 6.0 , 6 , 6
2 , 5.56 , 6.0 , 6 , 6
2 , 5.56 , 6.0 , 6 , 6
2 , 5.56 , 6.0 , 6 , 6
2 , 5.54 , 6.0 , 6 , 6
2 , 5.54 , 6.0 , 6 , 6
2 , 5.54 , 6.0 , 6 , 6
2 , 5.54 , 6.0 , 6 , 6
2 , 5.54 , 6.0 , 6 , 6
2 , 5.54 , 6.0 , 6 , 6
2 , 5.54 , 6.0 , 6 , 6
2 , 5.54 , 6.0 , 6 , 6
2 , 5.54 , 6.0 , 6 , 6
2 , 5.54 , 6.0 , 6 , 6
2 , 5.54 , 6.0 , 6 , 6
2 , 5.54 , 6.0 , 6 , 6
2 , 5.54 , 6.0 , 6 , 6
2 , 5.54 , 6.0 , 6 , 6
2 , 5.54 , 6.0 , 6 , 6
2 , 5.54 , 6.0 , 6 , 6
2 , 5.54 , 6.0 , 6 , 6
2 , 5.54 , 6.0 , 6 , 6
2 , 5.54 , 6.0 , 6 , 6
2 , 5.54 , 6.0 , 6 , 6
2 , 5.54 , 6.0 , 6 , 6
2 , 5.54 , 6.0 , 6 , 6
2 , 5.54 , 6.0 , 6 , 6
2 , 5.54 , 6.0 , 6 , 6
2 , 5.54 , 6.0 , 6 , 6
2 , 5.54 , 6.0 , 6 , 6
2 , 5.54 , 6.0 , 6 , 6
2 , 5.5 , 6.0 , 6 , 6
2 , 5.5 , 6.0 , 6 , 6
2 , 5.5 , 6.0 , 6 , 6
2 , 5.5 , 6.0 , 6 , 6
2 , 5.5 , 6.0 , 6 , 6
2 , 5.5 , 6.0 , 6 , 6
2 , 5.5 , 6.0 , 6 , 6
2 , 5.5 , 6.0 , 6 , 6
2 , 5.5 , 6.0 , 6 , 6
2 , 5.48 , 6.0 , 6 , 6
2 , 5.48 , 6.0 , 6 , 6
2 , 5.48 , 6.0 , 6 , 6
2 , 5.48 , 6.0 , 6 , 6
2 , 5.48 , 6.0 , 6 , 6
2 , 5.48 , 6.0 , 6 , 6
2 , 5.48 , 6.0 , 6 , 6
2 , 5.48 , 6.0 , 6 , 6
2 , 5.48 , 6.0 , 6 , 6
2 , 5.48 , 6.0 , 6 , 6
2 , 5.48 , 6.0 , 6 , 6
2 , 5.48 , 6.0 , 6 , 6
2 , 5.48 , 6.0 , 6 , 6
2 , 5.48 , 6.0 , 6 , 6
2 , 5.48 , 6.0 , 6 , 6
2 , 5.48 , 6.0 , 6 , 6
2 , 5.48 , 6.0 , 6 , 6
2 , 5.48 , 6.0 , 6 , 6
2 , 5.48 , 6.0 , 6 , 6
2 , 5.48 , 6.0 , 6 , 6
2 , 5.48 , 6.0 , 6 , 6
2 , 5.48 , 6.0 , 6 , 6
2 , 5.48 , 6.0 , 6 , 6
2 , 5.48 , 6.0 , 6 , 6
2 , 5.48 , 6.0 , 6 , 6
2 , 5.46 , 6.0 , 6 , 6
2 , 5.46 , 6.0 , 6 , 6
2 , 5.46 , 6.0 , 6 , 6
2 , 5.46 , 6.0 , 6 , 6
2 , 5.46 , 6.0 , 6 , 6
2 , 5.46 , 6.0 , 6 , 6
2 , 5.46 , 6.0 , 6 , 6
2 , 5.46 , 6.0 , 6 , 6
2 , 5.46 , 6.0 , 6 , 6
2 , 5.46 , 6.0 , 6 , 6
2 , 5.46 , 6.0 , 6 , 6
2 , 5.46 , 6.0 , 6 , 6
2 , 5.46 , 6.0 , 6 , 6
2 , 5.46 , 6.0 , 6 , 6
2 , 5.44 , 6.0 , 6 , 6
2 , 5.44 , 6.0 , 6 , 6
2 , 5.44 , 6.0 , 6 , 6
2 , 5.44 , 6.0 , 6 , 6
2 , 5.44 , 6.0 , 6 , 6
2 , 5.44 , 6.0 , 6 , 6
2 , 5.44 , 6.0 , 6 , 6
2 , 5.44 , 6.0 , 6 , 6
2 , 5.44 , 6.0 , 6 , 6
2 , 5.44 , 6.0 , 6 , 6
2 , 5.44 , 6.0 , 6 , 6
2 , 5.42 , 6.0 , 6 , 6
2 , 5.42 , 6.0 , 6 , 6
2 , 5.42 , 6.0 , 6 , 6
2 , 5.42 , 6.0 , 6 , 6
2 , 5.42 , 6.0 , 6 , 6
2 , 5.42 , 6.0 , 6 , 6
2 , 5.42 , 6.0 , 6 , 6
2 , 5.42 , 6.0 , 6 , 6
2 , 5.42 , 6.0 , 6 , 6
2 , 5.42 , 6.0 , 6 , 6
2 , 5.42 , 6.0 , 6 , 6
2 , 5.42 , 6.0 , 6 , 6
2 , 5.42 , 6.0 , 6 , 6
2 , 5.42 , 6.0 , 6 , 6
2 , 5.42 , 6.0 , 6 , 6
2 , 5.42 , 6.0 , 6 , 6
2 , 5.4 , 6.0 , 6 , 6
2 , 5.4 , 6.0 , 6 , 6
2 , 5.4 , 6.0 , 6 , 6
2 , 5.4 , 6.0 , 6 , 6
2 , 5.4 , 6.0 , 6 , 6
2 , 5.4 , 6.0 , 6 , 6
2 , 5.4 , 6.0 , 6 , 6
2 , 5.38 , 6.0 , 6 , 6
2 , 5.34 , 6.0 , 6 , 6
2 , 5.34 , 6.0 , 6 , 6
2 , 5.34 , 6.0 , 6 , 6
2 , 5.34 , 6.0 , 6 , 6
2 , 5.34 , 6.0 , 6 , 6
2 , 5.34 , 6.0 , 6 , 6
2 , 5.34 , 6.0 , 6 , 6
2 , 5.34 , 6.0 , 6 , 6
2 , 5.34 , 6.0 , 6 , 6
2 , 5.34 , 6.0 , 6 , 6
2 , 5.34 , 6.0 , 6 , 6
2 , 5.34 , 6.0 , 6 , 6
2 , 5.34 , 6.0 , 6 , 6
2 , 5.34 , 6.0 , 6 , 6
2 , 5.34 , 6.0 , 6 , 6
2 , 5.34 , 6.0 , 6 , 6
2 , 5.34 , 6.0 , 6 , 6
2 , 5.34 , 6.0 , 6 , 6
2 , 5.34 , 6.0 , 6 , 6
2 , 5.34 , 6.0 , 6 , 6
2 , 5.34 , 6.0 , 6 , 6
2 , 5.32 , 6.0 , 6 , 6
2 , 5.32 , 6.0 , 6 , 6
2 , 5.32 , 6.0 , 6 , 6
2 , 5.32 , 6.0 , 6 , 6
2 , 5.32 , 6.0 , 6 , 6
2 , 5.32 , 6.0 , 6 , 6
2 , 5.32 , 6.0 , 6 , 6
2 , 5.32 , 6.0 , 6 , 6
2 , 5.28 , 6.0 , 6 , 6
2 , 5.28 , 6.0 , 6 , 6
2 , 5.28 , 6.0 , 6 , 6
2 , 5.28 , 6.0 , 6 , 6
2 , 5.28 , 6.0 , 6 , 6
2 , 5.28 , 6.0 , 6 , 6
2 , 5.28 , 6.0 , 6 , 6
2 , 5.28 , 6.0 , 6 , 6
2 , 5.26 , 6.0 , 6 , 6
2 , 5.26 , 6.0 , 6 , 6
2 , 5.26 , 6.0 , 6 , 6
2 , 5.26 , 6.0 , 6 , 6
2 , 5.24 , 6.0 , 6 , 6
2 , 5.22 , 6.0 , 6 , 6
2 , 5.22 , 6.0 , 6 , 6
2 , 5.22 , 6.0 , 6 , 6
2 , 5.22 , 6.0 , 6 , 6
2 , 5.22 , 6.0 , 6 , 6
2 , 5.22 , 6.0 , 6 , 6
2 , 5.22 , 6.0 , 6 , 6
2 , 5.22 , 6.0 , 6 , 6
2 , 5.22 , 6.0 , 6 , 6
2 , 5.22 , 6.0 , 6 , 6
2 , 5.22 , 6.0 , 6 , 6
2 , 5.22 , 6.0 , 6 , 6
2 , 5.22 , 6.0 , 6 , 6
2 , 5.18 , 6.0 , 6 , 6
2 , 5.18 , 6.0 , 6 , 6
2 , 5.18 , 6.0 , 6 , 6
2 , 5.18 , 6.0 , 6 , 6
2 , 5.18 , 6.0 , 6 , 6
2 , 5.18 , 6.0 , 6 , 6
2 , 5.18 , 6.0 , 6 , 6
2 , 5.18 , 6.0 , 6 , 6
2 , 5.18 , 6.0 , 6 , 6
2 , 5.18 , 6.0 , 6 , 6
2 , 5.18 , 6.0 , 6 , 6
2 , 5.18 , 6.0 , 6 , 6
2 , 5.18 , 6.0 , 6 , 6
2 , 5.18 , 6.0 , 6 , 6
2 , 5.18 , 6.0 , 6 , 6
2 , 5.18 , 6.0 , 6 , 6
2 , 5.18 , 6.0 , 6 , 6
2 , 5.18 , 6.0 , 6 , 6
2 , 5.18 , 6.0 , 6 , 6
2 , 5.18 , 6.0 , 6 , 6
2 , 5.18 , 6.0 , 6 , 6
2 , 5.18 , 6.0 , 6 , 6
2 , 5.18 , 6.0 , 6 , 6
2 , 5.18 , 6.0 , 6 , 6
2 , 5.18 , 6.0 , 6 , 6
2 , 5.18 , 6.0 , 6 , 6
2 , 5.18 , 6.0 , 6 , 6
2 , 5.18 , 6.0 , 6 , 6
2 , 5.18 , 6.0 , 6 , 6
2 , 5.18 , 6.0 , 6 , 6
2 , 5.18 , 6.0 , 6 , 6
0  Perfect solutions
perfect solution individuals []
