4 , 14.8 , 14.0 , 14 , 24
4 , 14.6 , 14.0 , 14 , 22
4 , 14.42 , 14.0 , 14 , 22
4 , 14.24 , 14.0 , 14 , 22
4 , 14.06 , 14.0 , 14 , 22
4 , 13.74 , 14.0 , 14 , 20
4 , 13.52 , 14.0 , 14 , 20
4 , 13.4 , 14.0 , 14 , 20
4 , 13.18 , 14.0 , 14 , 20
4 , 12.98 , 14.0 , 14 , 18
4 , 12.92 , 14.0 , 14 , 18
4 , 12.86 , 14.0 , 14 , 18
4 , 12.78 , 14.0 , 14 , 18
4 , 12.68 , 14.0 , 14 , 18
4 , 12.64 , 14.0 , 14 , 18
4 , 12.58 , 13.0 , 14 , 18
4 , 12.44 , 12.0 , 14 , 18
4 , 12.44 , 12.0 , 14 , 18
4 , 12.36 , 12.0 , 14 , 18
4 , 12.24 , 12.0 , 14 , 16
4 , 12.1 , 12.0 , 14 , 16
4 , 12.04 , 12.0 , 14 , 16
4 , 11.98 , 12.0 , 14 , 16
4 , 11.94 , 12.0 , 14 , 16
4 , 11.9 , 12.0 , 14 , 16
4 , 11.86 , 12.0 , 14 , 16
4 , 11.78 , 12.0 , 14 , 16
4 , 11.7 , 12.0 , 14 , 16
4 , 11.62 , 12.0 , 14 , 16
4 , 11.58 , 12.0 , 14 , 16
4 , 11.56 , 12.0 , 14 , 14
4 , 11.52 , 12.0 , 14 , 14
4 , 11.5 , 12.0 , 14 , 14
4 , 11.48 , 12.0 , 14 , 14
4 , 11.4 , 12.0 , 14 , 14
4 , 11.4 , 12.0 , 14 , 14
4 , 11.34 , 12.0 , 14 , 14
4 , 11.24 , 12.0 , 12 , 14
4 , 11.18 , 12.0 , 12 , 14
4 , 11.16 , 12.0 , 12 , 14
4 , 11.08 , 12.0 , 12 , 14
4 , 11.06 , 12.0 , 12 , 14
4 , 11.04 , 12.0 , 12 , 14
4 , 10.96 , 12.0 , 12 , 14
4 , 10.92 , 12.0 , 12 , 14
4 , 10.84 , 12.0 , 12 , 14
4 , 10.84 , 12.0 , 12 , 14
4 , 10.84 , 12.0 , 12 , 14
4 , 10.82 , 12.0 , 12 , 14
4 , 10.76 , 12.0 , 12 , 14
4 , 10.72 , 12.0 , 12 , 14
4 , 10.64 , 11.0 , 12 , 14
4 , 10.56 , 10.0 , 12 , 14
4 , 10.56 , 10.0 , 12 , 14
4 , 10.52 , 10.0 , 12 , 14
4 , 10.48 , 10.0 , 12 , 14
4 , 10.46 , 10.0 , 12 , 14
4 , 10.46 , 10.0 , 12 , 14
4 , 10.42 , 10.0 , 12 , 14
4 , 10.4 , 10.0 , 12 , 14
4 , 10.38 , 10.0 , 12 , 14
4 , 10.36 , 10.0 , 12 , 14
4 , 10.3 , 10.0 , 12 , 14
4 , 10.28 , 10.0 , 12 , 14
4 , 10.26 , 10.0 , 12 , 14
4 , 10.24 , 10.0 , 12 , 12
4 , 10.16 , 10.0 , 12 , 12
4 , 10.14 , 10.0 , 12 , 12
4 , 10.14 , 10.0 , 12 , 12
4 , 10.14 , 10.0 , 12 , 12
4 , 10.02 , 10.0 , 12 , 12
4 , 10.0 , 10.0 , 12 , 12
4 , 10.0 , 10.0 , 12 , 12
4 , 10.0 , 10.0 , 12 , 12
4 , 10.0 , 10.0 , 12 , 12
4 , 9.96 , 10.0 , 12 , 12
4 , 9.92 , 10.0 , 12 , 12
4 , 9.92 , 10.0 , 12 , 12
4 , 9.92 , 10.0 , 12 , 12
4 , 9.9 , 10.0 , 12 , 12
4 , 9.86 , 10.0 , 12 , 12
4 , 9.82 , 10.0 , 12 , 12
4 , 9.8 , 10.0 , 12 , 12
4 , 9.72 , 10.0 , 12 , 12
4 , 9.7 , 10.0 , 10 , 12
4 , 9.7 , 10.0 , 10 , 12
4 , 9.68 , 10.0 , 10 , 12
4 , 9.66 , 10.0 , 10 , 12
4 , 9.6 , 10.0 , 10 , 12
4 , 9.58 , 10.0 , 10 , 12
4 , 9.56 , 10.0 , 10 , 12
4 , 9.56 , 10.0 , 10 , 12
4 , 9.56 , 10.0 , 10 , 12
4 , 9.54 , 10.0 , 10 , 12
4 , 9.52 , 10.0 , 10 , 12
4 , 9.48 , 10.0 , 10 , 12
4 , 9.46 , 10.0 , 10 , 12
4 , 9.46 , 10.0 , 10 , 12
4 , 9.46 , 10.0 , 10 , 12
4 , 9.46 , 10.0 , 10 , 12
4 , 9.42 , 10.0 , 10 , 12
4 , 9.36 , 10.0 , 10 , 12
4 , 9.36 , 10.0 , 10 , 12
4 , 9.34 , 10.0 , 10 , 12
4 , 9.28 , 10.0 , 10 , 12
4 , 9.26 , 10.0 , 10 , 12
4 , 9.24 , 10.0 , 10 , 12
4 , 9.16 , 10.0 , 10 , 12
4 , 9.12 , 10.0 , 10 , 12
4 , 9.1 , 10.0 , 10 , 12
4 , 9.08 , 10.0 , 10 , 12
4 , 9.08 , 10.0 , 10 , 12
4 , 8.96 , 10.0 , 10 , 12
4 , 8.96 , 10.0 , 10 , 12
4 , 8.96 , 10.0 , 10 , 12
4 , 8.96 , 10.0 , 10 , 12
4 , 8.96 , 10.0 , 10 , 12
4 , 8.96 , 10.0 , 10 , 12
4 , 8.96 , 10.0 , 10 , 12
4 , 8.96 , 10.0 , 10 , 12
4 , 8.92 , 10.0 , 10 , 12
4 , 8.92 , 10.0 , 10 , 12
4 , 8.92 , 10.0 , 10 , 12
4 , 8.92 , 10.0 , 10 , 12
4 , 8.86 , 10.0 , 10 , 12
4 , 8.84 , 10.0 , 10 , 12
4 , 8.8 , 10.0 , 10 , 12
4 , 8.78 , 10.0 , 10 , 12
4 , 8.78 , 10.0 , 10 , 12
4 , 8.76 , 10.0 , 10 , 12
4 , 8.76 , 10.0 , 10 , 12
4 , 8.66 , 9.0 , 10 , 10
4 , 8.66 , 9.0 , 10 , 10
4 , 8.66 , 9.0 , 10 , 10
4 , 8.6 , 8.0 , 10 , 10
4 , 8.6 , 8.0 , 10 , 10
4 , 8.58 , 8.0 , 10 , 10
4 , 8.58 , 8.0 , 10 , 10
4 , 8.58 , 8.0 , 10 , 10
4 , 8.58 , 8.0 , 10 , 10
4 , 8.58 , 8.0 , 10 , 10
4 , 8.58 , 8.0 , 10 , 10
4 , 8.58 , 8.0 , 10 , 10
4 , 8.58 , 8.0 , 10 , 10
4 , 8.56 , 8.0 , 10 , 10
4 , 8.52 , 8.0 , 10 , 10
4 , 8.52 , 8.0 , 10 , 10
4 , 8.52 , 8.0 , 10 , 10
4 , 8.5 , 8.0 , 8 , 10
4 , 8.48 , 8.0 , 8 , 10
4 , 8.48 , 8.0 , 8 , 10
4 , 8.48 , 8.0 , 8 , 10
4 , 8.48 , 8.0 , 8 , 10
4 , 8.48 , 8.0 , 8 , 10
4 , 8.46 , 8.0 , 8 , 10
4 , 8.44 , 8.0 , 8 , 10
4 , 8.44 , 8.0 , 8 , 10
4 , 8.44 , 8.0 , 8 , 10
4 , 8.44 , 8.0 , 8 , 10
4 , 8.44 , 8.0 , 8 , 10
4 , 8.44 , 8.0 , 8 , 10
4 , 8.42 , 8.0 , 8 , 10
4 , 8.4 , 8.0 , 8 , 10
4 , 8.38 , 8.0 , 8 , 10
4 , 8.38 , 8.0 , 8 , 10
4 , 8.38 , 8.0 , 8 , 10
4 , 8.38 , 8.0 , 8 , 10
4 , 8.34 , 8.0 , 8 , 10
4 , 8.34 , 8.0 , 8 , 10
4 , 8.34 , 8.0 , 8 , 10
4 , 8.28 , 8.0 , 8 , 10
4 , 8.28 , 8.0 , 8 , 10
4 , 8.28 , 8.0 , 8 , 10
4 , 8.26 , 8.0 , 8 , 10
4 , 8.24 , 8.0 , 8 , 10
4 , 8.24 , 8.0 , 8 , 10
4 , 8.24 , 8.0 , 8 , 10
4 , 8.24 , 8.0 , 8 , 10
4 , 8.24 , 8.0 , 8 , 10
4 , 8.18 , 8.0 , 8 , 10
4 , 8.16 , 8.0 , 8 , 10
4 , 8.16 , 8.0 , 8 , 10
4 , 8.16 , 8.0 , 8 , 10
4 , 8.14 , 8.0 , 8 , 10
4 , 8.1 , 8.0 , 8 , 10
4 , 8.1 , 8.0 , 8 , 10
4 , 8.08 , 8.0 , 8 , 10
4 , 8.02 , 8.0 , 8 , 10
4 , 8.02 , 8.0 , 8 , 10
4 , 8.02 , 8.0 , 8 , 10
4 , 8.02 , 8.0 , 8 , 10
4 , 7.98 , 8.0 , 8 , 10
4 , 7.94 , 8.0 , 8 , 10
4 , 7.94 , 8.0 , 8 , 10
4 , 7.9 , 8.0 , 8 , 10
4 , 7.9 , 8.0 , 8 , 10
4 , 7.88 , 8.0 , 8 , 10
4 , 7.86 , 8.0 , 8 , 10
4 , 7.86 , 8.0 , 8 , 10
4 , 7.86 , 8.0 , 8 , 10
4 , 7.86 , 8.0 , 8 , 10
4 , 7.86 , 8.0 , 8 , 10
4 , 7.86 , 8.0 , 8 , 10
4 , 7.86 , 8.0 , 8 , 10
4 , 7.86 , 8.0 , 8 , 10
4 , 7.78 , 8.0 , 8 , 10
4 , 7.78 , 8.0 , 8 , 10
4 , 7.78 , 8.0 , 8 , 10
4 , 7.78 , 8.0 , 8 , 10
4 , 7.76 , 8.0 , 8 , 10
4 , 7.76 , 8.0 , 8 , 10
4 , 7.76 , 8.0 , 8 , 10
4 , 7.76 , 8.0 , 8 , 10
4 , 7.7 , 8.0 , 8 , 10
4 , 7.66 , 8.0 , 8 , 10
4 , 7.62 , 8.0 , 8 , 10
4 , 7.62 , 8.0 , 8 , 10
4 , 7.62 , 8.0 , 8 , 10
4 , 7.62 , 8.0 , 8 , 10
4 , 7.62 , 8.0 , 8 , 10
4 , 7.6 , 8.0 , 8 , 10
4 , 7.6 , 8.0 , 8 , 10
4 , 7.58 , 8.0 , 8 , 10
4 , 7.56 , 8.0 , 8 , 10
4 , 7.56 , 8.0 , 8 , 10
4 , 7.52 , 8.0 , 8 , 10
4 , 7.48 , 8.0 , 8 , 10
4 , 7.48 , 8.0 , 8 , 10
4 , 7.48 , 8.0 , 8 , 10
4 , 7.48 , 8.0 , 8 , 10
4 , 7.46 , 8.0 , 8 , 10
4 , 7.46 , 8.0 , 8 , 10
4 , 7.46 , 8.0 , 8 , 10
4 , 7.46 , 8.0 , 8 , 10
4 , 7.42 , 8.0 , 8 , 10
4 , 7.4 , 8.0 , 8 , 10
4 , 7.4 , 8.0 , 8 , 10
4 , 7.4 , 8.0 , 8 , 10
4 , 7.4 , 8.0 , 8 , 10
4 , 7.4 , 8.0 , 8 , 10
4 , 7.36 , 8.0 , 8 , 10
4 , 7.36 , 8.0 , 8 , 10
4 , 7.34 , 8.0 , 8 , 8
4 , 7.34 , 8.0 , 8 , 8
4 , 7.34 , 8.0 , 8 , 8
4 , 7.34 , 8.0 , 8 , 8
4 , 7.32 , 8.0 , 8 , 8
4 , 7.3 , 8.0 , 8 , 8
4 , 7.3 , 8.0 , 8 , 8
4 , 7.3 , 8.0 , 8 , 8
4 , 7.3 , 8.0 , 8 , 8
4 , 7.3 , 8.0 , 8 , 8
4 , 7.3 , 8.0 , 8 , 8
4 , 7.28 , 8.0 , 8 , 8
4 , 7.28 , 8.0 , 8 , 8
4 , 7.28 , 8.0 , 8 , 8
4 , 7.28 , 8.0 , 8 , 8
4 , 7.28 , 8.0 , 8 , 8
4 , 7.28 , 8.0 , 8 , 8
4 , 7.28 , 8.0 , 8 , 8
4 , 7.24 , 8.0 , 8 , 8
4 , 7.24 , 8.0 , 8 , 8
4 , 7.24 , 8.0 , 8 , 8
4 , 7.24 , 8.0 , 8 , 8
4 , 7.24 , 8.0 , 8 , 8
4 , 7.24 , 8.0 , 8 , 8
4 , 7.24 , 8.0 , 8 , 8
4 , 7.24 , 8.0 , 8 , 8
4 , 7.24 , 8.0 , 8 , 8
4 , 7.24 , 8.0 , 8 , 8
4 , 7.24 , 8.0 , 8 , 8
4 , 7.24 , 8.0 , 8 , 8
4 , 7.22 , 8.0 , 8 , 8
4 , 7.22 , 8.0 , 8 , 8
4 , 7.22 , 8.0 , 8 , 8
4 , 7.22 , 8.0 , 8 , 8
4 , 7.22 , 8.0 , 8 , 8
4 , 7.22 , 8.0 , 8 , 8
4 , 7.2 , 8.0 , 8 , 8
4 , 7.2 , 8.0 , 8 , 8
4 , 7.2 , 8.0 , 8 , 8
4 , 7.2 , 8.0 , 8 , 8
4 , 7.2 , 8.0 , 8 , 8
4 , 7.16 , 8.0 , 8 , 8
4 , 7.16 , 8.0 , 8 , 8
4 , 7.16 , 8.0 , 8 , 8
4 , 7.16 , 8.0 , 8 , 8
4 , 7.16 , 8.0 , 8 , 8
4 , 7.16 , 8.0 , 8 , 8
4 , 7.16 , 8.0 , 8 , 8
4 , 7.16 , 8.0 , 8 , 8
4 , 7.14 , 8.0 , 8 , 8
4 , 7.1 , 8.0 , 8 , 8
4 , 7.1 , 8.0 , 8 , 8
4 , 7.1 , 8.0 , 8 , 8
4 , 7.08 , 8.0 , 8 , 8
4 , 7.08 , 8.0 , 8 , 8
4 , 7.08 , 8.0 , 8 , 8
4 , 7.08 , 8.0 , 8 , 8
4 , 7.08 , 8.0 , 8 , 8
4 , 7.06 , 8.0 , 8 , 8
4 , 7.06 , 8.0 , 8 , 8
4 , 7.06 , 8.0 , 8 , 8
4 , 7.06 , 8.0 , 8 , 8
4 , 7.04 , 8.0 , 8 , 8
4 , 7.04 , 8.0 , 8 , 8
4 , 7.04 , 8.0 , 8 , 8
4 , 7.04 , 8.0 , 8 , 8
4 , 7.04 , 8.0 , 8 , 8
4 , 7.04 , 8.0 , 8 , 8
4 , 7.04 , 8.0 , 8 , 8
4 , 7.04 , 8.0 , 8 , 8
4 , 7.04 , 8.0 , 8 , 8
4 , 7.04 , 8.0 , 8 , 8
4 , 7.04 , 8.0 , 8 , 8
4 , 7.0 , 8.0 , 8 , 8
4 , 7.0 , 8.0 , 8 , 8
4 , 6.98 , 8.0 , 8 , 8
4 , 6.98 , 8.0 , 8 , 8
4 , 6.98 , 8.0 , 8 , 8
4 , 6.98 , 8.0 , 8 , 8
4 , 6.98 , 8.0 , 8 , 8
4 , 6.98 , 8.0 , 8 , 8
4 , 6.96 , 8.0 , 8 , 8
4 , 6.96 , 8.0 , 8 , 8
4 , 6.92 , 8.0 , 8 , 8
4 , 6.9 , 8.0 , 8 , 8
4 , 6.9 , 8.0 , 8 , 8
4 , 6.9 , 8.0 , 8 , 8
4 , 6.9 , 8.0 , 8 , 8
4 , 6.84 , 8.0 , 8 , 8
4 , 6.84 , 8.0 , 8 , 8
4 , 6.82 , 8.0 , 8 , 8
4 , 6.8 , 7.0 , 8 , 8
4 , 6.8 , 7.0 , 8 , 8
4 , 6.8 , 7.0 , 8 , 8
4 , 6.8 , 7.0 , 8 , 8
4 , 6.76 , 6.0 , 8 , 8
4 , 6.76 , 6.0 , 8 , 8
4 , 6.74 , 6.0 , 8 , 8
4 , 6.74 , 6.0 , 8 , 8
4 , 6.74 , 6.0 , 8 , 8
4 , 6.72 , 6.0 , 8 , 8
4 , 6.72 , 6.0 , 8 , 8
4 , 6.7 , 6.0 , 8 , 8
4 , 6.7 , 6.0 , 8 , 8
4 , 6.7 , 6.0 , 8 , 8
4 , 6.7 , 6.0 , 8 , 8
4 , 6.7 , 6.0 , 8 , 8
4 , 6.68 , 6.0 , 8 , 8
4 , 6.68 , 6.0 , 8 , 8
4 , 6.68 , 6.0 , 8 , 8
4 , 6.68 , 6.0 , 8 , 8
4 , 6.66 , 6.0 , 6 , 8
4 , 6.64 , 6.0 , 6 , 8
4 , 6.64 , 6.0 , 6 , 8
4 , 6.6 , 6.0 , 6 , 8
4 , 6.6 , 6.0 , 6 , 8
4 , 6.54 , 6.0 , 6 , 8
4 , 6.52 , 6.0 , 6 , 8
4 , 6.52 , 6.0 , 6 , 8
4 , 6.52 , 6.0 , 6 , 8
4 , 6.5 , 6.0 , 6 , 8
4 , 6.5 , 6.0 , 6 , 8
4 , 6.48 , 6.0 , 6 , 8
4 , 6.46 , 6.0 , 6 , 8
4 , 6.46 , 6.0 , 6 , 8
4 , 6.46 , 6.0 , 6 , 8
4 , 6.44 , 6.0 , 6 , 8
4 , 6.44 , 6.0 , 6 , 8
4 , 6.44 , 6.0 , 6 , 8
4 , 6.44 , 6.0 , 6 , 8
4 , 6.44 , 6.0 , 6 , 8
4 , 6.44 , 6.0 , 6 , 8
4 , 6.44 , 6.0 , 6 , 8
4 , 6.42 , 6.0 , 6 , 8
4 , 6.42 , 6.0 , 6 , 8
4 , 6.42 , 6.0 , 6 , 8
4 , 6.42 , 6.0 , 6 , 8
4 , 6.42 , 6.0 , 6 , 8
4 , 6.42 , 6.0 , 6 , 8
4 , 6.42 , 6.0 , 6 , 8
4 , 6.42 , 6.0 , 6 , 8
4 , 6.42 , 6.0 , 6 , 8
4 , 6.42 , 6.0 , 6 , 8
4 , 6.4 , 6.0 , 6 , 8
4 , 6.4 , 6.0 , 6 , 8
4 , 6.4 , 6.0 , 6 , 8
4 , 6.4 , 6.0 , 6 , 8
4 , 6.38 , 6.0 , 6 , 8
4 , 6.38 , 6.0 , 6 , 8
4 , 6.38 , 6.0 , 6 , 8
4 , 6.38 , 6.0 , 6 , 8
4 , 6.38 , 6.0 , 6 , 8
4 , 6.38 , 6.0 , 6 , 8
4 , 6.38 , 6.0 , 6 , 8
4 , 6.38 , 6.0 , 6 , 8
4 , 6.38 , 6.0 , 6 , 8
4 , 6.38 , 6.0 , 6 , 8
4 , 6.38 , 6.0 , 6 , 8
4 , 6.36 , 6.0 , 6 , 8
4 , 6.36 , 6.0 , 6 , 8
4 , 6.36 , 6.0 , 6 , 8
4 , 6.36 , 6.0 , 6 , 8
4 , 6.34 , 6.0 , 6 , 8
4 , 6.34 , 6.0 , 6 , 8
4 , 6.34 , 6.0 , 6 , 8
4 , 6.32 , 6.0 , 6 , 8
4 , 6.32 , 6.0 , 6 , 8
4 , 6.32 , 6.0 , 6 , 8
4 , 6.32 , 6.0 , 6 , 8
4 , 6.32 , 6.0 , 6 , 8
4 , 6.3 , 6.0 , 6 , 8
4 , 6.3 , 6.0 , 6 , 8
4 , 6.26 , 6.0 , 6 , 8
4 , 6.26 , 6.0 , 6 , 8
4 , 6.22 , 6.0 , 6 , 8
4 , 6.22 , 6.0 , 6 , 8
4 , 6.22 , 6.0 , 6 , 8
4 , 6.22 , 6.0 , 6 , 8
4 , 6.22 , 6.0 , 6 , 8
4 , 6.22 , 6.0 , 6 , 8
4 , 6.22 , 6.0 , 6 , 8
4 , 6.22 , 6.0 , 6 , 8
4 , 6.22 , 6.0 , 6 , 8
4 , 6.2 , 6.0 , 6 , 8
4 , 6.2 , 6.0 , 6 , 8
4 , 6.2 , 6.0 , 6 , 8
4 , 6.2 , 6.0 , 6 , 8
4 , 6.2 , 6.0 , 6 , 8
4 , 6.16 , 6.0 , 6 , 8
4 , 6.16 , 6.0 , 6 , 8
4 , 6.16 , 6.0 , 6 , 8
4 , 6.12 , 6.0 , 6 , 8
4 , 6.12 , 6.0 , 6 , 8
4 , 6.12 , 6.0 , 6 , 8
4 , 6.1 , 6.0 , 6 , 8
4 , 6.1 , 6.0 , 6 , 8
4 , 6.1 , 6.0 , 6 , 8
4 , 6.1 , 6.0 , 6 , 8
4 , 6.1 , 6.0 , 6 , 8
4 , 6.1 , 6.0 , 6 , 8
4 , 6.08 , 6.0 , 6 , 8
4 , 6.08 , 6.0 , 6 , 8
4 , 6.08 , 6.0 , 6 , 8
4 , 6.06 , 6.0 , 6 , 8
4 , 6.04 , 6.0 , 6 , 8
4 , 6.04 , 6.0 , 6 , 8
4 , 6.04 , 6.0 , 6 , 8
4 , 6.04 , 6.0 , 6 , 8
4 , 6.04 , 6.0 , 6 , 8
4 , 6.04 , 6.0 , 6 , 8
4 , 6.04 , 6.0 , 6 , 8
4 , 6.0 , 6.0 , 6 , 8
4 , 5.98 , 6.0 , 6 , 8
4 , 5.94 , 6.0 , 6 , 8
4 , 5.92 , 6.0 , 6 , 8
4 , 5.9 , 6.0 , 6 , 8
4 , 5.9 , 6.0 , 6 , 8
4 , 5.88 , 6.0 , 6 , 8
4 , 5.88 , 6.0 , 6 , 8
4 , 5.88 , 6.0 , 6 , 8
4 , 5.86 , 6.0 , 6 , 8
4 , 5.86 , 6.0 , 6 , 8
4 , 5.86 , 6.0 , 6 , 8
4 , 5.86 , 6.0 , 6 , 8
4 , 5.84 , 6.0 , 6 , 8
4 , 5.84 , 6.0 , 6 , 8
4 , 5.84 , 6.0 , 6 , 8
4 , 5.84 , 6.0 , 6 , 8
4 , 5.84 , 6.0 , 6 , 8
4 , 5.82 , 6.0 , 6 , 8
4 , 5.82 , 6.0 , 6 , 8
4 , 5.82 , 6.0 , 6 , 8
4 , 5.78 , 6.0 , 6 , 8
4 , 5.78 , 6.0 , 6 , 8
4 , 5.78 , 6.0 , 6 , 8
4 , 5.78 , 6.0 , 6 , 8
4 , 5.78 , 6.0 , 6 , 8
4 , 5.78 , 6.0 , 6 , 8
4 , 5.78 , 6.0 , 6 , 8
4 , 5.76 , 6.0 , 6 , 8
4 , 5.76 , 6.0 , 6 , 8
4 , 5.74 , 6.0 , 6 , 8
4 , 5.74 , 6.0 , 6 , 8
4 , 5.72 , 6.0 , 6 , 8
4 , 5.68 , 6.0 , 6 , 8
4 , 5.66 , 6.0 , 6 , 8
4 , 5.66 , 6.0 , 6 , 8
4 , 5.66 , 6.0 , 6 , 8
4 , 5.64 , 6.0 , 6 , 6
4 , 5.64 , 6.0 , 6 , 6
4 , 5.64 , 6.0 , 6 , 6
4 , 5.64 , 6.0 , 6 , 6
4 , 5.64 , 6.0 , 6 , 6
4 , 5.64 , 6.0 , 6 , 6
4 , 5.64 , 6.0 , 6 , 6
4 , 5.64 , 6.0 , 6 , 6
4 , 5.62 , 6.0 , 6 , 6
4 , 5.62 , 6.0 , 6 , 6
4 , 5.62 , 6.0 , 6 , 6
4 , 5.62 , 6.0 , 6 , 6
4 , 5.6 , 6.0 , 6 , 6
4 , 5.6 , 6.0 , 6 , 6
4 , 5.6 , 6.0 , 6 , 6
4 , 5.6 , 6.0 , 6 , 6
4 , 5.6 , 6.0 , 6 , 6
4 , 5.6 , 6.0 , 6 , 6
4 , 5.6 , 6.0 , 6 , 6
4 , 5.6 , 6.0 , 6 , 6
4 , 5.6 , 6.0 , 6 , 6
4 , 5.6 , 6.0 , 6 , 6
4 , 5.6 , 6.0 , 6 , 6
4 , 5.6 , 6.0 , 6 , 6
4 , 5.6 , 6.0 , 6 , 6
4 , 5.6 , 6.0 , 6 , 6
4 , 5.6 , 6.0 , 6 , 6
4 , 5.6 , 6.0 , 6 , 6
4 , 5.6 , 6.0 , 6 , 6
4 , 5.6 , 6.0 , 6 , 6
4 , 5.6 , 6.0 , 6 , 6
4 , 5.6 , 6.0 , 6 , 6
4 , 5.6 , 6.0 , 6 , 6
4 , 5.6 , 6.0 , 6 , 6
4 , 5.6 , 6.0 , 6 , 6
4 , 5.6 , 6.0 , 6 , 6
4 , 5.6 , 6.0 , 6 , 6
4 , 5.6 , 6.0 , 6 , 6
4 , 5.6 , 6.0 , 6 , 6
4 , 5.58 , 6.0 , 6 , 6
4 , 5.56 , 6.0 , 6 , 6
4 , 5.56 , 6.0 , 6 , 6
4 , 5.56 , 6.0 , 6 , 6
4 , 5.54 , 6.0 , 6 , 6
4 , 5.54 , 6.0 , 6 , 6
4 , 5.54 , 6.0 , 6 , 6
4 , 5.54 , 6.0 , 6 , 6
4 , 5.54 , 6.0 , 6 , 6
4 , 5.54 , 6.0 , 6 , 6
4 , 5.52 , 6.0 , 6 , 6
4 , 5.52 , 6.0 , 6 , 6
4 , 5.52 , 6.0 , 6 , 6
4 , 5.52 , 6.0 , 6 , 6
4 , 5.52 , 6.0 , 6 , 6
4 , 5.52 , 6.0 , 6 , 6
4 , 5.5 , 6.0 , 6 , 6
4 , 5.5 , 6.0 , 6 , 6
4 , 5.5 , 6.0 , 6 , 6
4 , 5.5 , 6.0 , 6 , 6
4 , 5.48 , 6.0 , 6 , 6
4 , 5.48 , 6.0 , 6 , 6
4 , 5.48 , 6.0 , 6 , 6
2 , 5.44 , 6.0 , 6 , 6
2 , 5.44 , 6.0 , 6 , 6
2 , 5.44 , 6.0 , 6 , 6
2 , 5.44 , 6.0 , 6 , 6
2 , 5.44 , 6.0 , 6 , 6
2 , 5.44 , 6.0 , 6 , 6
2 , 5.44 , 6.0 , 6 , 6
2 , 5.44 , 6.0 , 6 , 6
2 , 5.44 , 6.0 , 6 , 6
2 , 5.44 , 6.0 , 6 , 6
2 , 5.44 , 6.0 , 6 , 6
2 , 5.4 , 6.0 , 6 , 6
2 , 5.4 , 6.0 , 6 , 6
2 , 5.4 , 6.0 , 6 , 6
2 , 5.4 , 6.0 , 6 , 6
2 , 5.4 , 6.0 , 6 , 6
2 , 5.4 , 6.0 , 6 , 6
2 , 5.4 , 6.0 , 6 , 6
2 , 5.4 , 6.0 , 6 , 6
2 , 5.4 , 6.0 , 6 , 6
2 , 5.38 , 6.0 , 6 , 6
2 , 5.38 , 6.0 , 6 , 6
2 , 5.38 , 6.0 , 6 , 6
2 , 5.38 , 6.0 , 6 , 6
2 , 5.38 , 6.0 , 6 , 6
2 , 5.36 , 6.0 , 6 , 6
2 , 5.34 , 6.0 , 6 , 6
2 , 5.34 , 6.0 , 6 , 6
2 , 5.32 , 6.0 , 6 , 6
2 , 5.32 , 6.0 , 6 , 6
2 , 5.32 , 6.0 , 6 , 6
2 , 5.32 , 6.0 , 6 , 6
2 , 5.32 , 6.0 , 6 , 6
2 , 5.32 , 6.0 , 6 , 6
2 , 5.32 , 6.0 , 6 , 6
2 , 5.32 , 6.0 , 6 , 6
2 , 5.32 , 6.0 , 6 , 6
2 , 5.32 , 6.0 , 6 , 6
2 , 5.32 , 6.0 , 6 , 6
2 , 5.28 , 6.0 , 6 , 6
2 , 5.28 , 6.0 , 6 , 6
2 , 5.28 , 6.0 , 6 , 6
2 , 5.28 , 6.0 , 6 , 6
2 , 5.28 , 6.0 , 6 , 6
2 , 5.28 , 6.0 , 6 , 6
2 , 5.28 , 6.0 , 6 , 6
2 , 5.28 , 6.0 , 6 , 6
2 , 5.28 , 6.0 , 6 , 6
2 , 5.28 , 6.0 , 6 , 6
2 , 5.28 , 6.0 , 6 , 6
2 , 5.28 , 6.0 , 6 , 6
2 , 5.28 , 6.0 , 6 , 6
2 , 5.28 , 6.0 , 6 , 6
2 , 5.28 , 6.0 , 6 , 6
2 , 5.26 , 6.0 , 6 , 6
2 , 5.26 , 6.0 , 6 , 6
2 , 5.26 , 6.0 , 6 , 6
2 , 5.26 , 6.0 , 6 , 6
2 , 5.26 , 6.0 , 6 , 6
2 , 5.26 , 6.0 , 6 , 6
2 , 5.26 , 6.0 , 6 , 6
2 , 5.24 , 6.0 , 6 , 6
2 , 5.24 , 6.0 , 6 , 6
2 , 5.24 , 6.0 , 6 , 6
2 , 5.24 , 6.0 , 6 , 6
2 , 5.22 , 6.0 , 6 , 6
2 , 5.2 , 6.0 , 6 , 6
2 , 5.18 , 6.0 , 6 , 6
2 , 5.18 , 6.0 , 6 , 6
2 , 5.18 , 6.0 , 6 , 6
2 , 5.18 , 6.0 , 6 , 6
2 , 5.18 , 6.0 , 6 , 6
2 , 5.18 , 6.0 , 6 , 6
2 , 5.18 , 6.0 , 6 , 6
2 , 5.18 , 6.0 , 6 , 6
2 , 5.18 , 6.0 , 6 , 6
2 , 5.18 , 6.0 , 6 , 6
2 , 5.18 , 6.0 , 6 , 6
2 , 5.18 , 6.0 , 6 , 6
2 , 5.18 , 6.0 , 6 , 6
2 , 5.16 , 6.0 , 6 , 6
2 , 5.16 , 6.0 , 6 , 6
2 , 5.16 , 6.0 , 6 , 6
2 , 5.16 , 6.0 , 6 , 6
2 , 5.16 , 6.0 , 6 , 6
2 , 5.16 , 6.0 , 6 , 6
2 , 5.14 , 6.0 , 6 , 6
2 , 5.14 , 6.0 , 6 , 6
2 , 5.14 , 6.0 , 6 , 6
2 , 5.14 , 6.0 , 6 , 6
2 , 5.14 , 6.0 , 6 , 6
2 , 5.14 , 6.0 , 6 , 6
2 , 5.14 , 6.0 , 6 , 6
2 , 5.14 , 6.0 , 6 , 6
2 , 5.14 , 6.0 , 6 , 6
2 , 5.12 , 6.0 , 6 , 6
2 , 5.1 , 6.0 , 6 , 6
2 , 5.1 , 6.0 , 6 , 6
2 , 5.1 , 6.0 , 6 , 6
2 , 5.1 , 6.0 , 6 , 6
2 , 5.1 , 6.0 , 6 , 6
2 , 5.1 , 6.0 , 6 , 6
2 , 5.06 , 6.0 , 6 , 6
2 , 5.06 , 6.0 , 6 , 6
2 , 5.06 , 6.0 , 6 , 6
2 , 5.06 , 6.0 , 6 , 6
2 , 5.06 , 6.0 , 6 , 6
2 , 5.06 , 6.0 , 6 , 6
2 , 5.06 , 6.0 , 6 , 6
2 , 5.06 , 6.0 , 6 , 6
2 , 5.06 , 6.0 , 6 , 6
2 , 5.06 , 6.0 , 6 , 6
2 , 5.06 , 6.0 , 6 , 6
2 , 5.06 , 6.0 , 6 , 6
2 , 5.02 , 6.0 , 6 , 6
2 , 5.02 , 6.0 , 6 , 6
2 , 5.02 , 6.0 , 6 , 6
2 , 5.02 , 6.0 , 6 , 6
2 , 5.02 , 6.0 , 6 , 6
2 , 5.02 , 6.0 , 6 , 6
2 , 4.98 , 6.0 , 6 , 6
2 , 4.98 , 6.0 , 6 , 6
2 , 4.98 , 6.0 , 6 , 6
2 , 4.98 , 6.0 , 6 , 6
2 , 4.98 , 6.0 , 6 , 6
2 , 4.98 , 6.0 , 6 , 6
2 , 4.98 , 6.0 , 6 , 6
2 , 4.98 , 6.0 , 6 , 6
2 , 4.96 , 6.0 , 6 , 6
2 , 4.96 , 6.0 , 6 , 6
2 , 4.96 , 6.0 , 6 , 6
2 , 4.96 , 6.0 , 6 , 6
2 , 4.96 , 6.0 , 6 , 6
2 , 4.96 , 6.0 , 6 , 6
2 , 4.94 , 6.0 , 6 , 6
2 , 4.94 , 6.0 , 6 , 6
2 , 4.94 , 6.0 , 6 , 6
2 , 4.94 , 6.0 , 6 , 6
2 , 4.94 , 6.0 , 6 , 6
2 , 4.94 , 6.0 , 6 , 6
2 , 4.92 , 6.0 , 6 , 6
2 , 4.92 , 6.0 , 6 , 6
2 , 4.92 , 6.0 , 6 , 6
2 , 4.92 , 6.0 , 6 , 6
2 , 4.92 , 6.0 , 6 , 6
2 , 4.92 , 6.0 , 6 , 6
2 , 4.92 , 6.0 , 6 , 6
2 , 4.92 , 6.0 , 6 , 6
2 , 4.92 , 6.0 , 6 , 6
2 , 4.92 , 6.0 , 6 , 6
2 , 4.92 , 6.0 , 6 , 6
2 , 4.9 , 5.0 , 6 , 6
2 , 4.9 , 5.0 , 6 , 6
2 , 4.9 , 5.0 , 6 , 6
2 , 4.88 , 4.0 , 6 , 6
2 , 4.88 , 4.0 , 6 , 6
2 , 4.88 , 4.0 , 6 , 6
2 , 4.86 , 4.0 , 6 , 6
2 , 4.86 , 4.0 , 6 , 6
2 , 4.86 , 4.0 , 6 , 6
2 , 4.84 , 4.0 , 4 , 6
2 , 4.84 , 4.0 , 4 , 6
2 , 4.84 , 4.0 , 4 , 6
2 , 4.84 , 4.0 , 4 , 6
2 , 4.84 , 4.0 , 4 , 6
2 , 4.82 , 4.0 , 4 , 6
2 , 4.82 , 4.0 , 4 , 6
2 , 4.82 , 4.0 , 4 , 6
2 , 4.82 , 4.0 , 4 , 6
2 , 4.8 , 4.0 , 4 , 6
2 , 4.8 , 4.0 , 4 , 6
2 , 4.8 , 4.0 , 4 , 6
2 , 4.8 , 4.0 , 4 , 6
2 , 4.8 , 4.0 , 4 , 6
2 , 4.8 , 4.0 , 4 , 6
2 , 4.8 , 4.0 , 4 , 6
2 , 4.8 , 4.0 , 4 , 6
2 , 4.8 , 4.0 , 4 , 6
2 , 4.8 , 4.0 , 4 , 6
2 , 4.78 , 4.0 , 4 , 6
2 , 4.78 , 4.0 , 4 , 6
2 , 4.74 , 4.0 , 4 , 6
2 , 4.74 , 4.0 , 4 , 6
2 , 4.74 , 4.0 , 4 , 6
2 , 4.74 , 4.0 , 4 , 6
2 , 4.74 , 4.0 , 4 , 6
2 , 4.74 , 4.0 , 4 , 6
2 , 4.74 , 4.0 , 4 , 6
2 , 4.74 , 4.0 , 4 , 6
2 , 4.74 , 4.0 , 4 , 6
2 , 4.74 , 4.0 , 4 , 6
2 , 4.74 , 4.0 , 4 , 6
2 , 4.74 , 4.0 , 4 , 6
2 , 4.74 , 4.0 , 4 , 6
2 , 4.74 , 4.0 , 4 , 6
2 , 4.74 , 4.0 , 4 , 6
2 , 4.74 , 4.0 , 4 , 6
2 , 4.74 , 4.0 , 4 , 6
2 , 4.74 , 4.0 , 4 , 6
2 , 4.74 , 4.0 , 4 , 6
2 , 4.74 , 4.0 , 4 , 6
2 , 4.74 , 4.0 , 4 , 6
2 , 4.74 , 4.0 , 4 , 6
2 , 4.72 , 4.0 , 4 , 6
2 , 4.7 , 4.0 , 4 , 6
2 , 4.7 , 4.0 , 4 , 6
2 , 4.7 , 4.0 , 4 , 6
2 , 4.7 , 4.0 , 4 , 6
2 , 4.7 , 4.0 , 4 , 6
2 , 4.7 , 4.0 , 4 , 6
2 , 4.7 , 4.0 , 4 , 6
2 , 4.7 , 4.0 , 4 , 6
2 , 4.7 , 4.0 , 4 , 6
2 , 4.7 , 4.0 , 4 , 6
2 , 4.7 , 4.0 , 4 , 6
2 , 4.7 , 4.0 , 4 , 6
2 , 4.7 , 4.0 , 4 , 6
2 , 4.7 , 4.0 , 4 , 6
2 , 4.7 , 4.0 , 4 , 6
2 , 4.7 , 4.0 , 4 , 6
2 , 4.7 , 4.0 , 4 , 6
2 , 4.7 , 4.0 , 4 , 6
2 , 4.7 , 4.0 , 4 , 6
2 , 4.7 , 4.0 , 4 , 6
2 , 4.7 , 4.0 , 4 , 6
2 , 4.7 , 4.0 , 4 , 6
2 , 4.7 , 4.0 , 4 , 6
2 , 4.7 , 4.0 , 4 , 6
2 , 4.7 , 4.0 , 4 , 6
2 , 4.7 , 4.0 , 4 , 6
2 , 4.7 , 4.0 , 4 , 6
2 , 4.7 , 4.0 , 4 , 6
2 , 4.7 , 4.0 , 4 , 6
2 , 4.68 , 4.0 , 4 , 6
2 , 4.68 , 4.0 , 4 , 6
2 , 4.68 , 4.0 , 4 , 6
2 , 4.68 , 4.0 , 4 , 6
2 , 4.68 , 4.0 , 4 , 6
2 , 4.68 , 4.0 , 4 , 6
2 , 4.68 , 4.0 , 4 , 6
2 , 4.68 , 4.0 , 4 , 6
2 , 4.68 , 4.0 , 4 , 6
2 , 4.68 , 4.0 , 4 , 6
2 , 4.68 , 4.0 , 4 , 6
2 , 4.68 , 4.0 , 4 , 6
2 , 4.68 , 4.0 , 4 , 6
2 , 4.68 , 4.0 , 4 , 6
2 , 4.68 , 4.0 , 4 , 6
2 , 4.68 , 4.0 , 4 , 6
2 , 4.66 , 4.0 , 4 , 6
2 , 4.66 , 4.0 , 4 , 6
2 , 4.66 , 4.0 , 4 , 6
2 , 4.66 , 4.0 , 4 , 6
2 , 4.66 , 4.0 , 4 , 6
2 , 4.66 , 4.0 , 4 , 6
2 , 4.66 , 4.0 , 4 , 6
2 , 4.66 , 4.0 , 4 , 6
2 , 4.66 , 4.0 , 4 , 6
2 , 4.66 , 4.0 , 4 , 6
2 , 4.6 , 4.0 , 4 , 6
2 , 4.6 , 4.0 , 4 , 6
2 , 4.6 , 4.0 , 4 , 6
2 , 4.6 , 4.0 , 4 , 6
2 , 4.6 , 4.0 , 4 , 6
2 , 4.6 , 4.0 , 4 , 6
2 , 4.6 , 4.0 , 4 , 6
2 , 4.6 , 4.0 , 4 , 6
2 , 4.6 , 4.0 , 4 , 6
2 , 4.6 , 4.0 , 4 , 6
2 , 4.6 , 4.0 , 4 , 6
2 , 4.6 , 4.0 , 4 , 6
2 , 4.6 , 4.0 , 4 , 6
2 , 4.58 , 4.0 , 4 , 6
2 , 4.58 , 4.0 , 4 , 6
2 , 4.58 , 4.0 , 4 , 6
2 , 4.58 , 4.0 , 4 , 6
2 , 4.58 , 4.0 , 4 , 6
2 , 4.58 , 4.0 , 4 , 6
2 , 4.58 , 4.0 , 4 , 6
2 , 4.58 , 4.0 , 4 , 6
2 , 4.58 , 4.0 , 4 , 6
2 , 4.58 , 4.0 , 4 , 6
2 , 4.58 , 4.0 , 4 , 6
2 , 4.58 , 4.0 , 4 , 6
2 , 4.58 , 4.0 , 4 , 6
2 , 4.58 , 4.0 , 4 , 6
2 , 4.58 , 4.0 , 4 , 6
2 , 4.56 , 4.0 , 4 , 6
2 , 4.56 , 4.0 , 4 , 6
2 , 4.56 , 4.0 , 4 , 6
2 , 4.56 , 4.0 , 4 , 6
2 , 4.56 , 4.0 , 4 , 6
2 , 4.54 , 4.0 , 4 , 6
2 , 4.54 , 4.0 , 4 , 6
2 , 4.54 , 4.0 , 4 , 6
2 , 4.54 , 4.0 , 4 , 6
2 , 4.54 , 4.0 , 4 , 6
2 , 4.54 , 4.0 , 4 , 6
2 , 4.52 , 4.0 , 4 , 6
2 , 4.52 , 4.0 , 4 , 6
2 , 4.52 , 4.0 , 4 , 6
2 , 4.52 , 4.0 , 4 , 6
2 , 4.52 , 4.0 , 4 , 6
2 , 4.52 , 4.0 , 4 , 6
2 , 4.52 , 4.0 , 4 , 6
2 , 4.48 , 4.0 , 4 , 6
2 , 4.48 , 4.0 , 4 , 6
2 , 4.48 , 4.0 , 4 , 6
2 , 4.48 , 4.0 , 4 , 6
2 , 4.48 , 4.0 , 4 , 6
2 , 4.46 , 4.0 , 4 , 6
2 , 4.46 , 4.0 , 4 , 6
2 , 4.46 , 4.0 , 4 , 6
2 , 4.44 , 4.0 , 4 , 6
2 , 4.44 , 4.0 , 4 , 6
2 , 4.44 , 4.0 , 4 , 6
2 , 4.44 , 4.0 , 4 , 6
2 , 4.44 , 4.0 , 4 , 6
2 , 4.44 , 4.0 , 4 , 6
2 , 4.44 , 4.0 , 4 , 6
2 , 4.44 , 4.0 , 4 , 6
2 , 4.44 , 4.0 , 4 , 6
2 , 4.44 , 4.0 , 4 , 6
2 , 4.44 , 4.0 , 4 , 6
2 , 4.44 , 4.0 , 4 , 6
2 , 4.44 , 4.0 , 4 , 6
2 , 4.42 , 4.0 , 4 , 6
2 , 4.42 , 4.0 , 4 , 6
2 , 4.42 , 4.0 , 4 , 6
2 , 4.38 , 4.0 , 4 , 6
2 , 4.38 , 4.0 , 4 , 6
2 , 4.38 , 4.0 , 4 , 6
2 , 4.38 , 4.0 , 4 , 6
2 , 4.36 , 4.0 , 4 , 6
2 , 4.36 , 4.0 , 4 , 6
2 , 4.36 , 4.0 , 4 , 6
2 , 4.36 , 4.0 , 4 , 6
2 , 4.36 , 4.0 , 4 , 6
2 , 4.36 , 4.0 , 4 , 6
2 , 4.36 , 4.0 , 4 , 6
2 , 4.36 , 4.0 , 4 , 6
2 , 4.36 , 4.0 , 4 , 6
2 , 4.36 , 4.0 , 4 , 6
2 , 4.36 , 4.0 , 4 , 6
2 , 4.36 , 4.0 , 4 , 6
2 , 4.36 , 4.0 , 4 , 6
2 , 4.36 , 4.0 , 4 , 6
2 , 4.34 , 4.0 , 4 , 6
2 , 4.34 , 4.0 , 4 , 6
2 , 4.34 , 4.0 , 4 , 6
2 , 4.32 , 4.0 , 4 , 6
2 , 4.32 , 4.0 , 4 , 6
2 , 4.32 , 4.0 , 4 , 6
2 , 4.32 , 4.0 , 4 , 6
2 , 4.32 , 4.0 , 4 , 6
2 , 4.32 , 4.0 , 4 , 6
2 , 4.32 , 4.0 , 4 , 6
2 , 4.32 , 4.0 , 4 , 6
2 , 4.32 , 4.0 , 4 , 6
2 , 4.32 , 4.0 , 4 , 6
2 , 4.32 , 4.0 , 4 , 6
2 , 4.32 , 4.0 , 4 , 6
2 , 4.28 , 4.0 , 4 , 6
2 , 4.28 , 4.0 , 4 , 6
2 , 4.28 , 4.0 , 4 , 6
2 , 4.28 , 4.0 , 4 , 6
2 , 4.28 , 4.0 , 4 , 6
2 , 4.26 , 4.0 , 4 , 6
2 , 4.24 , 4.0 , 4 , 6
2 , 4.24 , 4.0 , 4 , 6
2 , 4.24 , 4.0 , 4 , 6
2 , 4.24 , 4.0 , 4 , 6
2 , 4.24 , 4.0 , 4 , 6
2 , 4.24 , 4.0 , 4 , 6
2 , 4.22 , 4.0 , 4 , 6
2 , 4.22 , 4.0 , 4 , 6
2 , 4.2 , 4.0 , 4 , 6
2 , 4.18 , 4.0 , 4 , 6
2 , 4.14 , 4.0 , 4 , 6
2 , 4.14 , 4.0 , 4 , 6
2 , 4.1 , 4.0 , 4 , 6
2 , 4.1 , 4.0 , 4 , 6
2 , 4.1 , 4.0 , 4 , 6
2 , 4.1 , 4.0 , 4 , 6
2 , 4.1 , 4.0 , 4 , 6
2 , 4.1 , 4.0 , 4 , 6
2 , 4.1 , 4.0 , 4 , 6
2 , 4.1 , 4.0 , 4 , 6
2 , 4.1 , 4.0 , 4 , 6
2 , 4.1 , 4.0 , 4 , 6
2 , 4.1 , 4.0 , 4 , 6
2 , 4.1 , 4.0 , 4 , 6
2 , 4.1 , 4.0 , 4 , 6
2 , 4.1 , 4.0 , 4 , 6
2 , 4.1 , 4.0 , 4 , 6
2 , 4.1 , 4.0 , 4 , 6
2 , 4.1 , 4.0 , 4 , 6
2 , 4.1 , 4.0 , 4 , 6
2 , 4.1 , 4.0 , 4 , 6
2 , 4.1 , 4.0 , 4 , 6
2 , 4.1 , 4.0 , 4 , 6
2 , 4.1 , 4.0 , 4 , 6
2 , 4.1 , 4.0 , 4 , 6
2 , 4.1 , 4.0 , 4 , 6
2 , 4.1 , 4.0 , 4 , 6
2 , 4.08 , 4.0 , 4 , 6
2 , 4.08 , 4.0 , 4 , 6
2 , 4.08 , 4.0 , 4 , 6
2 , 4.08 , 4.0 , 4 , 6
2 , 4.08 , 4.0 , 4 , 6
2 , 4.08 , 4.0 , 4 , 6
2 , 4.08 , 4.0 , 4 , 6
2 , 4.08 , 4.0 , 4 , 6
2 , 4.08 , 4.0 , 4 , 6
2 , 4.08 , 4.0 , 4 , 6
2 , 4.08 , 4.0 , 4 , 6
2 , 4.04 , 4.0 , 4 , 6
2 , 4.04 , 4.0 , 4 , 6
2 , 4.04 , 4.0 , 4 , 6
2 , 4.04 , 4.0 , 4 , 6
2 , 4.04 , 4.0 , 4 , 6
2 , 4.04 , 4.0 , 4 , 6
2 , 4.04 , 4.0 , 4 , 6
2 , 4.04 , 4.0 , 4 , 6
2 , 4.02 , 4.0 , 4 , 6
2 , 4.02 , 4.0 , 4 , 6
2 , 4.02 , 4.0 , 4 , 6
2 , 4.0 , 4.0 , 4 , 6
2 , 4.0 , 4.0 , 4 , 6
2 , 3.96 , 4.0 , 4 , 6
2 , 3.96 , 4.0 , 4 , 6
2 , 3.94 , 4.0 , 4 , 6
2 , 3.94 , 4.0 , 4 , 6
2 , 3.94 , 4.0 , 4 , 6
2 , 3.94 , 4.0 , 4 , 6
2 , 3.92 , 4.0 , 4 , 6
2 , 3.9 , 4.0 , 4 , 6
2 , 3.9 , 4.0 , 4 , 6
2 , 3.9 , 4.0 , 4 , 6
2 , 3.86 , 4.0 , 4 , 6
2 , 3.86 , 4.0 , 4 , 6
2 , 3.86 , 4.0 , 4 , 6
2 , 3.86 , 4.0 , 4 , 6
2 , 3.86 , 4.0 , 4 , 6
2 , 3.86 , 4.0 , 4 , 6
2 , 3.84 , 4.0 , 4 , 6
2 , 3.82 , 4.0 , 4 , 6
2 , 3.82 , 4.0 , 4 , 6
0  Perfect solutions
perfect solution individuals []
