6 , 15.4 , 14.0 , 12 , 30
6 , 15.14 , 14.0 , 12 , 24
6 , 15.06 , 14.0 , 12 , 22
6 , 14.92 , 14.0 , 12 , 22
6 , 14.72 , 14.0 , 12 , 22
6 , 14.58 , 14.0 , 12 , 22
6 , 14.48 , 14.0 , 12 , 22
6 , 14.34 , 14.0 , 12 , 22
6 , 14.2 , 14.0 , 12 , 20
6 , 14.06 , 14.0 , 12 , 20
6 , 13.96 , 14.0 , 12 , 20
6 , 13.94 , 14.0 , 12 , 20
6 , 13.84 , 14.0 , 12 , 20
6 , 13.7 , 14.0 , 12 , 20
6 , 13.58 , 14.0 , 12 , 20
6 , 13.58 , 14.0 , 12 , 20
6 , 13.48 , 14.0 , 12 , 20
6 , 13.4 , 14.0 , 12 , 18
6 , 13.36 , 14.0 , 12 , 18
6 , 13.34 , 14.0 , 12 , 18
6 , 13.3 , 14.0 , 12 , 18
6 , 13.2 , 14.0 , 12 , 18
6 , 13.1 , 14.0 , 12 , 18
6 , 13.02 , 13.0 , 12 , 18
6 , 12.86 , 12.0 , 12 , 18
6 , 12.78 , 12.0 , 12 , 18
6 , 12.68 , 12.0 , 12 , 16
6 , 12.66 , 12.0 , 12 , 16
6 , 12.66 , 12.0 , 12 , 16
6 , 12.6 , 12.0 , 12 , 16
6 , 12.54 , 12.0 , 12 , 16
6 , 12.48 , 12.0 , 12 , 16
6 , 12.4 , 12.0 , 12 , 16
6 , 12.38 , 12.0 , 12 , 16
6 , 12.34 , 12.0 , 12 , 16
6 , 12.28 , 12.0 , 12 , 16
6 , 12.18 , 12.0 , 12 , 16
6 , 12.12 , 12.0 , 12 , 16
6 , 12.12 , 12.0 , 12 , 16
6 , 12.0 , 12.0 , 12 , 16
6 , 11.98 , 12.0 , 12 , 16
6 , 11.9 , 12.0 , 12 , 16
4 , 11.78 , 12.0 , 12 , 16
4 , 11.7 , 12.0 , 12 , 16
4 , 11.64 , 12.0 , 12 , 14
4 , 11.56 , 12.0 , 12 , 14
4 , 11.44 , 12.0 , 12 , 14
4 , 11.36 , 12.0 , 12 , 14
4 , 11.32 , 12.0 , 12 , 14
4 , 11.22 , 12.0 , 12 , 14
4 , 11.12 , 12.0 , 12 , 14
4 , 11.12 , 12.0 , 12 , 14
4 , 11.08 , 12.0 , 12 , 14
4 , 11.08 , 12.0 , 12 , 14
4 , 11.04 , 12.0 , 12 , 14
4 , 11.04 , 12.0 , 12 , 14
4 , 10.98 , 12.0 , 12 , 14
4 , 10.96 , 12.0 , 12 , 14
4 , 10.96 , 12.0 , 12 , 14
4 , 10.92 , 12.0 , 12 , 14
4 , 10.86 , 12.0 , 12 , 14
4 , 10.86 , 12.0 , 12 , 14
4 , 10.8 , 12.0 , 12 , 14
4 , 10.78 , 12.0 , 12 , 14
4 , 10.78 , 12.0 , 12 , 14
4 , 10.78 , 12.0 , 12 , 14
4 , 10.78 , 12.0 , 12 , 14
4 , 10.78 , 12.0 , 12 , 14
4 , 10.76 , 12.0 , 12 , 14
4 , 10.76 , 12.0 , 12 , 14
4 , 10.76 , 12.0 , 12 , 14
4 , 10.7 , 12.0 , 12 , 14
4 , 10.66 , 12.0 , 12 , 14
4 , 10.58 , 12.0 , 12 , 14
4 , 10.56 , 12.0 , 12 , 14
4 , 10.54 , 12.0 , 12 , 14
4 , 10.5 , 12.0 , 12 , 12
4 , 10.5 , 12.0 , 12 , 12
4 , 10.48 , 11.0 , 12 , 12
4 , 10.4 , 10.0 , 12 , 12
4 , 10.4 , 10.0 , 12 , 12
4 , 10.38 , 10.0 , 12 , 12
4 , 10.32 , 10.0 , 12 , 12
4 , 10.3 , 10.0 , 12 , 12
4 , 10.3 , 10.0 , 12 , 12
4 , 10.26 , 10.0 , 12 , 12
4 , 10.26 , 10.0 , 12 , 12
4 , 10.26 , 10.0 , 12 , 12
4 , 10.26 , 10.0 , 12 , 12
4 , 10.26 , 10.0 , 12 , 12
4 , 10.24 , 10.0 , 12 , 12
4 , 10.24 , 10.0 , 12 , 12
4 , 10.22 , 10.0 , 12 , 12
4 , 10.22 , 10.0 , 12 , 12
4 , 10.14 , 10.0 , 12 , 12
4 , 10.14 , 10.0 , 12 , 12
4 , 10.08 , 10.0 , 12 , 12
4 , 10.04 , 10.0 , 12 , 12
4 , 10.02 , 10.0 , 12 , 12
4 , 10.02 , 10.0 , 12 , 12
4 , 10.02 , 10.0 , 12 , 12
4 , 10.0 , 10.0 , 12 , 12
4 , 9.98 , 10.0 , 10 , 12
4 , 9.98 , 10.0 , 10 , 12
4 , 9.98 , 10.0 , 10 , 12
4 , 9.9 , 10.0 , 10 , 12
4 , 9.9 , 10.0 , 10 , 12
4 , 9.8 , 10.0 , 10 , 12
4 , 9.8 , 10.0 , 10 , 12
4 , 9.78 , 10.0 , 10 , 12
4 , 9.76 , 10.0 , 10 , 12
4 , 9.74 , 10.0 , 10 , 12
4 , 9.72 , 10.0 , 10 , 12
4 , 9.72 , 10.0 , 10 , 12
4 , 9.72 , 10.0 , 10 , 12
4 , 9.7 , 10.0 , 10 , 12
4 , 9.7 , 10.0 , 10 , 12
4 , 9.7 , 10.0 , 10 , 12
4 , 9.7 , 10.0 , 10 , 12
4 , 9.68 , 10.0 , 10 , 12
4 , 9.66 , 10.0 , 10 , 12
4 , 9.66 , 10.0 , 10 , 12
4 , 9.66 , 10.0 , 10 , 12
4 , 9.66 , 10.0 , 10 , 12
4 , 9.66 , 10.0 , 10 , 12
4 , 9.6 , 10.0 , 10 , 12
4 , 9.6 , 10.0 , 10 , 12
4 , 9.58 , 10.0 , 10 , 12
4 , 9.48 , 10.0 , 10 , 12
4 , 9.46 , 10.0 , 10 , 12
4 , 9.42 , 10.0 , 10 , 12
4 , 9.34 , 10.0 , 10 , 12
4 , 9.28 , 10.0 , 10 , 12
4 , 9.28 , 10.0 , 10 , 12
4 , 9.26 , 10.0 , 10 , 12
4 , 9.2 , 10.0 , 10 , 12
4 , 9.2 , 10.0 , 10 , 12
4 , 9.2 , 10.0 , 10 , 12
4 , 9.14 , 10.0 , 10 , 12
4 , 9.1 , 10.0 , 10 , 12
4 , 9.1 , 10.0 , 10 , 12
4 , 9.06 , 10.0 , 10 , 12
4 , 9.04 , 10.0 , 10 , 12
4 , 9.02 , 10.0 , 10 , 12
4 , 8.96 , 10.0 , 10 , 12
4 , 8.92 , 10.0 , 10 , 12
4 , 8.9 , 10.0 , 10 , 12
4 , 8.9 , 10.0 , 10 , 12
4 , 8.86 , 10.0 , 10 , 12
4 , 8.8 , 10.0 , 10 , 12
4 , 8.76 , 10.0 , 10 , 12
4 , 8.74 , 10.0 , 10 , 12
4 , 8.72 , 10.0 , 10 , 10
4 , 8.72 , 10.0 , 10 , 10
4 , 8.72 , 10.0 , 10 , 10
4 , 8.72 , 10.0 , 10 , 10
4 , 8.68 , 10.0 , 10 , 10
4 , 8.68 , 10.0 , 10 , 10
4 , 8.68 , 10.0 , 10 , 10
4 , 8.68 , 10.0 , 10 , 10
4 , 8.68 , 10.0 , 10 , 10
4 , 8.68 , 10.0 , 10 , 10
4 , 8.68 , 10.0 , 10 , 10
4 , 8.68 , 10.0 , 10 , 10
4 , 8.68 , 10.0 , 10 , 10
4 , 8.66 , 10.0 , 10 , 10
4 , 8.64 , 10.0 , 10 , 10
4 , 8.6 , 10.0 , 10 , 10
4 , 8.6 , 10.0 , 10 , 10
4 , 8.6 , 10.0 , 10 , 10
4 , 8.56 , 9.0 , 10 , 10
4 , 8.5 , 8.0 , 10 , 10
4 , 8.46 , 8.0 , 10 , 10
4 , 8.44 , 8.0 , 10 , 10
4 , 8.44 , 8.0 , 10 , 10
4 , 8.44 , 8.0 , 10 , 10
4 , 8.42 , 8.0 , 10 , 10
4 , 8.42 , 8.0 , 10 , 10
4 , 8.42 , 8.0 , 10 , 10
4 , 8.4 , 8.0 , 10 , 10
4 , 8.36 , 8.0 , 10 , 10
4 , 8.34 , 8.0 , 10 , 10
4 , 8.34 , 8.0 , 10 , 10
4 , 8.3 , 8.0 , 10 , 10
4 , 8.3 , 8.0 , 10 , 10
4 , 8.28 , 8.0 , 10 , 10
4 , 8.26 , 8.0 , 10 , 10
4 , 8.26 , 8.0 , 10 , 10
4 , 8.26 , 8.0 , 10 , 10
4 , 8.26 , 8.0 , 10 , 10
4 , 8.26 , 8.0 , 10 , 10
4 , 8.26 , 8.0 , 10 , 10
4 , 8.26 , 8.0 , 10 , 10
4 , 8.24 , 8.0 , 8 , 10
4 , 8.24 , 8.0 , 8 , 10
4 , 8.24 , 8.0 , 8 , 10
4 , 8.24 , 8.0 , 8 , 10
4 , 8.22 , 8.0 , 8 , 10
4 , 8.22 , 8.0 , 8 , 10
4 , 8.22 , 8.0 , 8 , 10
4 , 8.22 , 8.0 , 8 , 10
4 , 8.2 , 8.0 , 8 , 10
4 , 8.2 , 8.0 , 8 , 10
4 , 8.2 , 8.0 , 8 , 10
4 , 8.2 , 8.0 , 8 , 10
4 , 8.16 , 8.0 , 8 , 10
4 , 8.16 , 8.0 , 8 , 10
4 , 8.16 , 8.0 , 8 , 10
4 , 8.16 , 8.0 , 8 , 10
4 , 8.16 , 8.0 , 8 , 10
4 , 8.16 , 8.0 , 8 , 10
4 , 8.16 , 8.0 , 8 , 10
4 , 8.16 , 8.0 , 8 , 10
4 , 8.16 , 8.0 , 8 , 10
4 , 8.16 , 8.0 , 8 , 10
4 , 8.16 , 8.0 , 8 , 10
4 , 8.16 , 8.0 , 8 , 10
4 , 8.16 , 8.0 , 8 , 10
4 , 8.16 , 8.0 , 8 , 10
4 , 8.16 , 8.0 , 8 , 10
4 , 8.14 , 8.0 , 8 , 10
4 , 8.14 , 8.0 , 8 , 10
4 , 8.14 , 8.0 , 8 , 10
4 , 8.12 , 8.0 , 8 , 10
4 , 8.1 , 8.0 , 8 , 10
4 , 8.1 , 8.0 , 8 , 10
4 , 8.06 , 8.0 , 8 , 10
4 , 8.06 , 8.0 , 8 , 10
4 , 8.04 , 8.0 , 8 , 10
4 , 8.04 , 8.0 , 8 , 10
4 , 8.04 , 8.0 , 8 , 10
4 , 8.04 , 8.0 , 8 , 10
4 , 8.04 , 8.0 , 8 , 10
4 , 8.02 , 8.0 , 8 , 10
4 , 8.0 , 8.0 , 8 , 10
4 , 8.0 , 8.0 , 8 , 10
4 , 8.0 , 8.0 , 8 , 10
4 , 8.0 , 8.0 , 8 , 10
4 , 7.98 , 8.0 , 8 , 10
4 , 7.98 , 8.0 , 8 , 10
4 , 7.96 , 8.0 , 8 , 10
4 , 7.96 , 8.0 , 8 , 10
4 , 7.96 , 8.0 , 8 , 10
4 , 7.94 , 8.0 , 8 , 10
4 , 7.94 , 8.0 , 8 , 10
4 , 7.94 , 8.0 , 8 , 10
4 , 7.94 , 8.0 , 8 , 10
4 , 7.94 , 8.0 , 8 , 10
4 , 7.94 , 8.0 , 8 , 10
4 , 7.94 , 8.0 , 8 , 10
4 , 7.92 , 8.0 , 8 , 10
4 , 7.92 , 8.0 , 8 , 10
4 , 7.92 , 8.0 , 8 , 10
4 , 7.92 , 8.0 , 8 , 10
4 , 7.92 , 8.0 , 8 , 10
4 , 7.88 , 8.0 , 8 , 10
4 , 7.88 , 8.0 , 8 , 10
4 , 7.88 , 8.0 , 8 , 10
4 , 7.88 , 8.0 , 8 , 10
4 , 7.88 , 8.0 , 8 , 10
4 , 7.88 , 8.0 , 8 , 10
4 , 7.88 , 8.0 , 8 , 10
4 , 7.88 , 8.0 , 8 , 10
4 , 7.88 , 8.0 , 8 , 10
4 , 7.86 , 8.0 , 8 , 10
4 , 7.86 , 8.0 , 8 , 10
4 , 7.84 , 8.0 , 8 , 10
4 , 7.84 , 8.0 , 8 , 10
4 , 7.84 , 8.0 , 8 , 10
4 , 7.8 , 8.0 , 8 , 10
4 , 7.8 , 8.0 , 8 , 10
4 , 7.8 , 8.0 , 8 , 10
4 , 7.8 , 8.0 , 8 , 10
4 , 7.8 , 8.0 , 8 , 10
4 , 7.8 , 8.0 , 8 , 10
4 , 7.78 , 8.0 , 8 , 10
4 , 7.78 , 8.0 , 8 , 10
4 , 7.78 , 8.0 , 8 , 10
4 , 7.78 , 8.0 , 8 , 10
4 , 7.78 , 8.0 , 8 , 10
4 , 7.78 , 8.0 , 8 , 10
4 , 7.78 , 8.0 , 8 , 10
4 , 7.78 , 8.0 , 8 , 10
4 , 7.78 , 8.0 , 8 , 10
4 , 7.76 , 8.0 , 8 , 10
4 , 7.76 , 8.0 , 8 , 10
4 , 7.74 , 8.0 , 8 , 10
4 , 7.74 , 8.0 , 8 , 10
4 , 7.7 , 8.0 , 8 , 10
4 , 7.7 , 8.0 , 8 , 10
4 , 7.7 , 8.0 , 8 , 10
4 , 7.7 , 8.0 , 8 , 10
4 , 7.66 , 8.0 , 8 , 10
4 , 7.66 , 8.0 , 8 , 10
4 , 7.66 , 8.0 , 8 , 10
4 , 7.66 , 8.0 , 8 , 10
4 , 7.66 , 8.0 , 8 , 10
4 , 7.66 , 8.0 , 8 , 10
4 , 7.66 , 8.0 , 8 , 10
4 , 7.66 , 8.0 , 8 , 10
4 , 7.66 , 8.0 , 8 , 10
4 , 7.66 , 8.0 , 8 , 10
4 , 7.66 , 8.0 , 8 , 10
4 , 7.64 , 8.0 , 8 , 10
4 , 7.64 , 8.0 , 8 , 10
4 , 7.6 , 8.0 , 8 , 10
4 , 7.58 , 8.0 , 8 , 10
4 , 7.54 , 8.0 , 8 , 10
4 , 7.54 , 8.0 , 8 , 10
4 , 7.54 , 8.0 , 8 , 10
4 , 7.54 , 8.0 , 8 , 10
4 , 7.54 , 8.0 , 8 , 10
4 , 7.46 , 8.0 , 8 , 10
4 , 7.42 , 8.0 , 8 , 10
4 , 7.38 , 8.0 , 8 , 10
4 , 7.38 , 8.0 , 8 , 10
4 , 7.36 , 8.0 , 8 , 10
4 , 7.36 , 8.0 , 8 , 10
4 , 7.36 , 8.0 , 8 , 10
4 , 7.36 , 8.0 , 8 , 10
4 , 7.3 , 8.0 , 8 , 10
4 , 7.3 , 8.0 , 8 , 10
4 , 7.3 , 8.0 , 8 , 10
4 , 7.3 , 8.0 , 8 , 10
4 , 7.28 , 8.0 , 8 , 10
4 , 7.28 , 8.0 , 8 , 10
4 , 7.24 , 8.0 , 8 , 10
4 , 7.24 , 8.0 , 8 , 10
4 , 7.2 , 8.0 , 8 , 10
4 , 7.2 , 8.0 , 8 , 10
4 , 7.18 , 8.0 , 8 , 10
4 , 7.16 , 8.0 , 8 , 8
4 , 7.16 , 8.0 , 8 , 8
4 , 7.16 , 8.0 , 8 , 8
4 , 7.16 , 8.0 , 8 , 8
4 , 7.14 , 8.0 , 8 , 8
4 , 7.14 , 8.0 , 8 , 8
4 , 7.14 , 8.0 , 8 , 8
4 , 7.14 , 8.0 , 8 , 8
4 , 7.14 , 8.0 , 8 , 8
4 , 7.14 , 8.0 , 8 , 8
4 , 7.12 , 8.0 , 8 , 8
4 , 7.12 , 8.0 , 8 , 8
4 , 7.12 , 8.0 , 8 , 8
4 , 7.12 , 8.0 , 8 , 8
4 , 7.12 , 8.0 , 8 , 8
4 , 7.12 , 8.0 , 8 , 8
4 , 7.12 , 8.0 , 8 , 8
4 , 7.12 , 8.0 , 8 , 8
4 , 7.12 , 8.0 , 8 , 8
4 , 7.12 , 8.0 , 8 , 8
4 , 7.12 , 8.0 , 8 , 8
4 , 7.12 , 8.0 , 8 , 8
4 , 7.12 , 8.0 , 8 , 8
4 , 7.1 , 8.0 , 8 , 8
4 , 7.1 , 8.0 , 8 , 8
4 , 7.1 , 8.0 , 8 , 8
4 , 7.06 , 8.0 , 8 , 8
4 , 7.06 , 8.0 , 8 , 8
4 , 7.04 , 8.0 , 8 , 8
4 , 7.04 , 8.0 , 8 , 8
4 , 7.04 , 8.0 , 8 , 8
4 , 7.0 , 8.0 , 8 , 8
4 , 7.0 , 8.0 , 8 , 8
4 , 7.0 , 8.0 , 8 , 8
4 , 7.0 , 8.0 , 8 , 8
4 , 7.0 , 8.0 , 8 , 8
4 , 7.0 , 8.0 , 8 , 8
4 , 6.98 , 8.0 , 8 , 8
4 , 6.98 , 8.0 , 8 , 8
4 , 6.98 , 8.0 , 8 , 8
4 , 6.98 , 8.0 , 8 , 8
4 , 6.96 , 8.0 , 8 , 8
4 , 6.94 , 8.0 , 8 , 8
4 , 6.94 , 8.0 , 8 , 8
4 , 6.94 , 8.0 , 8 , 8
4 , 6.94 , 8.0 , 8 , 8
4 , 6.94 , 8.0 , 8 , 8
4 , 6.92 , 8.0 , 8 , 8
4 , 6.92 , 8.0 , 8 , 8
4 , 6.9 , 8.0 , 8 , 8
4 , 6.9 , 8.0 , 8 , 8
4 , 6.9 , 8.0 , 8 , 8
4 , 6.9 , 8.0 , 8 , 8
4 , 6.9 , 8.0 , 8 , 8
4 , 6.9 , 8.0 , 8 , 8
0 , 6.8 , 7.0 , 8 , 8
0 , 6.8 , 7.0 , 8 , 8
0 , 6.8 , 7.0 , 8 , 8
0 , 6.8 , 7.0 , 8 , 8
0 , 6.8 , 7.0 , 8 , 8
0 , 6.8 , 7.0 , 8 , 8
0 , 6.8 , 7.0 , 8 , 8
0 , 6.8 , 7.0 , 8 , 8
0 , 6.8 , 7.0 , 8 , 8
0 , 6.8 , 7.0 , 8 , 8
0 , 6.8 , 7.0 , 8 , 8
0 , 6.8 , 7.0 , 8 , 8
0 , 6.8 , 7.0 , 8 , 8
0 , 6.8 , 7.0 , 8 , 8
0 , 6.76 , 6.0 , 8 , 8
0 , 6.76 , 6.0 , 8 , 8
0 , 6.76 , 6.0 , 8 , 8
0 , 6.76 , 6.0 , 8 , 8
0 , 6.76 , 6.0 , 8 , 8
0 , 6.76 , 6.0 , 8 , 8
0 , 6.76 , 6.0 , 8 , 8
0 , 6.76 , 6.0 , 8 , 8
0 , 6.76 , 6.0 , 8 , 8
0 , 6.76 , 6.0 , 8 , 8
0 , 6.76 , 6.0 , 8 , 8
0 , 6.76 , 6.0 , 8 , 8
0 , 6.76 , 6.0 , 8 , 8
0 , 6.74 , 6.0 , 8 , 8
0 , 6.74 , 6.0 , 8 , 8
0 , 6.74 , 6.0 , 8 , 8
0 , 6.74 , 6.0 , 8 , 8
0 , 6.72 , 6.0 , 8 , 8
0 , 6.72 , 6.0 , 8 , 8
0 , 6.72 , 6.0 , 8 , 8
0 , 6.72 , 6.0 , 8 , 8
0 , 6.7 , 6.0 , 8 , 8
0 , 6.68 , 6.0 , 6 , 8
0 , 6.68 , 6.0 , 6 , 8
0 , 6.68 , 6.0 , 6 , 8
0 , 6.68 , 6.0 , 6 , 8
0 , 6.68 , 6.0 , 6 , 8
0 , 6.68 , 6.0 , 6 , 8
0 , 6.68 , 6.0 , 6 , 8
0 , 6.68 , 6.0 , 6 , 8
0 , 6.68 , 6.0 , 6 , 8
0 , 6.68 , 6.0 , 6 , 8
0 , 6.68 , 6.0 , 6 , 8
0 , 6.66 , 6.0 , 6 , 8
0 , 6.66 , 6.0 , 6 , 8
0 , 6.66 , 6.0 , 6 , 8
0 , 6.66 , 6.0 , 6 , 8
0 , 6.66 , 6.0 , 6 , 8
0 , 6.66 , 6.0 , 6 , 8
0 , 6.64 , 6.0 , 6 , 8
0 , 6.64 , 6.0 , 6 , 8
0 , 6.62 , 6.0 , 6 , 8
0 , 6.62 , 6.0 , 6 , 8
0 , 6.62 , 6.0 , 6 , 8
0 , 6.62 , 6.0 , 6 , 8
0 , 6.6 , 6.0 , 6 , 8
0 , 6.58 , 6.0 , 6 , 8
0 , 6.58 , 6.0 , 6 , 8
0 , 6.58 , 6.0 , 6 , 8
0 , 6.58 , 6.0 , 6 , 8
0 , 6.58 , 6.0 , 6 , 8
0 , 6.56 , 6.0 , 6 , 8
0 , 6.54 , 6.0 , 6 , 8
0 , 6.54 , 6.0 , 6 , 8
0 , 6.54 , 6.0 , 6 , 8
0 , 6.52 , 6.0 , 6 , 8
0 , 6.52 , 6.0 , 6 , 8
0 , 6.52 , 6.0 , 6 , 8
0 , 6.52 , 6.0 , 6 , 8
0 , 6.52 , 6.0 , 6 , 8
0 , 6.52 , 6.0 , 6 , 8
0 , 6.52 , 6.0 , 6 , 8
0 , 6.52 , 6.0 , 6 , 8
0 , 6.52 , 6.0 , 6 , 8
0 , 6.52 , 6.0 , 6 , 8
0 , 6.52 , 6.0 , 6 , 8
0 , 6.52 , 6.0 , 6 , 8
0 , 6.52 , 6.0 , 6 , 8
0 , 6.52 , 6.0 , 6 , 8
0 , 6.52 , 6.0 , 6 , 8
0 , 6.5 , 6.0 , 6 , 8
0 , 6.48 , 6.0 , 6 , 8
0 , 6.48 , 6.0 , 6 , 8
0 , 6.48 , 6.0 , 6 , 8
0 , 6.46 , 6.0 , 6 , 8
0 , 6.46 , 6.0 , 6 , 8
0 , 6.46 , 6.0 , 6 , 8
0 , 6.46 , 6.0 , 6 , 8
0 , 6.46 , 6.0 , 6 , 8
0 , 6.46 , 6.0 , 6 , 8
0 , 6.44 , 6.0 , 6 , 8
0 , 6.44 , 6.0 , 6 , 8
0 , 6.44 , 6.0 , 6 , 8
0 , 6.44 , 6.0 , 6 , 8
0 , 6.44 , 6.0 , 6 , 8
0 , 6.4 , 6.0 , 6 , 8
0 , 6.4 , 6.0 , 6 , 8
0 , 6.4 , 6.0 , 6 , 8
0 , 6.4 , 6.0 , 6 , 8
0 , 6.38 , 6.0 , 6 , 8
0 , 6.38 , 6.0 , 6 , 8
0 , 6.38 , 6.0 , 6 , 8
0 , 6.38 , 6.0 , 6 , 8
0 , 6.36 , 6.0 , 6 , 8
0 , 6.36 , 6.0 , 6 , 8
0 , 6.36 , 6.0 , 6 , 8
0 , 6.36 , 6.0 , 6 , 8
0 , 6.36 , 6.0 , 6 , 8
0 , 6.36 , 6.0 , 6 , 8
0 , 6.36 , 6.0 , 6 , 8
0 , 6.36 , 6.0 , 6 , 8
0 , 6.36 , 6.0 , 6 , 8
0 , 6.36 , 6.0 , 6 , 8
0 , 6.36 , 6.0 , 6 , 8
0 , 6.34 , 6.0 , 6 , 8
0 , 6.34 , 6.0 , 6 , 8
0 , 6.34 , 6.0 , 6 , 8
0 , 6.34 , 6.0 , 6 , 8
0 , 6.34 , 6.0 , 6 , 8
0 , 6.34 , 6.0 , 6 , 8
0 , 6.34 , 6.0 , 6 , 8
0 , 6.32 , 6.0 , 6 , 8
0 , 6.32 , 6.0 , 6 , 8
0 , 6.32 , 6.0 , 6 , 8
0 , 6.3 , 6.0 , 6 , 8
0 , 6.28 , 6.0 , 6 , 8
0 , 6.28 , 6.0 , 6 , 8
0 , 6.28 , 6.0 , 6 , 8
0 , 6.28 , 6.0 , 6 , 8
0 , 6.28 , 6.0 , 6 , 8
0 , 6.28 , 6.0 , 6 , 8
0 , 6.28 , 6.0 , 6 , 8
0 , 6.24 , 6.0 , 6 , 8
0 , 6.24 , 6.0 , 6 , 8
0 , 6.24 , 6.0 , 6 , 8
0 , 6.24 , 6.0 , 6 , 8
0 , 6.24 , 6.0 , 6 , 8
0 , 6.24 , 6.0 , 6 , 8
0 , 6.24 , 6.0 , 6 , 8
0 , 6.24 , 6.0 , 6 , 8
0 , 6.24 , 6.0 , 6 , 8
0 , 6.24 , 6.0 , 6 , 8
0 , 6.22 , 6.0 , 6 , 8
0 , 6.2 , 6.0 , 6 , 8
0 , 6.2 , 6.0 , 6 , 8
0 , 6.18 , 6.0 , 6 , 8
0 , 6.18 , 6.0 , 6 , 8
0 , 6.18 , 6.0 , 6 , 8
0 , 6.18 , 6.0 , 6 , 8
0 , 6.18 , 6.0 , 6 , 8
0 , 6.18 , 6.0 , 6 , 8
0 , 6.18 , 6.0 , 6 , 8
0 , 6.18 , 6.0 , 6 , 8
0 , 6.18 , 6.0 , 6 , 8
0 , 6.18 , 6.0 , 6 , 8
0 , 6.18 , 6.0 , 6 , 8
0 , 6.18 , 6.0 , 6 , 8
0 , 6.18 , 6.0 , 6 , 8
0 , 6.16 , 6.0 , 6 , 8
0 , 6.16 , 6.0 , 6 , 8
0 , 6.16 , 6.0 , 6 , 8
0 , 6.16 , 6.0 , 6 , 8
0 , 6.16 , 6.0 , 6 , 8
0 , 6.16 , 6.0 , 6 , 8
0 , 6.16 , 6.0 , 6 , 8
0 , 6.16 , 6.0 , 6 , 8
0 , 6.16 , 6.0 , 6 , 8
0 , 6.16 , 6.0 , 6 , 8
0 , 6.16 , 6.0 , 6 , 8
0 , 6.16 , 6.0 , 6 , 8
0 , 6.16 , 6.0 , 6 , 8
0 , 6.16 , 6.0 , 6 , 8
0 , 6.12 , 6.0 , 6 , 8
0 , 6.12 , 6.0 , 6 , 8
0 , 6.12 , 6.0 , 6 , 8
0 , 6.1 , 6.0 , 6 , 8
0 , 6.06 , 6.0 , 6 , 8
0 , 6.06 , 6.0 , 6 , 8
0 , 6.06 , 6.0 , 6 , 8
0 , 6.06 , 6.0 , 6 , 8
0 , 6.06 , 6.0 , 6 , 8
0 , 6.06 , 6.0 , 6 , 8
0 , 6.06 , 6.0 , 6 , 8
0 , 6.06 , 6.0 , 6 , 8
0 , 6.06 , 6.0 , 6 , 8
0 , 6.06 , 6.0 , 6 , 8
0 , 6.06 , 6.0 , 6 , 8
0 , 6.02 , 6.0 , 6 , 8
0 , 6.02 , 6.0 , 6 , 8
0 , 6.02 , 6.0 , 6 , 8
0 , 6.02 , 6.0 , 6 , 8
0 , 6.02 , 6.0 , 6 , 8
0 , 6.02 , 6.0 , 6 , 8
0 , 6.0 , 6.0 , 6 , 8
0 , 6.0 , 6.0 , 6 , 8
0 , 6.0 , 6.0 , 6 , 8
0 , 6.0 , 6.0 , 6 , 8
0 , 6.0 , 6.0 , 6 , 8
0 , 6.0 , 6.0 , 6 , 8
0 , 6.0 , 6.0 , 6 , 8
0 , 5.98 , 6.0 , 6 , 8
0 , 5.94 , 6.0 , 6 , 8
0 , 5.94 , 6.0 , 6 , 8
0 , 5.94 , 6.0 , 6 , 8
0 , 5.94 , 6.0 , 6 , 8
0 , 5.94 , 6.0 , 6 , 8
0 , 5.94 , 6.0 , 6 , 8
0 , 5.94 , 6.0 , 6 , 8
0 , 5.94 , 6.0 , 6 , 8
0 , 5.94 , 6.0 , 6 , 8
0 , 5.94 , 6.0 , 6 , 8
0 , 5.94 , 6.0 , 6 , 8
0 , 5.94 , 6.0 , 6 , 8
0 , 5.94 , 6.0 , 6 , 8
0 , 5.94 , 6.0 , 6 , 8
0 , 5.94 , 6.0 , 6 , 8
0 , 5.94 , 6.0 , 6 , 8
0 , 5.94 , 6.0 , 6 , 8
0 , 5.92 , 6.0 , 6 , 8
0 , 5.9 , 6.0 , 6 , 8
0 , 5.9 , 6.0 , 6 , 8
0 , 5.9 , 6.0 , 6 , 8
0 , 5.9 , 6.0 , 6 , 8
0 , 5.88 , 6.0 , 6 , 8
0 , 5.88 , 6.0 , 6 , 8
0 , 5.88 , 6.0 , 6 , 8
0 , 5.86 , 6.0 , 6 , 8
0 , 5.86 , 6.0 , 6 , 8
0 , 5.86 , 6.0 , 6 , 8
0 , 5.86 , 6.0 , 6 , 8
0 , 5.86 , 6.0 , 6 , 8
0 , 5.86 , 6.0 , 6 , 8
0 , 5.86 , 6.0 , 6 , 8
0 , 5.86 , 6.0 , 6 , 8
0 , 5.86 , 6.0 , 6 , 8
0 , 5.86 , 6.0 , 6 , 8
0 , 5.86 , 6.0 , 6 , 8
0 , 5.86 , 6.0 , 6 , 8
0 , 5.86 , 6.0 , 6 , 8
0 , 5.84 , 6.0 , 6 , 8
0 , 5.84 , 6.0 , 6 , 8
0 , 5.84 , 6.0 , 6 , 8
0 , 5.82 , 6.0 , 6 , 8
0 , 5.82 , 6.0 , 6 , 8
0 , 5.8 , 6.0 , 6 , 8
0 , 5.8 , 6.0 , 6 , 8
0 , 5.8 , 6.0 , 6 , 8
0 , 5.78 , 6.0 , 6 , 8
0 , 5.78 , 6.0 , 6 , 8
0 , 5.76 , 6.0 , 6 , 8
0 , 5.76 , 6.0 , 6 , 8
0 , 5.76 , 6.0 , 6 , 8
0 , 5.76 , 6.0 , 6 , 8
0 , 5.76 , 6.0 , 6 , 8
0 , 5.74 , 6.0 , 6 , 8
0 , 5.74 , 6.0 , 6 , 8
0 , 5.74 , 6.0 , 6 , 8
0 , 5.74 , 6.0 , 6 , 8
0 , 5.74 , 6.0 , 6 , 8
0 , 5.74 , 6.0 , 6 , 8
0 , 5.74 , 6.0 , 6 , 8
0 , 5.74 , 6.0 , 6 , 8
0 , 5.74 , 6.0 , 6 , 8
0 , 5.74 , 6.0 , 6 , 8
0 , 5.74 , 6.0 , 6 , 8
0 , 5.72 , 6.0 , 6 , 8
0 , 5.72 , 6.0 , 6 , 8
0 , 5.7 , 6.0 , 6 , 8
0 , 5.7 , 6.0 , 6 , 8
0 , 5.7 , 6.0 , 6 , 8
0 , 5.7 , 6.0 , 6 , 8
0 , 5.7 , 6.0 , 6 , 8
0 , 5.7 , 6.0 , 6 , 8
0 , 5.7 , 6.0 , 6 , 8
0 , 5.68 , 6.0 , 6 , 6
0 , 5.66 , 6.0 , 6 , 6
0 , 5.66 , 6.0 , 6 , 6
0 , 5.66 , 6.0 , 6 , 6
0 , 5.66 , 6.0 , 6 , 6
0 , 5.66 , 6.0 , 6 , 6
0 , 5.66 , 6.0 , 6 , 6
0 , 5.66 , 6.0 , 6 , 6
0 , 5.62 , 6.0 , 6 , 6
0 , 5.62 , 6.0 , 6 , 6
0 , 5.62 , 6.0 , 6 , 6
0 , 5.62 , 6.0 , 6 , 6
0 , 5.62 , 6.0 , 6 , 6
0 , 5.62 , 6.0 , 6 , 6
0 , 5.62 , 6.0 , 6 , 6
0 , 5.62 , 6.0 , 6 , 6
0 , 5.62 , 6.0 , 6 , 6
0 , 5.62 , 6.0 , 6 , 6
0 , 5.62 , 6.0 , 6 , 6
0 , 5.58 , 6.0 , 6 , 6
0 , 5.58 , 6.0 , 6 , 6
0 , 5.58 , 6.0 , 6 , 6
0 , 5.58 , 6.0 , 6 , 6
0 , 5.58 , 6.0 , 6 , 6
0 , 5.58 , 6.0 , 6 , 6
0 , 5.58 , 6.0 , 6 , 6
0 , 5.58 , 6.0 , 6 , 6
0 , 5.58 , 6.0 , 6 , 6
0 , 5.58 , 6.0 , 6 , 6
0 , 5.58 , 6.0 , 6 , 6
0 , 5.56 , 6.0 , 6 , 6
0 , 5.56 , 6.0 , 6 , 6
0 , 5.54 , 6.0 , 6 , 6
0 , 5.54 , 6.0 , 6 , 6
0 , 5.54 , 6.0 , 6 , 6
0 , 5.54 , 6.0 , 6 , 6
0 , 5.54 , 6.0 , 6 , 6
0 , 5.54 , 6.0 , 6 , 6
0 , 5.54 , 6.0 , 6 , 6
0 , 5.54 , 6.0 , 6 , 6
0 , 5.54 , 6.0 , 6 , 6
0 , 5.54 , 6.0 , 6 , 6
0 , 5.54 , 6.0 , 6 , 6
0 , 5.54 , 6.0 , 6 , 6
0 , 5.54 , 6.0 , 6 , 6
0 , 5.54 , 6.0 , 6 , 6
0 , 5.54 , 6.0 , 6 , 6
0 , 5.54 , 6.0 , 6 , 6
0 , 5.54 , 6.0 , 6 , 6
0 , 5.54 , 6.0 , 6 , 6
0 , 5.54 , 6.0 , 6 , 6
0 , 5.54 , 6.0 , 6 , 6
0 , 5.54 , 6.0 , 6 , 6
0 , 5.54 , 6.0 , 6 , 6
0 , 5.54 , 6.0 , 6 , 6
0 , 5.54 , 6.0 , 6 , 6
0 , 5.54 , 6.0 , 6 , 6
0 , 5.54 , 6.0 , 6 , 6
0 , 5.54 , 6.0 , 6 , 6
0 , 5.52 , 6.0 , 6 , 6
0 , 5.52 , 6.0 , 6 , 6
0 , 5.52 , 6.0 , 6 , 6
0 , 5.52 , 6.0 , 6 , 6
0 , 5.52 , 6.0 , 6 , 6
0 , 5.52 , 6.0 , 6 , 6
0 , 5.52 , 6.0 , 6 , 6
0 , 5.52 , 6.0 , 6 , 6
0 , 5.52 , 6.0 , 6 , 6
0 , 5.52 , 6.0 , 6 , 6
0 , 5.52 , 6.0 , 6 , 6
0 , 5.52 , 6.0 , 6 , 6
0 , 5.52 , 6.0 , 6 , 6
0 , 5.52 , 6.0 , 6 , 6
0 , 5.52 , 6.0 , 6 , 6
0 , 5.52 , 6.0 , 6 , 6
0 , 5.52 , 6.0 , 6 , 6
0 , 5.52 , 6.0 , 6 , 6
0 , 5.52 , 6.0 , 6 , 6
0 , 5.52 , 6.0 , 6 , 6
0 , 5.52 , 6.0 , 6 , 6
0 , 5.52 , 6.0 , 6 , 6
0 , 5.52 , 6.0 , 6 , 6
0 , 5.52 , 6.0 , 6 , 6
0 , 5.52 , 6.0 , 6 , 6
0 , 5.52 , 6.0 , 6 , 6
0 , 5.52 , 6.0 , 6 , 6
0 , 5.52 , 6.0 , 6 , 6
0 , 5.52 , 6.0 , 6 , 6
0 , 5.52 , 6.0 , 6 , 6
0 , 5.52 , 6.0 , 6 , 6
0 , 5.52 , 6.0 , 6 , 6
0 , 5.52 , 6.0 , 6 , 6
0 , 5.52 , 6.0 , 6 , 6
0 , 5.52 , 6.0 , 6 , 6
0 , 5.52 , 6.0 , 6 , 6
0 , 5.52 , 6.0 , 6 , 6
0 , 5.52 , 6.0 , 6 , 6
0 , 5.52 , 6.0 , 6 , 6
0 , 5.52 , 6.0 , 6 , 6
0 , 5.52 , 6.0 , 6 , 6
0 , 5.52 , 6.0 , 6 , 6
0 , 5.5 , 6.0 , 6 , 6
0 , 5.5 , 6.0 , 6 , 6
0 , 5.5 , 6.0 , 6 , 6
0 , 5.5 , 6.0 , 6 , 6
0 , 5.46 , 6.0 , 6 , 6
0 , 5.46 , 6.0 , 6 , 6
0 , 5.46 , 6.0 , 6 , 6
0 , 5.46 , 6.0 , 6 , 6
0 , 5.46 , 6.0 , 6 , 6
0 , 5.46 , 6.0 , 6 , 6
0 , 5.46 , 6.0 , 6 , 6
0 , 5.46 , 6.0 , 6 , 6
0 , 5.46 , 6.0 , 6 , 6
0 , 5.46 , 6.0 , 6 , 6
0 , 5.46 , 6.0 , 6 , 6
0 , 5.42 , 6.0 , 6 , 6
0 , 5.42 , 6.0 , 6 , 6
0 , 5.42 , 6.0 , 6 , 6
0 , 5.42 , 6.0 , 6 , 6
0 , 5.42 , 6.0 , 6 , 6
0 , 5.42 , 6.0 , 6 , 6
0 , 5.42 , 6.0 , 6 , 6
0 , 5.42 , 6.0 , 6 , 6
0 , 5.42 , 6.0 , 6 , 6
0 , 5.42 , 6.0 , 6 , 6
0 , 5.42 , 6.0 , 6 , 6
0 , 5.42 , 6.0 , 6 , 6
0 , 5.42 , 6.0 , 6 , 6
0 , 5.42 , 6.0 , 6 , 6
0 , 5.42 , 6.0 , 6 , 6
0 , 5.42 , 6.0 , 6 , 6
0 , 5.42 , 6.0 , 6 , 6
0 , 5.42 , 6.0 , 6 , 6
0 , 5.42 , 6.0 , 6 , 6
0 , 5.42 , 6.0 , 6 , 6
0 , 5.42 , 6.0 , 6 , 6
0 , 5.42 , 6.0 , 6 , 6
0 , 5.42 , 6.0 , 6 , 6
0 , 5.42 , 6.0 , 6 , 6
0 , 5.42 , 6.0 , 6 , 6
0 , 5.42 , 6.0 , 6 , 6
0 , 5.42 , 6.0 , 6 , 6
0 , 5.42 , 6.0 , 6 , 6
0 , 5.42 , 6.0 , 6 , 6
0 , 5.42 , 6.0 , 6 , 6
0 , 5.42 , 6.0 , 6 , 6
0 , 5.42 , 6.0 , 6 , 6
0 , 5.42 , 6.0 , 6 , 6
0 , 5.42 , 6.0 , 6 , 6
0 , 5.42 , 6.0 , 6 , 6
0 , 5.42 , 6.0 , 6 , 6
0 , 5.42 , 6.0 , 6 , 6
0 , 5.42 , 6.0 , 6 , 6
0 , 5.4 , 6.0 , 6 , 6
0 , 5.4 , 6.0 , 6 , 6
0 , 5.4 , 6.0 , 6 , 6
0 , 5.4 , 6.0 , 6 , 6
0 , 5.4 , 6.0 , 6 , 6
0 , 5.4 , 6.0 , 6 , 6
0 , 5.4 , 6.0 , 6 , 6
0 , 5.4 , 6.0 , 6 , 6
0 , 5.38 , 6.0 , 6 , 6
0 , 5.38 , 6.0 , 6 , 6
0 , 5.38 , 6.0 , 6 , 6
0 , 5.38 , 6.0 , 6 , 6
0 , 5.38 , 6.0 , 6 , 6
0 , 5.38 , 6.0 , 6 , 6
0 , 5.38 , 6.0 , 6 , 6
0 , 5.38 , 6.0 , 6 , 6
0 , 5.34 , 6.0 , 6 , 6
0 , 5.34 , 6.0 , 6 , 6
0 , 5.34 , 6.0 , 6 , 6
0 , 5.34 , 6.0 , 6 , 6
0 , 5.34 , 6.0 , 6 , 6
0 , 5.34 , 6.0 , 6 , 6
0 , 5.3 , 6.0 , 6 , 6
0 , 5.3 , 6.0 , 6 , 6
0 , 5.3 , 6.0 , 6 , 6
0 , 5.3 , 6.0 , 6 , 6
0 , 5.3 , 6.0 , 6 , 6
0 , 5.3 , 6.0 , 6 , 6
0 , 5.3 , 6.0 , 6 , 6
0 , 5.3 , 6.0 , 6 , 6
0 , 5.3 , 6.0 , 6 , 6
0 , 5.3 , 6.0 , 6 , 6
0 , 5.28 , 6.0 , 6 , 6
0 , 5.28 , 6.0 , 6 , 6
0 , 5.26 , 6.0 , 6 , 6
0 , 5.26 , 6.0 , 6 , 6
0 , 5.26 , 6.0 , 6 , 6
0 , 5.26 , 6.0 , 6 , 6
0 , 5.26 , 6.0 , 6 , 6
0 , 5.26 , 6.0 , 6 , 6
0 , 5.26 , 6.0 , 6 , 6
0 , 5.26 , 6.0 , 6 , 6
0 , 5.26 , 6.0 , 6 , 6
0 , 5.26 , 6.0 , 6 , 6
0 , 5.26 , 6.0 , 6 , 6
0 , 5.26 , 6.0 , 6 , 6
0 , 5.26 , 6.0 , 6 , 6
0 , 5.26 , 6.0 , 6 , 6
0 , 5.26 , 6.0 , 6 , 6
0 , 5.26 , 6.0 , 6 , 6
0 , 5.26 , 6.0 , 6 , 6
0 , 5.26 , 6.0 , 6 , 6
0 , 5.26 , 6.0 , 6 , 6
0 , 5.26 , 6.0 , 6 , 6
0 , 5.26 , 6.0 , 6 , 6
0 , 5.26 , 6.0 , 6 , 6
0 , 5.26 , 6.0 , 6 , 6
0 , 5.26 , 6.0 , 6 , 6
0 , 5.26 , 6.0 , 6 , 6
0 , 5.26 , 6.0 , 6 , 6
0 , 5.26 , 6.0 , 6 , 6
0 , 5.26 , 6.0 , 6 , 6
0 , 5.26 , 6.0 , 6 , 6
0 , 5.26 , 6.0 , 6 , 6
0 , 5.24 , 6.0 , 6 , 6
0 , 5.24 , 6.0 , 6 , 6
0 , 5.22 , 6.0 , 6 , 6
0 , 5.22 , 6.0 , 6 , 6
0 , 5.22 , 6.0 , 6 , 6
0 , 5.22 , 6.0 , 6 , 6
0 , 5.22 , 6.0 , 6 , 6
0 , 5.22 , 6.0 , 6 , 6
0 , 5.2 , 6.0 , 6 , 6
0 , 5.2 , 6.0 , 6 , 6
0 , 5.2 , 6.0 , 6 , 6
0 , 5.2 , 6.0 , 6 , 6
0 , 5.2 , 6.0 , 6 , 6
0 , 5.2 , 6.0 , 6 , 6
0 , 5.2 , 6.0 , 6 , 6
0 , 5.2 , 6.0 , 6 , 6
0 , 5.2 , 6.0 , 6 , 6
0 , 5.2 , 6.0 , 6 , 6
0 , 5.2 , 6.0 , 6 , 6
0 , 5.2 , 6.0 , 6 , 6
0 , 5.2 , 6.0 , 6 , 6
0 , 5.2 , 6.0 , 6 , 6
0 , 5.2 , 6.0 , 6 , 6
0 , 5.2 , 6.0 , 6 , 6
0 , 5.2 , 6.0 , 6 , 6
0 , 5.2 , 6.0 , 6 , 6
0 , 5.2 , 6.0 , 6 , 6
0 , 5.2 , 6.0 , 6 , 6
0 , 5.2 , 6.0 , 6 , 6
0 , 5.2 , 6.0 , 6 , 6
0 , 5.2 , 6.0 , 6 , 6
0 , 5.2 , 6.0 , 6 , 6
0 , 5.2 , 6.0 , 6 , 6
0 , 5.2 , 6.0 , 6 , 6
0 , 5.2 , 6.0 , 6 , 6
0 , 5.2 , 6.0 , 6 , 6
0 , 5.2 , 6.0 , 6 , 6
0 , 5.2 , 6.0 , 6 , 6
0 , 5.2 , 6.0 , 6 , 6
0 , 5.2 , 6.0 , 6 , 6
0 , 5.2 , 6.0 , 6 , 6
0 , 5.2 , 6.0 , 6 , 6
0 , 5.2 , 6.0 , 6 , 6
0 , 5.2 , 6.0 , 6 , 6
0 , 5.2 , 6.0 , 6 , 6
0 , 5.2 , 6.0 , 6 , 6
0 , 5.2 , 6.0 , 6 , 6
0 , 5.2 , 6.0 , 6 , 6
0 , 5.2 , 6.0 , 6 , 6
0 , 5.2 , 6.0 , 6 , 6
0 , 5.2 , 6.0 , 6 , 6
0 , 5.2 , 6.0 , 6 , 6
0 , 5.2 , 6.0 , 6 , 6
0 , 5.2 , 6.0 , 6 , 6
0 , 5.2 , 6.0 , 6 , 6
0 , 5.2 , 6.0 , 6 , 6
0 , 5.2 , 6.0 , 6 , 6
0 , 5.2 , 6.0 , 6 , 6
0 , 5.2 , 6.0 , 6 , 6
0 , 5.2 , 6.0 , 6 , 6
0 , 5.2 , 6.0 , 6 , 6
0 , 5.2 , 6.0 , 6 , 6
0 , 5.2 , 6.0 , 6 , 6
0 , 5.2 , 6.0 , 6 , 6
0 , 5.2 , 6.0 , 6 , 6
0 , 5.2 , 6.0 , 6 , 6
0 , 5.2 , 6.0 , 6 , 6
0 , 5.2 , 6.0 , 6 , 6
0 , 5.2 , 6.0 , 6 , 6
0 , 5.2 , 6.0 , 6 , 6
0 , 5.18 , 6.0 , 6 , 6
0 , 5.18 , 6.0 , 6 , 6
0 , 5.16 , 6.0 , 6 , 6
0 , 5.16 , 6.0 , 6 , 6
0 , 5.16 , 6.0 , 6 , 6
0 , 5.16 , 6.0 , 6 , 6
0 , 5.16 , 6.0 , 6 , 6
0 , 5.16 , 6.0 , 6 , 6
0 , 5.16 , 6.0 , 6 , 6
0 , 5.16 , 6.0 , 6 , 6
0 , 5.16 , 6.0 , 6 , 6
0 , 5.16 , 6.0 , 6 , 6
0 , 5.14 , 6.0 , 6 , 6
0 , 5.12 , 6.0 , 6 , 6
0 , 5.12 , 6.0 , 6 , 6
0 , 5.12 , 6.0 , 6 , 6
0 , 5.12 , 6.0 , 6 , 6
0 , 5.12 , 6.0 , 6 , 6
0 , 5.12 , 6.0 , 6 , 6
0 , 5.12 , 6.0 , 6 , 6
0 , 5.12 , 6.0 , 6 , 6
0 , 5.12 , 6.0 , 6 , 6
0 , 5.12 , 6.0 , 6 , 6
0 , 5.12 , 6.0 , 6 , 6
0 , 5.12 , 6.0 , 6 , 6
0 , 5.12 , 6.0 , 6 , 6
0 , 5.12 , 6.0 , 6 , 6
0 , 5.12 , 6.0 , 6 , 6
0 , 5.12 , 6.0 , 6 , 6
0 , 5.12 , 6.0 , 6 , 6
0 , 5.1 , 6.0 , 6 , 6
0 , 5.06 , 6.0 , 6 , 6
0 , 5.06 , 6.0 , 6 , 6
0 , 5.04 , 6.0 , 6 , 6
0 , 5.04 , 6.0 , 6 , 6
0 , 5.04 , 6.0 , 6 , 6
0 , 5.04 , 6.0 , 6 , 6
0 , 5.04 , 6.0 , 6 , 6
0 , 5.04 , 6.0 , 6 , 6
0 , 5.04 , 6.0 , 6 , 6
0 , 5.04 , 6.0 , 6 , 6
0 , 5.02 , 6.0 , 6 , 6
0 , 5.02 , 6.0 , 6 , 6
0 , 5.02 , 6.0 , 6 , 6
0 , 5.02 , 6.0 , 6 , 6
0 , 5.02 , 6.0 , 6 , 6
0 , 5.02 , 6.0 , 6 , 6
0 , 5.02 , 6.0 , 6 , 6
1  Perfect solutions
perfect solution individuals [[2, 5, 7, 0, 3, 6, 4, 1]]
