4 , 16.0 , 16.0 , 12 , 26
4 , 15.8 , 16.0 , 12 , 26
4 , 15.62 , 16.0 , 12 , 26
4 , 15.4 , 16.0 , 12 , 24
4 , 15.22 , 16.0 , 12 , 22
4 , 15.16 , 16.0 , 16 , 22
4 , 14.98 , 16.0 , 16 , 22
4 , 14.86 , 16.0 , 16 , 22
4 , 14.78 , 16.0 , 16 , 22
4 , 14.64 , 16.0 , 16 , 20
4 , 14.52 , 16.0 , 16 , 20
4 , 14.32 , 14.0 , 16 , 20
4 , 14.22 , 14.0 , 12 , 20
4 , 14.2 , 14.0 , 12 , 20
4 , 14.1 , 14.0 , 12 , 20
4 , 13.96 , 14.0 , 12 , 20
4 , 13.84 , 14.0 , 12 , 20
4 , 13.7 , 14.0 , 12 , 18
4 , 13.58 , 14.0 , 12 , 18
4 , 13.58 , 14.0 , 12 , 18
4 , 13.42 , 14.0 , 12 , 18
4 , 13.38 , 14.0 , 12 , 18
4 , 13.28 , 14.0 , 12 , 18
4 , 13.18 , 14.0 , 12 , 18
4 , 13.08 , 14.0 , 12 , 18
4 , 13.0 , 14.0 , 12 , 18
4 , 12.84 , 12.0 , 12 , 18
4 , 12.74 , 12.0 , 12 , 18
4 , 12.68 , 12.0 , 12 , 18
4 , 12.62 , 12.0 , 12 , 18
4 , 12.54 , 12.0 , 12 , 16
4 , 12.48 , 12.0 , 12 , 16
4 , 12.42 , 12.0 , 12 , 16
4 , 12.4 , 12.0 , 12 , 16
4 , 12.34 , 12.0 , 12 , 16
4 , 12.26 , 12.0 , 12 , 16
4 , 12.26 , 12.0 , 12 , 16
4 , 12.12 , 12.0 , 12 , 16
4 , 12.08 , 12.0 , 12 , 16
4 , 12.04 , 12.0 , 12 , 16
4 , 12.04 , 12.0 , 12 , 16
4 , 11.94 , 12.0 , 12 , 16
4 , 11.92 , 12.0 , 12 , 16
4 , 11.84 , 12.0 , 12 , 16
4 , 11.84 , 12.0 , 12 , 16
4 , 11.76 , 12.0 , 12 , 16
4 , 11.68 , 12.0 , 12 , 16
4 , 11.6 , 12.0 , 12 , 16
4 , 11.54 , 12.0 , 12 , 16
4 , 11.54 , 12.0 , 12 , 16
4 , 11.36 , 12.0 , 12 , 16
4 , 11.28 , 12.0 , 12 , 16
4 , 11.24 , 12.0 , 12 , 16
4 , 11.2 , 12.0 , 12 , 14
4 , 11.18 , 12.0 , 12 , 14
4 , 11.18 , 12.0 , 12 , 14
4 , 11.18 , 12.0 , 12 , 14
4 , 11.14 , 12.0 , 12 , 14
4 , 11.08 , 12.0 , 12 , 14
4 , 11.04 , 12.0 , 12 , 14
4 , 11.0 , 12.0 , 12 , 14
4 , 10.98 , 12.0 , 12 , 14
4 , 10.94 , 12.0 , 12 , 14
4 , 10.94 , 12.0 , 12 , 14
4 , 10.88 , 12.0 , 12 , 14
4 , 10.84 , 12.0 , 12 , 14
4 , 10.74 , 12.0 , 12 , 14
4 , 10.7 , 12.0 , 12 , 14
4 , 10.7 , 12.0 , 12 , 14
4 , 10.66 , 12.0 , 12 , 14
4 , 10.64 , 12.0 , 12 , 14
4 , 10.6 , 12.0 , 12 , 14
4 , 10.58 , 12.0 , 12 , 14
4 , 10.52 , 12.0 , 12 , 14
4 , 10.48 , 12.0 , 12 , 14
4 , 10.48 , 12.0 , 12 , 14
4 , 10.46 , 12.0 , 12 , 14
4 , 10.36 , 12.0 , 12 , 12
4 , 10.34 , 11.0 , 12 , 12
4 , 10.3 , 10.0 , 12 , 12
4 , 10.26 , 10.0 , 12 , 12
4 , 10.24 , 10.0 , 12 , 12
4 , 10.18 , 10.0 , 12 , 12
4 , 10.16 , 10.0 , 12 , 12
4 , 10.12 , 10.0 , 12 , 12
4 , 10.1 , 10.0 , 12 , 12
4 , 10.1 , 10.0 , 12 , 12
4 , 10.1 , 10.0 , 12 , 12
4 , 10.04 , 10.0 , 12 , 12
4 , 10.04 , 10.0 , 12 , 12
4 , 10.04 , 10.0 , 12 , 12
4 , 10.04 , 10.0 , 12 , 12
4 , 10.0 , 10.0 , 12 , 12
4 , 10.0 , 10.0 , 12 , 12
4 , 9.98 , 10.0 , 12 , 12
4 , 9.96 , 10.0 , 12 , 12
4 , 9.94 , 10.0 , 12 , 12
4 , 9.92 , 10.0 , 12 , 12
4 , 9.9 , 10.0 , 12 , 12
4 , 9.84 , 10.0 , 10 , 12
4 , 9.78 , 10.0 , 10 , 12
4 , 9.74 , 10.0 , 10 , 12
4 , 9.74 , 10.0 , 10 , 12
4 , 9.74 , 10.0 , 10 , 12
4 , 9.74 , 10.0 , 10 , 12
4 , 9.74 , 10.0 , 10 , 12
4 , 9.72 , 10.0 , 10 , 12
4 , 9.72 , 10.0 , 10 , 12
4 , 9.72 , 10.0 , 10 , 12
4 , 9.66 , 10.0 , 10 , 12
4 , 9.64 , 10.0 , 10 , 12
4 , 9.62 , 10.0 , 10 , 12
4 , 9.58 , 10.0 , 10 , 12
4 , 9.58 , 10.0 , 10 , 12
4 , 9.58 , 10.0 , 10 , 12
4 , 9.58 , 10.0 , 10 , 12
4 , 9.54 , 10.0 , 10 , 12
4 , 9.44 , 10.0 , 10 , 12
4 , 9.42 , 10.0 , 10 , 12
4 , 9.32 , 10.0 , 10 , 12
4 , 9.32 , 10.0 , 10 , 12
4 , 9.32 , 10.0 , 10 , 12
4 , 9.28 , 10.0 , 10 , 12
4 , 9.28 , 10.0 , 10 , 12
4 , 9.28 , 10.0 , 10 , 12
4 , 9.28 , 10.0 , 10 , 12
4 , 9.26 , 10.0 , 10 , 12
4 , 9.26 , 10.0 , 10 , 12
4 , 9.24 , 10.0 , 10 , 12
4 , 9.2 , 10.0 , 10 , 12
4 , 9.16 , 10.0 , 10 , 12
4 , 9.14 , 10.0 , 10 , 12
4 , 9.04 , 10.0 , 10 , 12
4 , 9.02 , 10.0 , 10 , 12
4 , 8.94 , 10.0 , 10 , 12
4 , 8.88 , 10.0 , 10 , 12
4 , 8.86 , 10.0 , 10 , 12
4 , 8.78 , 10.0 , 10 , 12
4 , 8.78 , 10.0 , 10 , 12
4 , 8.76 , 10.0 , 10 , 12
4 , 8.72 , 10.0 , 10 , 10
4 , 8.7 , 9.0 , 10 , 10
4 , 8.7 , 9.0 , 10 , 10
4 , 8.7 , 9.0 , 10 , 10
4 , 8.68 , 8.0 , 10 , 10
4 , 8.68 , 8.0 , 10 , 10
4 , 8.68 , 8.0 , 10 , 10
4 , 8.68 , 8.0 , 10 , 10
4 , 8.68 , 8.0 , 10 , 10
4 , 8.68 , 8.0 , 10 , 10
4 , 8.62 , 8.0 , 10 , 10
4 , 8.62 , 8.0 , 10 , 10
4 , 8.62 , 8.0 , 10 , 10
4 , 8.62 , 8.0 , 10 , 10
4 , 8.6 , 8.0 , 10 , 10
4 , 8.6 , 8.0 , 10 , 10
4 , 8.6 , 8.0 , 10 , 10
4 , 8.6 , 8.0 , 10 , 10
4 , 8.58 , 8.0 , 10 , 10
4 , 8.58 , 8.0 , 10 , 10
4 , 8.54 , 8.0 , 10 , 10
4 , 8.5 , 8.0 , 10 , 10
4 , 8.5 , 8.0 , 10 , 10
4 , 8.48 , 8.0 , 8 , 10
4 , 8.48 , 8.0 , 8 , 10
4 , 8.48 , 8.0 , 8 , 10
4 , 8.48 , 8.0 , 8 , 10
4 , 8.48 , 8.0 , 8 , 10
4 , 8.44 , 8.0 , 8 , 10
4 , 8.36 , 8.0 , 8 , 10
4 , 8.32 , 8.0 , 8 , 10
4 , 8.32 , 8.0 , 8 , 10
4 , 8.32 , 8.0 , 8 , 10
4 , 8.32 , 8.0 , 8 , 10
4 , 8.32 , 8.0 , 8 , 10
4 , 8.28 , 8.0 , 8 , 10
4 , 8.28 , 8.0 , 8 , 10
4 , 8.26 , 8.0 , 8 , 10
4 , 8.26 , 8.0 , 8 , 10
4 , 8.24 , 8.0 , 8 , 10
4 , 8.22 , 8.0 , 8 , 10
4 , 8.22 , 8.0 , 8 , 10
4 , 8.22 , 8.0 , 8 , 10
4 , 8.18 , 8.0 , 8 , 10
4 , 8.14 , 8.0 , 8 , 10
4 , 8.12 , 8.0 , 8 , 10
4 , 8.12 , 8.0 , 8 , 10
4 , 8.08 , 8.0 , 8 , 10
4 , 8.08 , 8.0 , 8 , 10
4 , 8.02 , 8.0 , 8 , 10
4 , 8.02 , 8.0 , 8 , 10
4 , 8.02 , 8.0 , 8 , 10
4 , 8.02 , 8.0 , 8 , 10
4 , 8.02 , 8.0 , 8 , 10
4 , 8.0 , 8.0 , 8 , 10
4 , 8.0 , 8.0 , 8 , 10
4 , 8.0 , 8.0 , 8 , 10
4 , 8.0 , 8.0 , 8 , 10
4 , 7.96 , 8.0 , 8 , 10
4 , 7.96 , 8.0 , 8 , 10
4 , 7.94 , 8.0 , 8 , 10
4 , 7.92 , 8.0 , 8 , 10
4 , 7.92 , 8.0 , 8 , 10
4 , 7.92 , 8.0 , 8 , 10
4 , 7.92 , 8.0 , 8 , 10
4 , 7.92 , 8.0 , 8 , 10
4 , 7.92 , 8.0 , 8 , 10
4 , 7.92 , 8.0 , 8 , 10
4 , 7.92 , 8.0 , 8 , 10
4 , 7.92 , 8.0 , 8 , 10
4 , 7.92 , 8.0 , 8 , 10
4 , 7.9 , 8.0 , 8 , 10
4 , 7.9 , 8.0 , 8 , 10
4 , 7.9 , 8.0 , 8 , 10
4 , 7.86 , 8.0 , 8 , 10
2 , 7.78 , 8.0 , 8 , 10
2 , 7.74 , 8.0 , 8 , 10
2 , 7.74 , 8.0 , 8 , 10
2 , 7.72 , 8.0 , 8 , 10
2 , 7.72 , 8.0 , 8 , 10
2 , 7.68 , 8.0 , 8 , 10
2 , 7.68 , 8.0 , 8 , 10
2 , 7.68 , 8.0 , 8 , 10
2 , 7.58 , 8.0 , 8 , 10
2 , 7.54 , 8.0 , 8 , 10
2 , 7.54 , 8.0 , 8 , 10
2 , 7.54 , 8.0 , 8 , 10
2 , 7.54 , 8.0 , 8 , 10
2 , 7.52 , 8.0 , 8 , 10
2 , 7.52 , 8.0 , 8 , 10
2 , 7.52 , 8.0 , 8 , 10
2 , 7.52 , 8.0 , 8 , 10
2 , 7.52 , 8.0 , 8 , 10
2 , 7.48 , 8.0 , 8 , 10
2 , 7.48 , 8.0 , 8 , 10
2 , 7.48 , 8.0 , 8 , 10
2 , 7.48 , 8.0 , 8 , 10
2 , 7.46 , 8.0 , 8 , 10
2 , 7.4 , 8.0 , 8 , 10
2 , 7.4 , 8.0 , 8 , 10
2 , 7.38 , 8.0 , 8 , 10
2 , 7.38 , 8.0 , 8 , 10
2 , 7.36 , 8.0 , 8 , 10
2 , 7.34 , 8.0 , 8 , 10
2 , 7.34 , 8.0 , 8 , 10
2 , 7.32 , 8.0 , 8 , 10
2 , 7.32 , 8.0 , 8 , 10
2 , 7.32 , 8.0 , 8 , 10
2 , 7.32 , 8.0 , 8 , 10
2 , 7.32 , 8.0 , 8 , 10
2 , 7.3 , 8.0 , 8 , 10
2 , 7.3 , 8.0 , 8 , 10
2 , 7.3 , 8.0 , 8 , 10
2 , 7.3 , 8.0 , 8 , 10
2 , 7.3 , 8.0 , 8 , 10
2 , 7.3 , 8.0 , 8 , 10
2 , 7.3 , 8.0 , 8 , 10
2 , 7.22 , 8.0 , 8 , 10
2 , 7.22 , 8.0 , 8 , 10
2 , 7.18 , 8.0 , 8 , 10
2 , 7.18 , 8.0 , 8 , 10
2 , 7.18 , 8.0 , 8 , 10
2 , 7.16 , 8.0 , 8 , 10
2 , 7.14 , 8.0 , 8 , 8
2 , 7.14 , 8.0 , 8 , 8
2 , 7.14 , 8.0 , 8 , 8
2 , 7.14 , 8.0 , 8 , 8
2 , 7.14 , 8.0 , 8 , 8
2 , 7.14 , 8.0 , 8 , 8
2 , 7.14 , 8.0 , 8 , 8
2 , 7.14 , 8.0 , 8 , 8
2 , 7.14 , 8.0 , 8 , 8
2 , 7.14 , 8.0 , 8 , 8
2 , 7.12 , 8.0 , 8 , 8
2 , 7.1 , 8.0 , 8 , 8
2 , 7.1 , 8.0 , 8 , 8
2 , 7.1 , 8.0 , 8 , 8
2 , 7.1 , 8.0 , 8 , 8
2 , 7.08 , 8.0 , 8 , 8
2 , 7.08 , 8.0 , 8 , 8
2 , 7.08 , 8.0 , 8 , 8
2 , 7.06 , 8.0 , 8 , 8
2 , 7.06 , 8.0 , 8 , 8
2 , 7.06 , 8.0 , 8 , 8
2 , 7.06 , 8.0 , 8 , 8
2 , 7.06 , 8.0 , 8 , 8
2 , 7.02 , 8.0 , 8 , 8
2 , 7.02 , 8.0 , 8 , 8
2 , 7.0 , 8.0 , 8 , 8
2 , 7.0 , 8.0 , 8 , 8
2 , 7.0 , 8.0 , 8 , 8
2 , 7.0 , 8.0 , 8 , 8
2 , 6.98 , 8.0 , 8 , 8
2 , 6.94 , 8.0 , 8 , 8
2 , 6.94 , 8.0 , 8 , 8
2 , 6.94 , 8.0 , 8 , 8
2 , 6.94 , 8.0 , 8 , 8
2 , 6.94 , 8.0 , 8 , 8
2 , 6.92 , 8.0 , 8 , 8
2 , 6.92 , 8.0 , 8 , 8
2 , 6.92 , 8.0 , 8 , 8
2 , 6.92 , 8.0 , 8 , 8
2 , 6.92 , 8.0 , 8 , 8
2 , 6.92 , 8.0 , 8 , 8
2 , 6.92 , 8.0 , 8 , 8
2 , 6.88 , 8.0 , 8 , 8
2 , 6.88 , 8.0 , 8 , 8
2 , 6.88 , 8.0 , 8 , 8
2 , 6.88 , 8.0 , 8 , 8
2 , 6.88 , 8.0 , 8 , 8
2 , 6.86 , 8.0 , 8 , 8
2 , 6.86 , 8.0 , 8 , 8
2 , 6.86 , 8.0 , 8 , 8
2 , 6.86 , 8.0 , 8 , 8
2 , 6.82 , 8.0 , 8 , 8
2 , 6.82 , 8.0 , 8 , 8
2 , 6.82 , 8.0 , 8 , 8
2 , 6.82 , 8.0 , 8 , 8
2 , 6.82 , 8.0 , 8 , 8
2 , 6.82 , 8.0 , 8 , 8
2 , 6.82 , 8.0 , 8 , 8
2 , 6.82 , 8.0 , 8 , 8
2 , 6.82 , 8.0 , 8 , 8
2 , 6.82 , 8.0 , 8 , 8
2 , 6.82 , 8.0 , 8 , 8
2 , 6.82 , 8.0 , 8 , 8
2 , 6.8 , 8.0 , 8 , 8
2 , 6.8 , 8.0 , 8 , 8
2 , 6.8 , 8.0 , 8 , 8
2 , 6.8 , 8.0 , 8 , 8
2 , 6.8 , 8.0 , 8 , 8
2 , 6.78 , 8.0 , 8 , 8
2 , 6.78 , 8.0 , 8 , 8
2 , 6.78 , 8.0 , 8 , 8
2 , 6.78 , 8.0 , 8 , 8
2 , 6.76 , 7.0 , 8 , 8
2 , 6.76 , 7.0 , 8 , 8
2 , 6.76 , 7.0 , 8 , 8
2 , 6.76 , 7.0 , 8 , 8
2 , 6.76 , 7.0 , 8 , 8
2 , 6.76 , 7.0 , 8 , 8
2 , 6.74 , 6.0 , 8 , 8
2 , 6.74 , 6.0 , 8 , 8
2 , 6.74 , 6.0 , 8 , 8
2 , 6.74 , 6.0 , 8 , 8
2 , 6.72 , 6.0 , 8 , 8
2 , 6.72 , 6.0 , 8 , 8
2 , 6.72 , 6.0 , 8 , 8
2 , 6.72 , 6.0 , 8 , 8
2 , 6.7 , 6.0 , 8 , 8
2 , 6.7 , 6.0 , 8 , 8
2 , 6.68 , 6.0 , 8 , 8
2 , 6.68 , 6.0 , 8 , 8
2 , 6.68 , 6.0 , 8 , 8
2 , 6.68 , 6.0 , 8 , 8
2 , 6.68 , 6.0 , 8 , 8
2 , 6.68 , 6.0 , 8 , 8
2 , 6.68 , 6.0 , 8 , 8
2 , 6.68 , 6.0 , 8 , 8
2 , 6.64 , 6.0 , 8 , 8
2 , 6.64 , 6.0 , 8 , 8
2 , 6.64 , 6.0 , 8 , 8
2 , 6.64 , 6.0 , 8 , 8
2 , 6.64 , 6.0 , 8 , 8
2 , 6.64 , 6.0 , 8 , 8
2 , 6.62 , 6.0 , 6 , 8
2 , 6.62 , 6.0 , 6 , 8
2 , 6.62 , 6.0 , 6 , 8
2 , 6.62 , 6.0 , 6 , 8
2 , 6.62 , 6.0 , 6 , 8
2 , 6.6 , 6.0 , 6 , 8
2 , 6.6 , 6.0 , 6 , 8
2 , 6.6 , 6.0 , 6 , 8
2 , 6.6 , 6.0 , 6 , 8
2 , 6.6 , 6.0 , 6 , 8
2 , 6.58 , 6.0 , 6 , 8
2 , 6.58 , 6.0 , 6 , 8
2 , 6.58 , 6.0 , 6 , 8
2 , 6.58 , 6.0 , 6 , 8
2 , 6.58 , 6.0 , 6 , 8
2 , 6.58 , 6.0 , 6 , 8
2 , 6.58 , 6.0 , 6 , 8
2 , 6.58 , 6.0 , 6 , 8
2 , 6.58 , 6.0 , 6 , 8
2 , 6.56 , 6.0 , 6 , 8
2 , 6.56 , 6.0 , 6 , 8
2 , 6.56 , 6.0 , 6 , 8
2 , 6.56 , 6.0 , 6 , 8
2 , 6.56 , 6.0 , 6 , 8
2 , 6.56 , 6.0 , 6 , 8
2 , 6.56 , 6.0 , 6 , 8
2 , 6.54 , 6.0 , 6 , 8
2 , 6.54 , 6.0 , 6 , 8
2 , 6.54 , 6.0 , 6 , 8
2 , 6.54 , 6.0 , 6 , 8
2 , 6.54 , 6.0 , 6 , 8
2 , 6.54 , 6.0 , 6 , 8
2 , 6.54 , 6.0 , 6 , 8
2 , 6.54 , 6.0 , 6 , 8
2 , 6.54 , 6.0 , 6 , 8
2 , 6.52 , 6.0 , 6 , 8
2 , 6.48 , 6.0 , 6 , 8
2 , 6.48 , 6.0 , 6 , 8
2 , 6.48 , 6.0 , 6 , 8
2 , 6.46 , 6.0 , 6 , 8
2 , 6.46 , 6.0 , 6 , 8
2 , 6.46 , 6.0 , 6 , 8
2 , 6.46 , 6.0 , 6 , 8
2 , 6.4 , 6.0 , 6 , 8
2 , 6.4 , 6.0 , 6 , 8
2 , 6.38 , 6.0 , 6 , 8
2 , 6.38 , 6.0 , 6 , 8
2 , 6.38 , 6.0 , 6 , 8
2 , 6.38 , 6.0 , 6 , 8
2 , 6.38 , 6.0 , 6 , 8
2 , 6.38 , 6.0 , 6 , 8
2 , 6.38 , 6.0 , 6 , 8
2 , 6.38 , 6.0 , 6 , 8
2 , 6.38 , 6.0 , 6 , 8
2 , 6.38 , 6.0 , 6 , 8
2 , 6.38 , 6.0 , 6 , 8
2 , 6.38 , 6.0 , 6 , 8
2 , 6.36 , 6.0 , 6 , 8
2 , 6.36 , 6.0 , 6 , 8
2 , 6.34 , 6.0 , 6 , 8
2 , 6.34 , 6.0 , 6 , 8
2 , 6.34 , 6.0 , 6 , 8
2 , 6.34 , 6.0 , 6 , 8
2 , 6.3 , 6.0 , 6 , 8
2 , 6.3 , 6.0 , 6 , 8
2 , 6.3 , 6.0 , 6 , 8
2 , 6.26 , 6.0 , 6 , 8
2 , 6.26 , 6.0 , 6 , 8
2 , 6.26 , 6.0 , 6 , 8
2 , 6.24 , 6.0 , 6 , 8
2 , 6.24 , 6.0 , 6 , 8
2 , 6.22 , 6.0 , 6 , 8
2 , 6.22 , 6.0 , 6 , 8
2 , 6.22 , 6.0 , 6 , 8
2 , 6.22 , 6.0 , 6 , 8
2 , 6.2 , 6.0 , 6 , 8
2 , 6.2 , 6.0 , 6 , 8
2 , 6.2 , 6.0 , 6 , 8
2 , 6.2 , 6.0 , 6 , 8
2 , 6.2 , 6.0 , 6 , 8
2 , 6.2 , 6.0 , 6 , 8
2 , 6.2 , 6.0 , 6 , 8
2 , 6.2 , 6.0 , 6 , 8
2 , 6.2 , 6.0 , 6 , 8
2 , 6.2 , 6.0 , 6 , 8
2 , 6.2 , 6.0 , 6 , 8
2 , 6.2 , 6.0 , 6 , 8
2 , 6.2 , 6.0 , 6 , 8
2 , 6.2 , 6.0 , 6 , 8
2 , 6.18 , 6.0 , 6 , 8
2 , 6.18 , 6.0 , 6 , 8
2 , 6.14 , 6.0 , 6 , 8
2 , 6.14 , 6.0 , 6 , 8
2 , 6.14 , 6.0 , 6 , 8
2 , 6.12 , 6.0 , 6 , 8
2 , 6.12 , 6.0 , 6 , 8
2 , 6.12 , 6.0 , 6 , 8
2 , 6.12 , 6.0 , 6 , 8
2 , 6.12 , 6.0 , 6 , 8
2 , 6.12 , 6.0 , 6 , 8
2 , 6.12 , 6.0 , 6 , 8
2 , 6.08 , 6.0 , 6 , 8
2 , 6.08 , 6.0 , 6 , 8
2 , 6.08 , 6.0 , 6 , 8
2 , 6.08 , 6.0 , 6 , 8
2 , 6.08 , 6.0 , 6 , 8
2 , 6.08 , 6.0 , 6 , 8
2 , 6.08 , 6.0 , 6 , 8
2 , 6.06 , 6.0 , 6 , 8
2 , 6.06 , 6.0 , 6 , 8
2 , 6.06 , 6.0 , 6 , 8
2 , 6.06 , 6.0 , 6 , 8
2 , 6.06 , 6.0 , 6 , 8
2 , 6.06 , 6.0 , 6 , 8
2 , 6.06 , 6.0 , 6 , 8
2 , 6.06 , 6.0 , 6 , 8
2 , 6.06 , 6.0 , 6 , 8
2 , 6.06 , 6.0 , 6 , 8
2 , 6.06 , 6.0 , 6 , 8
2 , 6.06 , 6.0 , 6 , 8
2 , 6.06 , 6.0 , 6 , 8
2 , 6.06 , 6.0 , 6 , 8
2 , 6.06 , 6.0 , 6 , 8
2 , 6.04 , 6.0 , 6 , 8
2 , 6.04 , 6.0 , 6 , 8
2 , 6.04 , 6.0 , 6 , 8
2 , 6.04 , 6.0 , 6 , 8
2 , 6.02 , 6.0 , 6 , 8
2 , 6.02 , 6.0 , 6 , 8
2 , 5.98 , 6.0 , 6 , 8
2 , 5.96 , 6.0 , 6 , 8
2 , 5.96 , 6.0 , 6 , 8
2 , 5.96 , 6.0 , 6 , 8
2 , 5.9 , 6.0 , 6 , 8
2 , 5.88 , 6.0 , 6 , 8
2 , 5.86 , 6.0 , 6 , 8
2 , 5.86 , 6.0 , 6 , 8
2 , 5.86 , 6.0 , 6 , 8
2 , 5.86 , 6.0 , 6 , 8
2 , 5.86 , 6.0 , 6 , 8
2 , 5.86 , 6.0 , 6 , 8
2 , 5.86 , 6.0 , 6 , 8
2 , 5.86 , 6.0 , 6 , 8
2 , 5.86 , 6.0 , 6 , 8
2 , 5.86 , 6.0 , 6 , 8
2 , 5.86 , 6.0 , 6 , 8
2 , 5.86 , 6.0 , 6 , 8
2 , 5.86 , 6.0 , 6 , 8
2 , 5.84 , 6.0 , 6 , 8
2 , 5.84 , 6.0 , 6 , 8
2 , 5.84 , 6.0 , 6 , 8
2 , 5.82 , 6.0 , 6 , 8
2 , 5.82 , 6.0 , 6 , 8
2 , 5.82 , 6.0 , 6 , 8
2 , 5.82 , 6.0 , 6 , 8
2 , 5.82 , 6.0 , 6 , 8
2 , 5.82 , 6.0 , 6 , 8
2 , 5.82 , 6.0 , 6 , 8
2 , 5.82 , 6.0 , 6 , 8
2 , 5.78 , 6.0 , 6 , 8
2 , 5.78 , 6.0 , 6 , 8
2 , 5.76 , 6.0 , 6 , 8
2 , 5.76 , 6.0 , 6 , 8
2 , 5.74 , 6.0 , 6 , 8
2 , 5.72 , 6.0 , 6 , 8
2 , 5.72 , 6.0 , 6 , 8
2 , 5.68 , 6.0 , 6 , 8
2 , 5.68 , 6.0 , 6 , 8
2 , 5.68 , 6.0 , 6 , 8
2 , 5.68 , 6.0 , 6 , 8
2 , 5.64 , 6.0 , 6 , 8
2 , 5.6 , 6.0 , 6 , 8
2 , 5.58 , 6.0 , 6 , 8
2 , 5.56 , 6.0 , 6 , 8
2 , 5.54 , 6.0 , 6 , 8
2 , 5.54 , 6.0 , 6 , 8
2 , 5.54 , 6.0 , 6 , 8
2 , 5.54 , 6.0 , 6 , 8
2 , 5.52 , 6.0 , 6 , 8
2 , 5.52 , 6.0 , 6 , 8
2 , 5.52 , 6.0 , 6 , 8
2 , 5.5 , 6.0 , 6 , 6
2 , 5.5 , 6.0 , 6 , 6
2 , 5.5 , 6.0 , 6 , 6
2 , 5.5 , 6.0 , 6 , 6
2 , 5.5 , 6.0 , 6 , 6
2 , 5.5 , 6.0 , 6 , 6
2 , 5.5 , 6.0 , 6 , 6
2 , 5.5 , 6.0 , 6 , 6
2 , 5.5 , 6.0 , 6 , 6
2 , 5.5 , 6.0 , 6 , 6
2 , 5.5 , 6.0 , 6 , 6
2 , 5.5 , 6.0 , 6 , 6
2 , 5.46 , 6.0 , 6 , 6
2 , 5.46 , 6.0 , 6 , 6
2 , 5.46 , 6.0 , 6 , 6
2 , 5.46 , 6.0 , 6 , 6
2 , 5.46 , 6.0 , 6 , 6
2 , 5.46 , 6.0 , 6 , 6
2 , 5.46 , 6.0 , 6 , 6
2 , 5.44 , 6.0 , 6 , 6
2 , 5.44 , 6.0 , 6 , 6
2 , 5.44 , 6.0 , 6 , 6
2 , 5.44 , 6.0 , 6 , 6
2 , 5.44 , 6.0 , 6 , 6
2 , 5.44 , 6.0 , 6 , 6
2 , 5.44 , 6.0 , 6 , 6
2 , 5.42 , 6.0 , 6 , 6
2 , 5.42 , 6.0 , 6 , 6
2 , 5.42 , 6.0 , 6 , 6
2 , 5.42 , 6.0 , 6 , 6
2 , 5.42 , 6.0 , 6 , 6
2 , 5.42 , 6.0 , 6 , 6
2 , 5.4 , 6.0 , 6 , 6
2 , 5.4 , 6.0 , 6 , 6
2 , 5.4 , 6.0 , 6 , 6
2 , 5.4 , 6.0 , 6 , 6
2 , 5.4 , 6.0 , 6 , 6
2 , 5.4 , 6.0 , 6 , 6
2 , 5.4 , 6.0 , 6 , 6
2 , 5.4 , 6.0 , 6 , 6
2 , 5.4 , 6.0 , 6 , 6
2 , 5.4 , 6.0 , 6 , 6
2 , 5.4 , 6.0 , 6 , 6
2 , 5.4 , 6.0 , 6 , 6
2 , 5.4 , 6.0 , 6 , 6
2 , 5.4 , 6.0 , 6 , 6
2 , 5.4 , 6.0 , 6 , 6
2 , 5.4 , 6.0 , 6 , 6
2 , 5.4 , 6.0 , 6 , 6
2 , 5.4 , 6.0 , 6 , 6
2 , 5.4 , 6.0 , 6 , 6
2 , 5.4 , 6.0 , 6 , 6
2 , 5.38 , 6.0 , 6 , 6
2 , 5.38 , 6.0 , 6 , 6
2 , 5.38 , 6.0 , 6 , 6
2 , 5.38 , 6.0 , 6 , 6
2 , 5.38 , 6.0 , 6 , 6
2 , 5.38 , 6.0 , 6 , 6
2 , 5.38 , 6.0 , 6 , 6
2 , 5.38 , 6.0 , 6 , 6
2 , 5.38 , 6.0 , 6 , 6
2 , 5.38 , 6.0 , 6 , 6
2 , 5.38 , 6.0 , 6 , 6
2 , 5.38 , 6.0 , 6 , 6
2 , 5.38 , 6.0 , 6 , 6
2 , 5.38 , 6.0 , 6 , 6
2 , 5.38 , 6.0 , 6 , 6
2 , 5.38 , 6.0 , 6 , 6
2 , 5.38 , 6.0 , 6 , 6
2 , 5.38 , 6.0 , 6 , 6
2 , 5.38 , 6.0 , 6 , 6
2 , 5.38 , 6.0 , 6 , 6
2 , 5.38 , 6.0 , 6 , 6
2 , 5.38 , 6.0 , 6 , 6
2 , 5.38 , 6.0 , 6 , 6
2 , 5.38 , 6.0 , 6 , 6
2 , 5.38 , 6.0 , 6 , 6
2 , 5.38 , 6.0 , 6 , 6
2 , 5.38 , 6.0 , 6 , 6
2 , 5.36 , 6.0 , 6 , 6
2 , 5.36 , 6.0 , 6 , 6
2 , 5.36 , 6.0 , 6 , 6
2 , 5.36 , 6.0 , 6 , 6
2 , 5.36 , 6.0 , 6 , 6
2 , 5.36 , 6.0 , 6 , 6
2 , 5.36 , 6.0 , 6 , 6
2 , 5.36 , 6.0 , 6 , 6
2 , 5.34 , 6.0 , 6 , 6
2 , 5.34 , 6.0 , 6 , 6
2 , 5.34 , 6.0 , 6 , 6
2 , 5.34 , 6.0 , 6 , 6
2 , 5.32 , 6.0 , 6 , 6
2 , 5.32 , 6.0 , 6 , 6
2 , 5.32 , 6.0 , 6 , 6
2 , 5.32 , 6.0 , 6 , 6
2 , 5.32 , 6.0 , 6 , 6
2 , 5.32 , 6.0 , 6 , 6
2 , 5.32 , 6.0 , 6 , 6
2 , 5.32 , 6.0 , 6 , 6
2 , 5.32 , 6.0 , 6 , 6
2 , 5.32 , 6.0 , 6 , 6
2 , 5.32 , 6.0 , 6 , 6
2 , 5.28 , 6.0 , 6 , 6
2 , 5.28 , 6.0 , 6 , 6
2 , 5.28 , 6.0 , 6 , 6
2 , 5.28 , 6.0 , 6 , 6
2 , 5.28 , 6.0 , 6 , 6
2 , 5.28 , 6.0 , 6 , 6
2 , 5.28 , 6.0 , 6 , 6
2 , 5.28 , 6.0 , 6 , 6
2 , 5.28 , 6.0 , 6 , 6
2 , 5.28 , 6.0 , 6 , 6
2 , 5.28 , 6.0 , 6 , 6
2 , 5.28 , 6.0 , 6 , 6
2 , 5.28 , 6.0 , 6 , 6
2 , 5.28 , 6.0 , 6 , 6
2 , 5.28 , 6.0 , 6 , 6
2 , 5.26 , 6.0 , 6 , 6
2 , 5.26 , 6.0 , 6 , 6
2 , 5.26 , 6.0 , 6 , 6
2 , 5.26 , 6.0 , 6 , 6
2 , 5.26 , 6.0 , 6 , 6
2 , 5.26 , 6.0 , 6 , 6
2 , 5.24 , 6.0 , 6 , 6
2 , 5.24 , 6.0 , 6 , 6
2 , 5.24 , 6.0 , 6 , 6
2 , 5.24 , 6.0 , 6 , 6
2 , 5.24 , 6.0 , 6 , 6
2 , 5.22 , 6.0 , 6 , 6
2 , 5.22 , 6.0 , 6 , 6
2 , 5.22 , 6.0 , 6 , 6
2 , 5.22 , 6.0 , 6 , 6
2 , 5.22 , 6.0 , 6 , 6
2 , 5.2 , 6.0 , 6 , 6
2 , 5.2 , 6.0 , 6 , 6
2 , 5.18 , 6.0 , 6 , 6
2 , 5.18 , 6.0 , 6 , 6
2 , 5.18 , 6.0 , 6 , 6
2 , 5.18 , 6.0 , 6 , 6
2 , 5.18 , 6.0 , 6 , 6
2 , 5.18 , 6.0 , 6 , 6
2 , 5.18 , 6.0 , 6 , 6
2 , 5.18 , 6.0 , 6 , 6
2 , 5.18 , 6.0 , 6 , 6
2 , 5.18 , 6.0 , 6 , 6
2 , 5.18 , 6.0 , 6 , 6
2 , 5.16 , 6.0 , 6 , 6
2 , 5.16 , 6.0 , 6 , 6
2 , 5.16 , 6.0 , 6 , 6
2 , 5.16 , 6.0 , 6 , 6
2 , 5.16 , 6.0 , 6 , 6
2 , 5.16 , 6.0 , 6 , 6
2 , 5.16 , 6.0 , 6 , 6
2 , 5.16 , 6.0 , 6 , 6
2 , 5.16 , 6.0 , 6 , 6
2 , 5.16 , 6.0 , 6 , 6
2 , 5.14 , 6.0 , 6 , 6
2 , 5.14 , 6.0 , 6 , 6
2 , 5.14 , 6.0 , 6 , 6
2 , 5.14 , 6.0 , 6 , 6
2 , 5.12 , 6.0 , 6 , 6
2 , 5.1 , 6.0 , 6 , 6
2 , 5.1 , 6.0 , 6 , 6
2 , 5.1 , 6.0 , 6 , 6
2 , 5.04 , 6.0 , 6 , 6
2 , 5.04 , 6.0 , 6 , 6
2 , 5.04 , 6.0 , 6 , 6
2 , 5.04 , 6.0 , 6 , 6
2 , 5.0 , 6.0 , 6 , 6
2 , 5.0 , 6.0 , 6 , 6
2 , 5.0 , 6.0 , 6 , 6
2 , 5.0 , 6.0 , 6 , 6
2 , 5.0 , 6.0 , 6 , 6
2 , 5.0 , 6.0 , 6 , 6
2 , 5.0 , 6.0 , 6 , 6
2 , 5.0 , 6.0 , 6 , 6
2 , 5.0 , 6.0 , 6 , 6
2 , 5.0 , 6.0 , 6 , 6
2 , 5.0 , 6.0 , 6 , 6
2 , 5.0 , 6.0 , 6 , 6
2 , 5.0 , 6.0 , 6 , 6
2 , 5.0 , 6.0 , 6 , 6
2 , 5.0 , 6.0 , 6 , 6
2 , 5.0 , 6.0 , 6 , 6
2 , 5.0 , 6.0 , 6 , 6
2 , 4.98 , 6.0 , 6 , 6
2 , 4.98 , 6.0 , 6 , 6
2 , 4.98 , 6.0 , 6 , 6
2 , 4.96 , 6.0 , 6 , 6
2 , 4.96 , 6.0 , 6 , 6
2 , 4.96 , 6.0 , 6 , 6
2 , 4.96 , 6.0 , 6 , 6
2 , 4.96 , 6.0 , 6 , 6
2 , 4.94 , 6.0 , 6 , 6
2 , 4.94 , 6.0 , 6 , 6
2 , 4.94 , 6.0 , 6 , 6
2 , 4.94 , 6.0 , 6 , 6
2 , 4.94 , 6.0 , 6 , 6
2 , 4.92 , 6.0 , 6 , 6
2 , 4.92 , 6.0 , 6 , 6
2 , 4.88 , 6.0 , 6 , 6
2 , 4.88 , 6.0 , 6 , 6
2 , 4.88 , 6.0 , 6 , 6
2 , 4.88 , 6.0 , 6 , 6
2 , 4.86 , 5.0 , 6 , 6
2 , 4.84 , 4.0 , 6 , 6
2 , 4.84 , 4.0 , 6 , 6
2 , 4.84 , 4.0 , 6 , 6
2 , 4.84 , 4.0 , 6 , 6
2 , 4.82 , 4.0 , 6 , 6
2 , 4.82 , 4.0 , 6 , 6
2 , 4.82 , 4.0 , 6 , 6
2 , 4.82 , 4.0 , 6 , 6
2 , 4.82 , 4.0 , 6 , 6
2 , 4.82 , 4.0 , 6 , 6
2 , 4.82 , 4.0 , 6 , 6
2 , 4.8 , 4.0 , 6 , 6
2 , 4.8 , 4.0 , 6 , 6
2 , 4.78 , 4.0 , 4 , 6
2 , 4.78 , 4.0 , 4 , 6
2 , 4.78 , 4.0 , 4 , 6
2 , 4.78 , 4.0 , 4 , 6
2 , 4.78 , 4.0 , 4 , 6
2 , 4.78 , 4.0 , 4 , 6
2 , 4.78 , 4.0 , 4 , 6
2 , 4.78 , 4.0 , 4 , 6
2 , 4.76 , 4.0 , 4 , 6
2 , 4.76 , 4.0 , 4 , 6
2 , 4.74 , 4.0 , 4 , 6
2 , 4.74 , 4.0 , 4 , 6
2 , 4.74 , 4.0 , 4 , 6
2 , 4.74 , 4.0 , 4 , 6
2 , 4.72 , 4.0 , 4 , 6
2 , 4.72 , 4.0 , 4 , 6
2 , 4.72 , 4.0 , 4 , 6
2 , 4.72 , 4.0 , 4 , 6
2 , 4.72 , 4.0 , 4 , 6
2 , 4.72 , 4.0 , 4 , 6
2 , 4.72 , 4.0 , 4 , 6
2 , 4.72 , 4.0 , 4 , 6
2 , 4.72 , 4.0 , 4 , 6
2 , 4.7 , 4.0 , 4 , 6
2 , 4.7 , 4.0 , 4 , 6
2 , 4.7 , 4.0 , 4 , 6
2 , 4.7 , 4.0 , 4 , 6
2 , 4.7 , 4.0 , 4 , 6
2 , 4.7 , 4.0 , 4 , 6
2 , 4.7 , 4.0 , 4 , 6
2 , 4.7 , 4.0 , 4 , 6
2 , 4.68 , 4.0 , 4 , 6
2 , 4.68 , 4.0 , 4 , 6
2 , 4.68 , 4.0 , 4 , 6
2 , 4.66 , 4.0 , 4 , 6
2 , 4.66 , 4.0 , 4 , 6
2 , 4.66 , 4.0 , 4 , 6
2 , 4.66 , 4.0 , 4 , 6
2 , 4.66 , 4.0 , 4 , 6
2 , 4.66 , 4.0 , 4 , 6
2 , 4.66 , 4.0 , 4 , 6
2 , 4.66 , 4.0 , 4 , 6
2 , 4.64 , 4.0 , 4 , 6
2 , 4.64 , 4.0 , 4 , 6
2 , 4.64 , 4.0 , 4 , 6
2 , 4.64 , 4.0 , 4 , 6
2 , 4.64 , 4.0 , 4 , 6
2 , 4.64 , 4.0 , 4 , 6
2 , 4.64 , 4.0 , 4 , 6
2 , 4.64 , 4.0 , 4 , 6
2 , 4.64 , 4.0 , 4 , 6
2 , 4.64 , 4.0 , 4 , 6
2 , 4.64 , 4.0 , 4 , 6
2 , 4.62 , 4.0 , 4 , 6
2 , 4.62 , 4.0 , 4 , 6
2 , 4.56 , 4.0 , 4 , 6
2 , 4.56 , 4.0 , 4 , 6
2 , 4.56 , 4.0 , 4 , 6
2 , 4.56 , 4.0 , 4 , 6
2 , 4.56 , 4.0 , 4 , 6
2 , 4.56 , 4.0 , 4 , 6
2 , 4.56 , 4.0 , 4 , 6
2 , 4.54 , 4.0 , 4 , 6
2 , 4.54 , 4.0 , 4 , 6
2 , 4.54 , 4.0 , 4 , 6
2 , 4.54 , 4.0 , 4 , 6
2 , 4.54 , 4.0 , 4 , 6
2 , 4.54 , 4.0 , 4 , 6
2 , 4.52 , 4.0 , 4 , 6
2 , 4.52 , 4.0 , 4 , 6
2 , 4.52 , 4.0 , 4 , 6
2 , 4.52 , 4.0 , 4 , 6
2 , 4.52 , 4.0 , 4 , 6
2 , 4.52 , 4.0 , 4 , 6
2 , 4.52 , 4.0 , 4 , 6
2 , 4.52 , 4.0 , 4 , 6
2 , 4.52 , 4.0 , 4 , 6
2 , 4.52 , 4.0 , 4 , 6
2 , 4.52 , 4.0 , 4 , 6
2 , 4.52 , 4.0 , 4 , 6
2 , 4.52 , 4.0 , 4 , 6
2 , 4.5 , 4.0 , 4 , 6
2 , 4.5 , 4.0 , 4 , 6
2 , 4.5 , 4.0 , 4 , 6
2 , 4.5 , 4.0 , 4 , 6
2 , 4.5 , 4.0 , 4 , 6
2 , 4.5 , 4.0 , 4 , 6
2 , 4.5 , 4.0 , 4 , 6
2 , 4.5 , 4.0 , 4 , 6
2 , 4.5 , 4.0 , 4 , 6
2 , 4.48 , 4.0 , 4 , 6
2 , 4.48 , 4.0 , 4 , 6
2 , 4.48 , 4.0 , 4 , 6
2 , 4.48 , 4.0 , 4 , 6
2 , 4.48 , 4.0 , 4 , 6
2 , 4.48 , 4.0 , 4 , 6
2 , 4.48 , 4.0 , 4 , 6
2 , 4.48 , 4.0 , 4 , 6
2 , 4.48 , 4.0 , 4 , 6
2 , 4.48 , 4.0 , 4 , 6
2 , 4.48 , 4.0 , 4 , 6
2 , 4.48 , 4.0 , 4 , 6
2 , 4.48 , 4.0 , 4 , 6
2 , 4.48 , 4.0 , 4 , 6
2 , 4.48 , 4.0 , 4 , 6
2 , 4.44 , 4.0 , 4 , 6
2 , 4.42 , 4.0 , 4 , 6
2 , 4.42 , 4.0 , 4 , 6
2 , 4.42 , 4.0 , 4 , 6
2 , 4.42 , 4.0 , 4 , 6
2 , 4.42 , 4.0 , 4 , 6
2 , 4.42 , 4.0 , 4 , 6
2 , 4.42 , 4.0 , 4 , 6
2 , 4.42 , 4.0 , 4 , 6
2 , 4.4 , 4.0 , 4 , 6
2 , 4.4 , 4.0 , 4 , 6
2 , 4.4 , 4.0 , 4 , 6
2 , 4.38 , 4.0 , 4 , 6
2 , 4.38 , 4.0 , 4 , 6
2 , 4.38 , 4.0 , 4 , 6
2 , 4.38 , 4.0 , 4 , 6
2 , 4.34 , 4.0 , 4 , 6
2 , 4.34 , 4.0 , 4 , 6
2 , 4.32 , 4.0 , 4 , 6
2 , 4.32 , 4.0 , 4 , 6
2 , 4.3 , 4.0 , 4 , 6
2 , 4.3 , 4.0 , 4 , 6
2 , 4.3 , 4.0 , 4 , 6
2 , 4.3 , 4.0 , 4 , 6
2 , 4.3 , 4.0 , 4 , 6
2 , 4.28 , 4.0 , 4 , 6
2 , 4.26 , 4.0 , 4 , 6
2 , 4.26 , 4.0 , 4 , 6
2 , 4.24 , 4.0 , 4 , 6
2 , 4.24 , 4.0 , 4 , 6
2 , 4.24 , 4.0 , 4 , 6
2 , 4.24 , 4.0 , 4 , 6
2 , 4.24 , 4.0 , 4 , 6
2 , 4.24 , 4.0 , 4 , 6
2 , 4.24 , 4.0 , 4 , 6
2 , 4.24 , 4.0 , 4 , 6
2 , 4.24 , 4.0 , 4 , 6
2 , 4.22 , 4.0 , 4 , 6
2 , 4.22 , 4.0 , 4 , 6
2 , 4.22 , 4.0 , 4 , 6
2 , 4.2 , 4.0 , 4 , 6
2 , 4.16 , 4.0 , 4 , 6
2 , 4.16 , 4.0 , 4 , 6
2 , 4.14 , 4.0 , 4 , 6
2 , 4.14 , 4.0 , 4 , 6
2 , 4.14 , 4.0 , 4 , 6
2 , 4.14 , 4.0 , 4 , 6
2 , 4.14 , 4.0 , 4 , 6
2 , 4.14 , 4.0 , 4 , 6
2 , 4.14 , 4.0 , 4 , 6
2 , 4.14 , 4.0 , 4 , 6
2 , 4.14 , 4.0 , 4 , 6
2 , 4.14 , 4.0 , 4 , 6
2 , 4.14 , 4.0 , 4 , 6
2 , 4.12 , 4.0 , 4 , 6
2 , 4.12 , 4.0 , 4 , 6
2 , 4.12 , 4.0 , 4 , 6
2 , 4.1 , 4.0 , 4 , 6
2 , 4.1 , 4.0 , 4 , 6
2 , 4.1 , 4.0 , 4 , 6
2 , 4.1 , 4.0 , 4 , 6
2 , 4.1 , 4.0 , 4 , 6
2 , 4.1 , 4.0 , 4 , 6
2 , 4.1 , 4.0 , 4 , 6
2 , 4.1 , 4.0 , 4 , 6
2 , 4.1 , 4.0 , 4 , 6
2 , 4.08 , 4.0 , 4 , 6
2 , 4.08 , 4.0 , 4 , 6
2 , 4.08 , 4.0 , 4 , 6
2 , 4.08 , 4.0 , 4 , 6
2 , 4.08 , 4.0 , 4 , 6
2 , 4.08 , 4.0 , 4 , 6
2 , 4.08 , 4.0 , 4 , 6
2 , 4.08 , 4.0 , 4 , 6
2 , 4.06 , 4.0 , 4 , 6
2 , 4.06 , 4.0 , 4 , 6
2 , 4.06 , 4.0 , 4 , 6
2 , 4.02 , 4.0 , 4 , 6
2 , 4.02 , 4.0 , 4 , 6
2 , 4.02 , 4.0 , 4 , 6
2 , 4.02 , 4.0 , 4 , 6
2 , 4.02 , 4.0 , 4 , 6
2 , 4.02 , 4.0 , 4 , 6
2 , 4.02 , 4.0 , 4 , 6
2 , 4.02 , 4.0 , 4 , 6
2 , 3.98 , 4.0 , 4 , 6
2 , 3.96 , 4.0 , 4 , 6
2 , 3.96 , 4.0 , 4 , 6
2 , 3.96 , 4.0 , 4 , 6
2 , 3.94 , 4.0 , 4 , 6
2 , 3.92 , 4.0 , 4 , 6
2 , 3.92 , 4.0 , 4 , 6
2 , 3.92 , 4.0 , 4 , 6
2 , 3.92 , 4.0 , 4 , 6
2 , 3.92 , 4.0 , 4 , 6
2 , 3.92 , 4.0 , 4 , 6
2 , 3.92 , 4.0 , 4 , 6
2 , 3.92 , 4.0 , 4 , 6
2 , 3.92 , 4.0 , 4 , 6
2 , 3.92 , 4.0 , 4 , 6
2 , 3.92 , 4.0 , 4 , 6
2 , 3.92 , 4.0 , 4 , 6
2 , 3.88 , 4.0 , 4 , 6
2 , 3.82 , 4.0 , 4 , 6
2 , 3.82 , 4.0 , 4 , 6
2 , 3.82 , 4.0 , 4 , 6
2 , 3.82 , 4.0 , 4 , 6
2 , 3.82 , 4.0 , 4 , 6
2 , 3.8 , 4.0 , 4 , 6
2 , 3.8 , 4.0 , 4 , 6
2 , 3.8 , 4.0 , 4 , 6
2 , 3.8 , 4.0 , 4 , 6
2 , 3.8 , 4.0 , 4 , 6
2 , 3.8 , 4.0 , 4 , 6
2 , 3.8 , 4.0 , 4 , 6
2 , 3.8 , 4.0 , 4 , 6
2 , 3.8 , 4.0 , 4 , 6
2 , 3.8 , 4.0 , 4 , 6
2 , 3.8 , 4.0 , 4 , 6
2 , 3.78 , 4.0 , 4 , 6
2 , 3.78 , 4.0 , 4 , 6
2 , 3.78 , 4.0 , 4 , 6
2 , 3.78 , 4.0 , 4 , 6
2 , 3.76 , 4.0 , 4 , 6
2 , 3.72 , 4.0 , 4 , 4
2 , 3.72 , 4.0 , 4 , 4
2 , 3.72 , 4.0 , 4 , 4
2 , 3.72 , 4.0 , 4 , 4
2 , 3.72 , 4.0 , 4 , 4
2 , 3.72 , 4.0 , 4 , 4
2 , 3.72 , 4.0 , 4 , 4
0  Perfect solutions
perfect solution individuals []
