8 , 15.54 , 14.0 , 14 , 26
8 , 15.32 , 14.0 , 14 , 24
8 , 15.28 , 14.0 , 14 , 24
8 , 15.16 , 14.0 , 14 , 24
2 , 14.92 , 14.0 , 14 , 22
2 , 14.7 , 14.0 , 14 , 22
2 , 14.64 , 14.0 , 14 , 22
2 , 14.52 , 14.0 , 14 , 22
2 , 14.36 , 14.0 , 14 , 22
2 , 14.28 , 14.0 , 14 , 20
2 , 14.22 , 14.0 , 14 , 20
2 , 14.06 , 14.0 , 14 , 20
2 , 14.02 , 14.0 , 14 , 20
2 , 13.94 , 14.0 , 14 , 20
2 , 13.86 , 14.0 , 14 , 20
2 , 13.76 , 14.0 , 14 , 20
2 , 13.6 , 14.0 , 14 , 20
2 , 13.5 , 14.0 , 14 , 18
2 , 13.46 , 14.0 , 14 , 18
2 , 13.42 , 14.0 , 14 , 18
2 , 13.36 , 14.0 , 14 , 18
2 , 13.26 , 14.0 , 14 , 18
2 , 13.12 , 14.0 , 14 , 18
2 , 12.98 , 14.0 , 14 , 18
2 , 12.84 , 14.0 , 14 , 18
2 , 12.68 , 14.0 , 14 , 18
2 , 12.62 , 14.0 , 14 , 18
2 , 12.54 , 14.0 , 14 , 18
2 , 12.48 , 14.0 , 14 , 16
2 , 12.38 , 13.0 , 14 , 16
2 , 12.34 , 13.0 , 14 , 16
2 , 12.26 , 12.0 , 14 , 16
2 , 12.14 , 12.0 , 14 , 16
2 , 12.02 , 12.0 , 14 , 16
2 , 11.98 , 12.0 , 14 , 16
2 , 11.94 , 12.0 , 14 , 16
2 , 11.9 , 12.0 , 14 , 16
2 , 11.82 , 12.0 , 14 , 16
2 , 11.72 , 12.0 , 14 , 14
2 , 11.66 , 12.0 , 14 , 14
2 , 11.6 , 12.0 , 14 , 14
2 , 11.58 , 12.0 , 14 , 14
2 , 11.58 , 12.0 , 14 , 14
2 , 11.48 , 12.0 , 14 , 14
2 , 11.48 , 12.0 , 14 , 14
2 , 11.46 , 12.0 , 14 , 14
2 , 11.44 , 12.0 , 14 , 14
2 , 11.38 , 12.0 , 14 , 14
2 , 11.36 , 12.0 , 14 , 14
2 , 11.28 , 12.0 , 12 , 14
2 , 11.22 , 12.0 , 12 , 14
2 , 11.22 , 12.0 , 12 , 14
2 , 11.16 , 12.0 , 12 , 14
2 , 11.16 , 12.0 , 12 , 14
2 , 11.1 , 12.0 , 12 , 14
2 , 11.08 , 12.0 , 12 , 14
2 , 11.08 , 12.0 , 12 , 14
2 , 11.02 , 12.0 , 12 , 14
2 , 11.02 , 12.0 , 12 , 14
2 , 10.98 , 12.0 , 12 , 14
2 , 10.86 , 12.0 , 12 , 14
2 , 10.84 , 12.0 , 12 , 14
2 , 10.76 , 11.0 , 12 , 14
2 , 10.76 , 11.0 , 12 , 14
2 , 10.68 , 10.0 , 12 , 14
2 , 10.66 , 10.0 , 12 , 14
2 , 10.54 , 10.0 , 12 , 14
2 , 10.52 , 10.0 , 12 , 14
2 , 10.52 , 10.0 , 12 , 14
2 , 10.44 , 10.0 , 12 , 14
2 , 10.44 , 10.0 , 12 , 14
2 , 10.4 , 10.0 , 12 , 14
2 , 10.36 , 10.0 , 12 , 14
2 , 10.3 , 10.0 , 12 , 14
2 , 10.28 , 10.0 , 12 , 14
2 , 10.28 , 10.0 , 12 , 14
2 , 10.24 , 10.0 , 12 , 14
2 , 10.18 , 10.0 , 12 , 14
2 , 10.14 , 10.0 , 10 , 14
2 , 10.1 , 10.0 , 10 , 14
2 , 10.1 , 10.0 , 10 , 14
2 , 10.08 , 10.0 , 10 , 12
2 , 10.08 , 10.0 , 10 , 12
2 , 10.08 , 10.0 , 10 , 12
2 , 10.06 , 10.0 , 10 , 12
2 , 10.02 , 10.0 , 10 , 12
2 , 10.02 , 10.0 , 10 , 12
2 , 10.0 , 10.0 , 10 , 12
2 , 9.96 , 10.0 , 10 , 12
2 , 9.96 , 10.0 , 10 , 12
2 , 9.9 , 10.0 , 10 , 12
2 , 9.88 , 10.0 , 10 , 12
2 , 9.88 , 10.0 , 10 , 12
2 , 9.88 , 10.0 , 10 , 12
2 , 9.78 , 10.0 , 10 , 12
2 , 9.74 , 10.0 , 10 , 12
2 , 9.74 , 10.0 , 10 , 12
2 , 9.74 , 10.0 , 10 , 12
2 , 9.68 , 10.0 , 10 , 12
2 , 9.66 , 10.0 , 10 , 12
2 , 9.66 , 10.0 , 10 , 12
2 , 9.64 , 10.0 , 10 , 12
2 , 9.64 , 10.0 , 10 , 12
2 , 9.62 , 10.0 , 10 , 12
2 , 9.6 , 10.0 , 10 , 12
2 , 9.56 , 10.0 , 10 , 12
2 , 9.56 , 10.0 , 10 , 12
2 , 9.56 , 10.0 , 10 , 12
2 , 9.54 , 10.0 , 10 , 12
2 , 9.5 , 10.0 , 10 , 12
2 , 9.5 , 10.0 , 10 , 12
2 , 9.48 , 10.0 , 10 , 12
2 , 9.48 , 10.0 , 10 , 12
2 , 9.46 , 10.0 , 10 , 12
2 , 9.44 , 10.0 , 10 , 12
2 , 9.34 , 10.0 , 10 , 12
2 , 9.32 , 10.0 , 10 , 12
2 , 9.32 , 10.0 , 10 , 12
2 , 9.3 , 10.0 , 10 , 12
2 , 9.28 , 10.0 , 10 , 12
2 , 9.28 , 10.0 , 10 , 12
2 , 9.26 , 10.0 , 10 , 12
2 , 9.26 , 10.0 , 10 , 12
2 , 9.26 , 10.0 , 10 , 12
2 , 9.22 , 10.0 , 10 , 12
2 , 9.22 , 10.0 , 10 , 12
2 , 9.14 , 10.0 , 10 , 12
2 , 9.08 , 10.0 , 10 , 12
2 , 9.08 , 10.0 , 10 , 12
2 , 9.08 , 10.0 , 10 , 12
2 , 9.0 , 10.0 , 10 , 12
2 , 8.96 , 10.0 , 10 , 10
2 , 8.96 , 10.0 , 10 , 10
2 , 8.96 , 10.0 , 10 , 10
2 , 8.96 , 10.0 , 10 , 10
2 , 8.92 , 10.0 , 10 , 10
2 , 8.9 , 10.0 , 10 , 10
2 , 8.9 , 10.0 , 10 , 10
2 , 8.9 , 10.0 , 10 , 10
2 , 8.88 , 10.0 , 10 , 10
2 , 8.88 , 10.0 , 10 , 10
2 , 8.88 , 10.0 , 10 , 10
2 , 8.88 , 10.0 , 10 , 10
2 , 8.84 , 10.0 , 10 , 10
2 , 8.8 , 10.0 , 10 , 10
2 , 8.8 , 10.0 , 10 , 10
2 , 8.76 , 10.0 , 10 , 10
2 , 8.76 , 10.0 , 10 , 10
2 , 8.76 , 10.0 , 10 , 10
2 , 8.76 , 10.0 , 10 , 10
2 , 8.76 , 10.0 , 10 , 10
2 , 8.72 , 10.0 , 10 , 10
2 , 8.72 , 10.0 , 10 , 10
2 , 8.7 , 10.0 , 10 , 10
2 , 8.7 , 10.0 , 10 , 10
2 , 8.7 , 10.0 , 10 , 10
2 , 8.7 , 10.0 , 10 , 10
2 , 8.68 , 10.0 , 10 , 10
2 , 8.66 , 9.0 , 10 , 10
2 , 8.66 , 9.0 , 10 , 10
2 , 8.66 , 9.0 , 10 , 10
2 , 8.6 , 8.0 , 10 , 10
2 , 8.6 , 8.0 , 10 , 10
2 , 8.6 , 8.0 , 10 , 10
2 , 8.6 , 8.0 , 10 , 10
2 , 8.6 , 8.0 , 10 , 10
2 , 8.6 , 8.0 , 10 , 10
2 , 8.6 , 8.0 , 10 , 10
2 , 8.6 , 8.0 , 10 , 10
2 , 8.6 , 8.0 , 10 , 10
2 , 8.6 , 8.0 , 10 , 10
2 , 8.6 , 8.0 , 10 , 10
2 , 8.6 , 8.0 , 10 , 10
2 , 8.6 , 8.0 , 10 , 10
2 , 8.58 , 8.0 , 10 , 10
2 , 8.58 , 8.0 , 10 , 10
2 , 8.58 , 8.0 , 10 , 10
2 , 8.56 , 8.0 , 10 , 10
2 , 8.56 , 8.0 , 10 , 10
2 , 8.56 , 8.0 , 10 , 10
2 , 8.56 , 8.0 , 10 , 10
2 , 8.56 , 8.0 , 10 , 10
2 , 8.56 , 8.0 , 10 , 10
2 , 8.56 , 8.0 , 10 , 10
2 , 8.56 , 8.0 , 10 , 10
2 , 8.56 , 8.0 , 10 , 10
2 , 8.5 , 8.0 , 10 , 10
2 , 8.5 , 8.0 , 10 , 10
2 , 8.5 , 8.0 , 10 , 10
2 , 8.48 , 8.0 , 10 , 10
2 , 8.48 , 8.0 , 10 , 10
2 , 8.48 , 8.0 , 10 , 10
2 , 8.48 , 8.0 , 10 , 10
2 , 8.48 , 8.0 , 10 , 10
2 , 8.44 , 8.0 , 10 , 10
2 , 8.44 , 8.0 , 10 , 10
2 , 8.44 , 8.0 , 10 , 10
2 , 8.42 , 8.0 , 10 , 10
2 , 8.42 , 8.0 , 10 , 10
2 , 8.42 , 8.0 , 10 , 10
2 , 8.42 , 8.0 , 10 , 10
2 , 8.42 , 8.0 , 10 , 10
2 , 8.4 , 8.0 , 10 , 10
2 , 8.4 , 8.0 , 10 , 10
2 , 8.4 , 8.0 , 10 , 10
2 , 8.38 , 8.0 , 8 , 10
2 , 8.38 , 8.0 , 8 , 10
2 , 8.38 , 8.0 , 8 , 10
2 , 8.38 , 8.0 , 8 , 10
2 , 8.36 , 8.0 , 8 , 10
2 , 8.36 , 8.0 , 8 , 10
2 , 8.36 , 8.0 , 8 , 10
2 , 8.34 , 8.0 , 8 , 10
2 , 8.32 , 8.0 , 8 , 10
2 , 8.26 , 8.0 , 8 , 10
2 , 8.22 , 8.0 , 8 , 10
2 , 8.22 , 8.0 , 8 , 10
2 , 8.22 , 8.0 , 8 , 10
2 , 8.22 , 8.0 , 8 , 10
2 , 8.22 , 8.0 , 8 , 10
2 , 8.18 , 8.0 , 8 , 10
2 , 8.18 , 8.0 , 8 , 10
2 , 8.12 , 8.0 , 8 , 10
2 , 8.08 , 8.0 , 8 , 10
2 , 8.08 , 8.0 , 8 , 10
2 , 8.08 , 8.0 , 8 , 10
2 , 8.04 , 8.0 , 8 , 10
2 , 8.0 , 8.0 , 8 , 10
2 , 8.0 , 8.0 , 8 , 10
2 , 7.98 , 8.0 , 8 , 10
2 , 7.96 , 8.0 , 8 , 10
2 , 7.94 , 8.0 , 8 , 10
2 , 7.94 , 8.0 , 8 , 10
2 , 7.94 , 8.0 , 8 , 10
2 , 7.94 , 8.0 , 8 , 10
2 , 7.92 , 8.0 , 8 , 10
2 , 7.92 , 8.0 , 8 , 10
2 , 7.86 , 8.0 , 8 , 10
2 , 7.86 , 8.0 , 8 , 10
2 , 7.86 , 8.0 , 8 , 10
2 , 7.84 , 8.0 , 8 , 10
2 , 7.84 , 8.0 , 8 , 10
2 , 7.78 , 8.0 , 8 , 10
2 , 7.78 , 8.0 , 8 , 10
2 , 7.72 , 8.0 , 8 , 10
2 , 7.7 , 8.0 , 8 , 10
2 , 7.68 , 8.0 , 8 , 10
2 , 7.66 , 8.0 , 8 , 10
2 , 7.66 , 8.0 , 8 , 10
2 , 7.64 , 8.0 , 8 , 10
2 , 7.62 , 8.0 , 8 , 10
2 , 7.6 , 8.0 , 8 , 10
2 , 7.6 , 8.0 , 8 , 10
2 , 7.6 , 8.0 , 8 , 10
2 , 7.6 , 8.0 , 8 , 10
2 , 7.6 , 8.0 , 8 , 10
2 , 7.6 , 8.0 , 8 , 10
2 , 7.58 , 8.0 , 8 , 10
2 , 7.56 , 8.0 , 8 , 10
2 , 7.56 , 8.0 , 8 , 10
2 , 7.56 , 8.0 , 8 , 10
2 , 7.56 , 8.0 , 8 , 10
2 , 7.56 , 8.0 , 8 , 10
2 , 7.56 , 8.0 , 8 , 10
2 , 7.54 , 8.0 , 8 , 10
2 , 7.52 , 8.0 , 8 , 10
2 , 7.52 , 8.0 , 8 , 10
2 , 7.52 , 8.0 , 8 , 10
2 , 7.48 , 8.0 , 8 , 10
2 , 7.48 , 8.0 , 8 , 10
2 , 7.46 , 8.0 , 8 , 10
2 , 7.46 , 8.0 , 8 , 10
2 , 7.46 , 8.0 , 8 , 10
2 , 7.42 , 8.0 , 8 , 10
2 , 7.42 , 8.0 , 8 , 10
2 , 7.42 , 8.0 , 8 , 10
2 , 7.42 , 8.0 , 8 , 10
2 , 7.42 , 8.0 , 8 , 10
2 , 7.42 , 8.0 , 8 , 10
2 , 7.42 , 8.0 , 8 , 10
2 , 7.4 , 8.0 , 8 , 10
2 , 7.36 , 8.0 , 8 , 10
2 , 7.36 , 8.0 , 8 , 10
2 , 7.36 , 8.0 , 8 , 10
2 , 7.36 , 8.0 , 8 , 10
2 , 7.36 , 8.0 , 8 , 10
2 , 7.36 , 8.0 , 8 , 10
2 , 7.34 , 8.0 , 8 , 10
2 , 7.3 , 8.0 , 8 , 8
2 , 7.3 , 8.0 , 8 , 8
2 , 7.3 , 8.0 , 8 , 8
2 , 7.3 , 8.0 , 8 , 8
2 , 7.3 , 8.0 , 8 , 8
2 , 7.3 , 8.0 , 8 , 8
2 , 7.3 , 8.0 , 8 , 8
2 , 7.3 , 8.0 , 8 , 8
2 , 7.3 , 8.0 , 8 , 8
2 , 7.3 , 8.0 , 8 , 8
2 , 7.3 , 8.0 , 8 , 8
2 , 7.26 , 8.0 , 8 , 8
2 , 7.26 , 8.0 , 8 , 8
2 , 7.26 , 8.0 , 8 , 8
2 , 7.26 , 8.0 , 8 , 8
2 , 7.26 , 8.0 , 8 , 8
2 , 7.26 , 8.0 , 8 , 8
2 , 7.24 , 8.0 , 8 , 8
2 , 7.24 , 8.0 , 8 , 8
2 , 7.24 , 8.0 , 8 , 8
2 , 7.24 , 8.0 , 8 , 8
2 , 7.24 , 8.0 , 8 , 8
2 , 7.24 , 8.0 , 8 , 8
2 , 7.24 , 8.0 , 8 , 8
2 , 7.24 , 8.0 , 8 , 8
2 , 7.24 , 8.0 , 8 , 8
2 , 7.24 , 8.0 , 8 , 8
2 , 7.24 , 8.0 , 8 , 8
2 , 7.24 , 8.0 , 8 , 8
2 , 7.24 , 8.0 , 8 , 8
2 , 7.24 , 8.0 , 8 , 8
2 , 7.2 , 8.0 , 8 , 8
2 , 7.18 , 8.0 , 8 , 8
2 , 7.18 , 8.0 , 8 , 8
2 , 7.16 , 8.0 , 8 , 8
2 , 7.16 , 8.0 , 8 , 8
2 , 7.16 , 8.0 , 8 , 8
2 , 7.12 , 8.0 , 8 , 8
2 , 7.12 , 8.0 , 8 , 8
2 , 7.12 , 8.0 , 8 , 8
2 , 7.12 , 8.0 , 8 , 8
2 , 7.08 , 8.0 , 8 , 8
2 , 7.08 , 8.0 , 8 , 8
2 , 7.08 , 8.0 , 8 , 8
2 , 7.06 , 8.0 , 8 , 8
2 , 7.06 , 8.0 , 8 , 8
2 , 7.06 , 8.0 , 8 , 8
2 , 7.04 , 8.0 , 8 , 8
2 , 7.04 , 8.0 , 8 , 8
2 , 7.04 , 8.0 , 8 , 8
2 , 7.04 , 8.0 , 8 , 8
2 , 7.04 , 8.0 , 8 , 8
2 , 7.04 , 8.0 , 8 , 8
2 , 7.04 , 8.0 , 8 , 8
2 , 7.04 , 8.0 , 8 , 8
2 , 7.04 , 8.0 , 8 , 8
2 , 7.04 , 8.0 , 8 , 8
2 , 7.04 , 8.0 , 8 , 8
2 , 7.0 , 8.0 , 8 , 8
2 , 7.0 , 8.0 , 8 , 8
2 , 7.0 , 8.0 , 8 , 8
2 , 6.98 , 8.0 , 8 , 8
2 , 6.96 , 8.0 , 8 , 8
2 , 6.94 , 8.0 , 8 , 8
2 , 6.94 , 8.0 , 8 , 8
2 , 6.94 , 8.0 , 8 , 8
2 , 6.94 , 8.0 , 8 , 8
2 , 6.94 , 8.0 , 8 , 8
2 , 6.94 , 8.0 , 8 , 8
2 , 6.94 , 8.0 , 8 , 8
2 , 6.92 , 8.0 , 8 , 8
2 , 6.92 , 8.0 , 8 , 8
2 , 6.92 , 8.0 , 8 , 8
2 , 6.92 , 8.0 , 8 , 8
2 , 6.92 , 8.0 , 8 , 8
2 , 6.92 , 8.0 , 8 , 8
2 , 6.92 , 8.0 , 8 , 8
2 , 6.92 , 8.0 , 8 , 8
2 , 6.92 , 8.0 , 8 , 8
2 , 6.92 , 8.0 , 8 , 8
2 , 6.92 , 8.0 , 8 , 8
2 , 6.92 , 8.0 , 8 , 8
2 , 6.92 , 8.0 , 8 , 8
2 , 6.9 , 8.0 , 8 , 8
2 , 6.9 , 8.0 , 8 , 8
2 , 6.9 , 8.0 , 8 , 8
2 , 6.9 , 8.0 , 8 , 8
2 , 6.9 , 8.0 , 8 , 8
2 , 6.9 , 8.0 , 8 , 8
2 , 6.9 , 8.0 , 8 , 8
2 , 6.9 , 8.0 , 8 , 8
2 , 6.88 , 8.0 , 8 , 8
2 , 6.88 , 8.0 , 8 , 8
2 , 6.88 , 8.0 , 8 , 8
2 , 6.86 , 8.0 , 8 , 8
2 , 6.86 , 8.0 , 8 , 8
2 , 6.86 , 8.0 , 8 , 8
2 , 6.86 , 8.0 , 8 , 8
2 , 6.86 , 8.0 , 8 , 8
2 , 6.86 , 8.0 , 8 , 8
2 , 6.86 , 8.0 , 8 , 8
2 , 6.86 , 8.0 , 8 , 8
2 , 6.86 , 8.0 , 8 , 8
2 , 6.86 , 8.0 , 8 , 8
2 , 6.86 , 8.0 , 8 , 8
2 , 6.86 , 8.0 , 8 , 8
2 , 6.86 , 8.0 , 8 , 8
2 , 6.86 , 8.0 , 8 , 8
2 , 6.86 , 8.0 , 8 , 8
2 , 6.86 , 8.0 , 8 , 8
2 , 6.86 , 8.0 , 8 , 8
2 , 6.86 , 8.0 , 8 , 8
2 , 6.84 , 8.0 , 8 , 8
2 , 6.84 , 8.0 , 8 , 8
2 , 6.82 , 8.0 , 8 , 8
2 , 6.82 , 8.0 , 8 , 8
2 , 6.82 , 8.0 , 8 , 8
2 , 6.82 , 8.0 , 8 , 8
2 , 6.8 , 8.0 , 8 , 8
2 , 6.8 , 8.0 , 8 , 8
2 , 6.8 , 8.0 , 8 , 8
2 , 6.78 , 8.0 , 8 , 8
2 , 6.78 , 8.0 , 8 , 8
2 , 6.78 , 8.0 , 8 , 8
2 , 6.78 , 8.0 , 8 , 8
2 , 6.74 , 7.0 , 8 , 8
2 , 6.74 , 7.0 , 8 , 8
2 , 6.74 , 7.0 , 8 , 8
2 , 6.74 , 7.0 , 8 , 8
2 , 6.74 , 7.0 , 8 , 8
2 , 6.74 , 7.0 , 8 , 8
2 , 6.74 , 7.0 , 8 , 8
2 , 6.74 , 7.0 , 8 , 8
2 , 6.74 , 7.0 , 8 , 8
2 , 6.72 , 6.0 , 8 , 8
2 , 6.72 , 6.0 , 8 , 8
2 , 6.72 , 6.0 , 8 , 8
2 , 6.72 , 6.0 , 8 , 8
2 , 6.7 , 6.0 , 8 , 8
2 , 6.7 , 6.0 , 8 , 8
2 , 6.7 , 6.0 , 8 , 8
2 , 6.7 , 6.0 , 8 , 8
2 , 6.7 , 6.0 , 8 , 8
2 , 6.64 , 6.0 , 8 , 8
2 , 6.64 , 6.0 , 8 , 8
2 , 6.64 , 6.0 , 8 , 8
2 , 6.64 , 6.0 , 8 , 8
2 , 6.64 , 6.0 , 8 , 8
2 , 6.64 , 6.0 , 8 , 8
2 , 6.64 , 6.0 , 8 , 8
2 , 6.64 , 6.0 , 8 , 8
2 , 6.64 , 6.0 , 8 , 8
2 , 6.64 , 6.0 , 8 , 8
2 , 6.64 , 6.0 , 8 , 8
2 , 6.64 , 6.0 , 8 , 8
2 , 6.64 , 6.0 , 8 , 8
2 , 6.64 , 6.0 , 8 , 8
2 , 6.6 , 6.0 , 8 , 8
2 , 6.56 , 6.0 , 6 , 8
2 , 6.56 , 6.0 , 6 , 8
2 , 6.56 , 6.0 , 6 , 8
2 , 6.56 , 6.0 , 6 , 8
2 , 6.52 , 6.0 , 6 , 8
2 , 6.52 , 6.0 , 6 , 8
2 , 6.48 , 6.0 , 6 , 8
2 , 6.48 , 6.0 , 6 , 8
2 , 6.46 , 6.0 , 6 , 8
2 , 6.46 , 6.0 , 6 , 8
2 , 6.46 , 6.0 , 6 , 8
2 , 6.46 , 6.0 , 6 , 8
2 , 6.46 , 6.0 , 6 , 8
2 , 6.46 , 6.0 , 6 , 8
2 , 6.44 , 6.0 , 6 , 8
2 , 6.44 , 6.0 , 6 , 8
2 , 6.44 , 6.0 , 6 , 8
2 , 6.44 , 6.0 , 6 , 8
2 , 6.44 , 6.0 , 6 , 8
2 , 6.44 , 6.0 , 6 , 8
2 , 6.44 , 6.0 , 6 , 8
2 , 6.44 , 6.0 , 6 , 8
2 , 6.42 , 6.0 , 6 , 8
2 , 6.42 , 6.0 , 6 , 8
2 , 6.42 , 6.0 , 6 , 8
2 , 6.42 , 6.0 , 6 , 8
2 , 6.42 , 6.0 , 6 , 8
2 , 6.38 , 6.0 , 6 , 8
2 , 6.36 , 6.0 , 6 , 8
2 , 6.36 , 6.0 , 6 , 8
2 , 6.36 , 6.0 , 6 , 8
2 , 6.36 , 6.0 , 6 , 8
2 , 6.34 , 6.0 , 6 , 8
2 , 6.34 , 6.0 , 6 , 8
2 , 6.34 , 6.0 , 6 , 8
2 , 6.34 , 6.0 , 6 , 8
2 , 6.34 , 6.0 , 6 , 8
2 , 6.34 , 6.0 , 6 , 8
2 , 6.34 , 6.0 , 6 , 8
2 , 6.34 , 6.0 , 6 , 8
2 , 6.34 , 6.0 , 6 , 8
2 , 6.34 , 6.0 , 6 , 8
2 , 6.34 , 6.0 , 6 , 8
2 , 6.34 , 6.0 , 6 , 8
2 , 6.34 , 6.0 , 6 , 8
2 , 6.34 , 6.0 , 6 , 8
2 , 6.34 , 6.0 , 6 , 8
2 , 6.34 , 6.0 , 6 , 8
2 , 6.34 , 6.0 , 6 , 8
2 , 6.34 , 6.0 , 6 , 8
2 , 6.32 , 6.0 , 6 , 8
2 , 6.28 , 6.0 , 6 , 8
2 , 6.28 , 6.0 , 6 , 8
2 , 6.28 , 6.0 , 6 , 8
2 , 6.28 , 6.0 , 6 , 8
2 , 6.26 , 6.0 , 6 , 8
2 , 6.26 , 6.0 , 6 , 8
2 , 6.26 , 6.0 , 6 , 8
2 , 6.24 , 6.0 , 6 , 8
2 , 6.24 , 6.0 , 6 , 8
2 , 6.24 , 6.0 , 6 , 8
2 , 6.2 , 6.0 , 6 , 8
2 , 6.16 , 6.0 , 6 , 8
2 , 6.16 , 6.0 , 6 , 8
2 , 6.16 , 6.0 , 6 , 8
2 , 6.12 , 6.0 , 6 , 8
2 , 6.12 , 6.0 , 6 , 8
2 , 6.12 , 6.0 , 6 , 8
2 , 6.08 , 6.0 , 6 , 8
2 , 6.08 , 6.0 , 6 , 8
2 , 6.08 , 6.0 , 6 , 8
2 , 6.06 , 6.0 , 6 , 8
2 , 6.06 , 6.0 , 6 , 8
2 , 6.06 , 6.0 , 6 , 8
2 , 6.06 , 6.0 , 6 , 8
2 , 6.02 , 6.0 , 6 , 8
2 , 6.02 , 6.0 , 6 , 8
2 , 6.02 , 6.0 , 6 , 8
2 , 5.96 , 6.0 , 6 , 8
2 , 5.96 , 6.0 , 6 , 8
2 , 5.94 , 6.0 , 6 , 8
2 , 5.94 , 6.0 , 6 , 8
2 , 5.92 , 6.0 , 6 , 8
2 , 5.92 , 6.0 , 6 , 8
2 , 5.92 , 6.0 , 6 , 8
2 , 5.92 , 6.0 , 6 , 8
2 , 5.9 , 6.0 , 6 , 8
2 , 5.9 , 6.0 , 6 , 8
2 , 5.88 , 6.0 , 6 , 8
2 , 5.88 , 6.0 , 6 , 8
2 , 5.88 , 6.0 , 6 , 8
2 , 5.88 , 6.0 , 6 , 8
2 , 5.88 , 6.0 , 6 , 8
2 , 5.88 , 6.0 , 6 , 8
2 , 5.88 , 6.0 , 6 , 8
2 , 5.88 , 6.0 , 6 , 8
2 , 5.86 , 6.0 , 6 , 8
2 , 5.86 , 6.0 , 6 , 8
2 , 5.86 , 6.0 , 6 , 8
2 , 5.86 , 6.0 , 6 , 8
2 , 5.86 , 6.0 , 6 , 8
2 , 5.86 , 6.0 , 6 , 8
2 , 5.84 , 6.0 , 6 , 8
2 , 5.84 , 6.0 , 6 , 8
2 , 5.82 , 6.0 , 6 , 8
2 , 5.82 , 6.0 , 6 , 8
2 , 5.82 , 6.0 , 6 , 8
2 , 5.82 , 6.0 , 6 , 8
2 , 5.82 , 6.0 , 6 , 8
2 , 5.8 , 6.0 , 6 , 8
2 , 5.8 , 6.0 , 6 , 8
2 , 5.8 , 6.0 , 6 , 8
2 , 5.8 , 6.0 , 6 , 8
2 , 5.8 , 6.0 , 6 , 8
2 , 5.8 , 6.0 , 6 , 8
2 , 5.8 , 6.0 , 6 , 8
2 , 5.8 , 6.0 , 6 , 8
2 , 5.8 , 6.0 , 6 , 8
2 , 5.8 , 6.0 , 6 , 8
2 , 5.8 , 6.0 , 6 , 8
2 , 5.78 , 6.0 , 6 , 8
2 , 5.78 , 6.0 , 6 , 8
2 , 5.78 , 6.0 , 6 , 8
2 , 5.78 , 6.0 , 6 , 8
2 , 5.76 , 6.0 , 6 , 8
2 , 5.76 , 6.0 , 6 , 8
2 , 5.76 , 6.0 , 6 , 8
2 , 5.76 , 6.0 , 6 , 8
2 , 5.74 , 6.0 , 6 , 8
2 , 5.74 , 6.0 , 6 , 8
2 , 5.74 , 6.0 , 6 , 8
2 , 5.74 , 6.0 , 6 , 8
2 , 5.72 , 6.0 , 6 , 8
2 , 5.72 , 6.0 , 6 , 8
2 , 5.72 , 6.0 , 6 , 8
2 , 5.72 , 6.0 , 6 , 8
2 , 5.72 , 6.0 , 6 , 8
2 , 5.72 , 6.0 , 6 , 8
2 , 5.72 , 6.0 , 6 , 8
2 , 5.7 , 6.0 , 6 , 8
2 , 5.7 , 6.0 , 6 , 8
2 , 5.66 , 6.0 , 6 , 8
2 , 5.66 , 6.0 , 6 , 8
2 , 5.66 , 6.0 , 6 , 8
2 , 5.66 , 6.0 , 6 , 8
2 , 5.66 , 6.0 , 6 , 8
2 , 5.66 , 6.0 , 6 , 8
2 , 5.66 , 6.0 , 6 , 8
2 , 5.66 , 6.0 , 6 , 8
2 , 5.66 , 6.0 , 6 , 8
2 , 5.66 , 6.0 , 6 , 8
2 , 5.64 , 6.0 , 6 , 8
2 , 5.64 , 6.0 , 6 , 8
2 , 5.6 , 6.0 , 6 , 8
2 , 5.6 , 6.0 , 6 , 8
2 , 5.6 , 6.0 , 6 , 8
2 , 5.6 , 6.0 , 6 , 8
2 , 5.6 , 6.0 , 6 , 8
2 , 5.6 , 6.0 , 6 , 8
2 , 5.58 , 6.0 , 6 , 8
2 , 5.58 , 6.0 , 6 , 8
2 , 5.58 , 6.0 , 6 , 8
2 , 5.58 , 6.0 , 6 , 8
2 , 5.58 , 6.0 , 6 , 8
2 , 5.56 , 6.0 , 6 , 8
2 , 5.56 , 6.0 , 6 , 8
2 , 5.56 , 6.0 , 6 , 8
2 , 5.56 , 6.0 , 6 , 8
2 , 5.56 , 6.0 , 6 , 8
2 , 5.56 , 6.0 , 6 , 8
2 , 5.56 , 6.0 , 6 , 8
2 , 5.56 , 6.0 , 6 , 8
2 , 5.54 , 6.0 , 6 , 6
2 , 5.54 , 6.0 , 6 , 6
2 , 5.54 , 6.0 , 6 , 6
2 , 5.54 , 6.0 , 6 , 6
2 , 5.54 , 6.0 , 6 , 6
2 , 5.54 , 6.0 , 6 , 6
2 , 5.54 , 6.0 , 6 , 6
2 , 5.54 , 6.0 , 6 , 6
2 , 5.54 , 6.0 , 6 , 6
2 , 5.54 , 6.0 , 6 , 6
2 , 5.54 , 6.0 , 6 , 6
2 , 5.52 , 6.0 , 6 , 6
2 , 5.5 , 6.0 , 6 , 6
2 , 5.5 , 6.0 , 6 , 6
2 , 5.5 , 6.0 , 6 , 6
2 , 5.5 , 6.0 , 6 , 6
2 , 5.5 , 6.0 , 6 , 6
2 , 5.5 , 6.0 , 6 , 6
2 , 5.5 , 6.0 , 6 , 6
2 , 5.5 , 6.0 , 6 , 6
2 , 5.5 , 6.0 , 6 , 6
2 , 5.5 , 6.0 , 6 , 6
2 , 5.5 , 6.0 , 6 , 6
2 , 5.5 , 6.0 , 6 , 6
2 , 5.5 , 6.0 , 6 , 6
2 , 5.5 , 6.0 , 6 , 6
2 , 5.48 , 6.0 , 6 , 6
2 , 5.48 , 6.0 , 6 , 6
2 , 5.48 , 6.0 , 6 , 6
2 , 5.48 , 6.0 , 6 , 6
2 , 5.48 , 6.0 , 6 , 6
2 , 5.48 , 6.0 , 6 , 6
2 , 5.48 , 6.0 , 6 , 6
2 , 5.48 , 6.0 , 6 , 6
2 , 5.48 , 6.0 , 6 , 6
2 , 5.48 , 6.0 , 6 , 6
2 , 5.48 , 6.0 , 6 , 6
2 , 5.46 , 6.0 , 6 , 6
2 , 5.46 , 6.0 , 6 , 6
2 , 5.46 , 6.0 , 6 , 6
2 , 5.46 , 6.0 , 6 , 6
2 , 5.46 , 6.0 , 6 , 6
2 , 5.46 , 6.0 , 6 , 6
2 , 5.46 , 6.0 , 6 , 6
2 , 5.46 , 6.0 , 6 , 6
2 , 5.46 , 6.0 , 6 , 6
2 , 5.46 , 6.0 , 6 , 6
2 , 5.44 , 6.0 , 6 , 6
2 , 5.44 , 6.0 , 6 , 6
2 , 5.44 , 6.0 , 6 , 6
2 , 5.44 , 6.0 , 6 , 6
2 , 5.44 , 6.0 , 6 , 6
2 , 5.44 , 6.0 , 6 , 6
2 , 5.44 , 6.0 , 6 , 6
2 , 5.44 , 6.0 , 6 , 6
2 , 5.44 , 6.0 , 6 , 6
2 , 5.44 , 6.0 , 6 , 6
2 , 5.44 , 6.0 , 6 , 6
2 , 5.44 , 6.0 , 6 , 6
2 , 5.44 , 6.0 , 6 , 6
2 , 5.44 , 6.0 , 6 , 6
2 , 5.44 , 6.0 , 6 , 6
2 , 5.44 , 6.0 , 6 , 6
2 , 5.44 , 6.0 , 6 , 6
2 , 5.44 , 6.0 , 6 , 6
2 , 5.44 , 6.0 , 6 , 6
2 , 5.44 , 6.0 , 6 , 6
2 , 5.42 , 6.0 , 6 , 6
2 , 5.42 , 6.0 , 6 , 6
2 , 5.42 , 6.0 , 6 , 6
2 , 5.42 , 6.0 , 6 , 6
2 , 5.42 , 6.0 , 6 , 6
2 , 5.4 , 6.0 , 6 , 6
2 , 5.4 , 6.0 , 6 , 6
2 , 5.4 , 6.0 , 6 , 6
2 , 5.4 , 6.0 , 6 , 6
2 , 5.4 , 6.0 , 6 , 6
2 , 5.4 , 6.0 , 6 , 6
2 , 5.4 , 6.0 , 6 , 6
2 , 5.4 , 6.0 , 6 , 6
2 , 5.4 , 6.0 , 6 , 6
2 , 5.4 , 6.0 , 6 , 6
2 , 5.4 , 6.0 , 6 , 6
2 , 5.4 , 6.0 , 6 , 6
2 , 5.4 , 6.0 , 6 , 6
2 , 5.4 , 6.0 , 6 , 6
2 , 5.4 , 6.0 , 6 , 6
2 , 5.4 , 6.0 , 6 , 6
2 , 5.4 , 6.0 , 6 , 6
2 , 5.38 , 6.0 , 6 , 6
2 , 5.38 , 6.0 , 6 , 6
2 , 5.38 , 6.0 , 6 , 6
2 , 5.38 , 6.0 , 6 , 6
2 , 5.38 , 6.0 , 6 , 6
2 , 5.38 , 6.0 , 6 , 6
2 , 5.38 , 6.0 , 6 , 6
2 , 5.38 , 6.0 , 6 , 6
2 , 5.38 , 6.0 , 6 , 6
2 , 5.38 , 6.0 , 6 , 6
2 , 5.36 , 6.0 , 6 , 6
2 , 5.36 , 6.0 , 6 , 6
2 , 5.36 , 6.0 , 6 , 6
2 , 5.36 , 6.0 , 6 , 6
2 , 5.36 , 6.0 , 6 , 6
2 , 5.36 , 6.0 , 6 , 6
2 , 5.36 , 6.0 , 6 , 6
2 , 5.36 , 6.0 , 6 , 6
2 , 5.36 , 6.0 , 6 , 6
2 , 5.34 , 6.0 , 6 , 6
2 , 5.34 , 6.0 , 6 , 6
2 , 5.34 , 6.0 , 6 , 6
2 , 5.34 , 6.0 , 6 , 6
2 , 5.34 , 6.0 , 6 , 6
2 , 5.34 , 6.0 , 6 , 6
2 , 5.34 , 6.0 , 6 , 6
2 , 5.34 , 6.0 , 6 , 6
2 , 5.34 , 6.0 , 6 , 6
2 , 5.34 , 6.0 , 6 , 6
2 , 5.34 , 6.0 , 6 , 6
2 , 5.34 , 6.0 , 6 , 6
2 , 5.34 , 6.0 , 6 , 6
2 , 5.34 , 6.0 , 6 , 6
2 , 5.34 , 6.0 , 6 , 6
2 , 5.34 , 6.0 , 6 , 6
2 , 5.34 , 6.0 , 6 , 6
2 , 5.34 , 6.0 , 6 , 6
2 , 5.34 , 6.0 , 6 , 6
2 , 5.32 , 6.0 , 6 , 6
2 , 5.32 , 6.0 , 6 , 6
2 , 5.32 , 6.0 , 6 , 6
2 , 5.32 , 6.0 , 6 , 6
2 , 5.32 , 6.0 , 6 , 6
2 , 5.32 , 6.0 , 6 , 6
2 , 5.32 , 6.0 , 6 , 6
2 , 5.32 , 6.0 , 6 , 6
2 , 5.3 , 6.0 , 6 , 6
2 , 5.3 , 6.0 , 6 , 6
2 , 5.3 , 6.0 , 6 , 6
2 , 5.3 , 6.0 , 6 , 6
2 , 5.3 , 6.0 , 6 , 6
2 , 5.28 , 6.0 , 6 , 6
2 , 5.28 , 6.0 , 6 , 6
2 , 5.28 , 6.0 , 6 , 6
2 , 5.28 , 6.0 , 6 , 6
2 , 5.28 , 6.0 , 6 , 6
2 , 5.28 , 6.0 , 6 , 6
2 , 5.28 , 6.0 , 6 , 6
2 , 5.28 , 6.0 , 6 , 6
2 , 5.28 , 6.0 , 6 , 6
2 , 5.28 , 6.0 , 6 , 6
2 , 5.28 , 6.0 , 6 , 6
2 , 5.28 , 6.0 , 6 , 6
2 , 5.28 , 6.0 , 6 , 6
2 , 5.28 , 6.0 , 6 , 6
2 , 5.28 , 6.0 , 6 , 6
2 , 5.28 , 6.0 , 6 , 6
2 , 5.28 , 6.0 , 6 , 6
2 , 5.28 , 6.0 , 6 , 6
2 , 5.28 , 6.0 , 6 , 6
2 , 5.28 , 6.0 , 6 , 6
2 , 5.28 , 6.0 , 6 , 6
2 , 5.28 , 6.0 , 6 , 6
2 , 5.28 , 6.0 , 6 , 6
2 , 5.28 , 6.0 , 6 , 6
2 , 5.28 , 6.0 , 6 , 6
2 , 5.28 , 6.0 , 6 , 6
2 , 5.28 , 6.0 , 6 , 6
2 , 5.24 , 6.0 , 6 , 6
2 , 5.24 , 6.0 , 6 , 6
2 , 5.24 , 6.0 , 6 , 6
2 , 5.24 , 6.0 , 6 , 6
2 , 5.24 , 6.0 , 6 , 6
2 , 5.24 , 6.0 , 6 , 6
2 , 5.24 , 6.0 , 6 , 6
2 , 5.24 , 6.0 , 6 , 6
2 , 5.24 , 6.0 , 6 , 6
2 , 5.2 , 6.0 , 6 , 6
2 , 5.2 , 6.0 , 6 , 6
2 , 5.2 , 6.0 , 6 , 6
2 , 5.2 , 6.0 , 6 , 6
2 , 5.2 , 6.0 , 6 , 6
2 , 5.2 , 6.0 , 6 , 6
2 , 5.2 , 6.0 , 6 , 6
2 , 5.2 , 6.0 , 6 , 6
2 , 5.18 , 6.0 , 6 , 6
2 , 5.18 , 6.0 , 6 , 6
2 , 5.18 , 6.0 , 6 , 6
2 , 5.18 , 6.0 , 6 , 6
2 , 5.18 , 6.0 , 6 , 6
2 , 5.18 , 6.0 , 6 , 6
2 , 5.18 , 6.0 , 6 , 6
2 , 5.18 , 6.0 , 6 , 6
2 , 5.18 , 6.0 , 6 , 6
2 , 5.18 , 6.0 , 6 , 6
2 , 5.18 , 6.0 , 6 , 6
2 , 5.18 , 6.0 , 6 , 6
2 , 5.18 , 6.0 , 6 , 6
2 , 5.18 , 6.0 , 6 , 6
2 , 5.18 , 6.0 , 6 , 6
2 , 5.18 , 6.0 , 6 , 6
2 , 5.18 , 6.0 , 6 , 6
2 , 5.18 , 6.0 , 6 , 6
2 , 5.18 , 6.0 , 6 , 6
2 , 5.18 , 6.0 , 6 , 6
2 , 5.18 , 6.0 , 6 , 6
2 , 5.18 , 6.0 , 6 , 6
2 , 5.18 , 6.0 , 6 , 6
2 , 5.18 , 6.0 , 6 , 6
2 , 5.18 , 6.0 , 6 , 6
2 , 5.18 , 6.0 , 6 , 6
2 , 5.18 , 6.0 , 6 , 6
2 , 5.18 , 6.0 , 6 , 6
2 , 5.18 , 6.0 , 6 , 6
2 , 5.18 , 6.0 , 6 , 6
2 , 5.18 , 6.0 , 6 , 6
2 , 5.18 , 6.0 , 6 , 6
2 , 5.18 , 6.0 , 6 , 6
2 , 5.18 , 6.0 , 6 , 6
2 , 5.18 , 6.0 , 6 , 6
2 , 5.18 , 6.0 , 6 , 6
2 , 5.18 , 6.0 , 6 , 6
2 , 5.18 , 6.0 , 6 , 6
2 , 5.18 , 6.0 , 6 , 6
2 , 5.18 , 6.0 , 6 , 6
2 , 5.18 , 6.0 , 6 , 6
2 , 5.18 , 6.0 , 6 , 6
2 , 5.18 , 6.0 , 6 , 6
2 , 5.18 , 6.0 , 6 , 6
2 , 5.18 , 6.0 , 6 , 6
2 , 5.18 , 6.0 , 6 , 6
2 , 5.18 , 6.0 , 6 , 6
2 , 5.18 , 6.0 , 6 , 6
2 , 5.18 , 6.0 , 6 , 6
2 , 5.18 , 6.0 , 6 , 6
2 , 5.16 , 6.0 , 6 , 6
2 , 5.16 , 6.0 , 6 , 6
2 , 5.16 , 6.0 , 6 , 6
2 , 5.16 , 6.0 , 6 , 6
2 , 5.16 , 6.0 , 6 , 6
2 , 5.14 , 6.0 , 6 , 6
2 , 5.14 , 6.0 , 6 , 6
2 , 5.14 , 6.0 , 6 , 6
2 , 5.14 , 6.0 , 6 , 6
2 , 5.14 , 6.0 , 6 , 6
2 , 5.14 , 6.0 , 6 , 6
2 , 5.14 , 6.0 , 6 , 6
2 , 5.14 , 6.0 , 6 , 6
2 , 5.14 , 6.0 , 6 , 6
2 , 5.14 , 6.0 , 6 , 6
2 , 5.14 , 6.0 , 6 , 6
2 , 5.14 , 6.0 , 6 , 6
2 , 5.14 , 6.0 , 6 , 6
2 , 5.14 , 6.0 , 6 , 6
2 , 5.14 , 6.0 , 6 , 6
2 , 5.14 , 6.0 , 6 , 6
2 , 5.14 , 6.0 , 6 , 6
2 , 5.14 , 6.0 , 6 , 6
2 , 5.14 , 6.0 , 6 , 6
2 , 5.14 , 6.0 , 6 , 6
2 , 5.14 , 6.0 , 6 , 6
2 , 5.14 , 6.0 , 6 , 6
2 , 5.14 , 6.0 , 6 , 6
2 , 5.14 , 6.0 , 6 , 6
2 , 5.14 , 6.0 , 6 , 6
2 , 5.14 , 6.0 , 6 , 6
2 , 5.14 , 6.0 , 6 , 6
2 , 5.14 , 6.0 , 6 , 6
2 , 5.14 , 6.0 , 6 , 6
2 , 5.14 , 6.0 , 6 , 6
2 , 5.14 , 6.0 , 6 , 6
2 , 5.14 , 6.0 , 6 , 6
2 , 5.14 , 6.0 , 6 , 6
2 , 5.14 , 6.0 , 6 , 6
2 , 5.14 , 6.0 , 6 , 6
2 , 5.14 , 6.0 , 6 , 6
2 , 5.14 , 6.0 , 6 , 6
2 , 5.14 , 6.0 , 6 , 6
2 , 5.14 , 6.0 , 6 , 6
2 , 5.14 , 6.0 , 6 , 6
2 , 5.14 , 6.0 , 6 , 6
2 , 5.14 , 6.0 , 6 , 6
2 , 5.14 , 6.0 , 6 , 6
2 , 5.14 , 6.0 , 6 , 6
2 , 5.14 , 6.0 , 6 , 6
2 , 5.14 , 6.0 , 6 , 6
2 , 5.14 , 6.0 , 6 , 6
2 , 5.12 , 6.0 , 6 , 6
2 , 5.12 , 6.0 , 6 , 6
2 , 5.12 , 6.0 , 6 , 6
2 , 5.12 , 6.0 , 6 , 6
2 , 5.1 , 6.0 , 6 , 6
2 , 5.1 , 6.0 , 6 , 6
2 , 5.1 , 6.0 , 6 , 6
2 , 5.1 , 6.0 , 6 , 6
2 , 5.1 , 6.0 , 6 , 6
2 , 5.1 , 6.0 , 6 , 6
2 , 5.1 , 6.0 , 6 , 6
2 , 5.1 , 6.0 , 6 , 6
2 , 5.1 , 6.0 , 6 , 6
2 , 5.1 , 6.0 , 6 , 6
2 , 5.1 , 6.0 , 6 , 6
2 , 5.1 , 6.0 , 6 , 6
2 , 5.1 , 6.0 , 6 , 6
2 , 5.1 , 6.0 , 6 , 6
2 , 5.1 , 6.0 , 6 , 6
2 , 5.1 , 6.0 , 6 , 6
2 , 5.08 , 6.0 , 6 , 6
2 , 5.08 , 6.0 , 6 , 6
2 , 5.08 , 6.0 , 6 , 6
2 , 5.08 , 6.0 , 6 , 6
2 , 5.08 , 6.0 , 6 , 6
2 , 5.08 , 6.0 , 6 , 6
2 , 5.08 , 6.0 , 6 , 6
2 , 5.08 , 6.0 , 6 , 6
2 , 5.08 , 6.0 , 6 , 6
2 , 5.06 , 6.0 , 6 , 6
2 , 5.06 , 6.0 , 6 , 6
2 , 5.06 , 6.0 , 6 , 6
2 , 5.06 , 6.0 , 6 , 6
2 , 5.06 , 6.0 , 6 , 6
2 , 5.06 , 6.0 , 6 , 6
2 , 5.06 , 6.0 , 6 , 6
2 , 5.06 , 6.0 , 6 , 6
2 , 5.06 , 6.0 , 6 , 6
2 , 5.04 , 6.0 , 6 , 6
2 , 5.02 , 6.0 , 6 , 6
2 , 5.02 , 6.0 , 6 , 6
2 , 5.02 , 6.0 , 6 , 6
2 , 5.02 , 6.0 , 6 , 6
2 , 5.02 , 6.0 , 6 , 6
2 , 5.02 , 6.0 , 6 , 6
2 , 5.02 , 6.0 , 6 , 6
2 , 5.02 , 6.0 , 6 , 6
2 , 5.02 , 6.0 , 6 , 6
2 , 5.02 , 6.0 , 6 , 6
2 , 5.0 , 6.0 , 6 , 6
2 , 5.0 , 6.0 , 6 , 6
2 , 5.0 , 6.0 , 6 , 6
2 , 5.0 , 6.0 , 6 , 6
2 , 5.0 , 6.0 , 6 , 6
2 , 5.0 , 6.0 , 6 , 6
2 , 5.0 , 6.0 , 6 , 6
2 , 4.98 , 6.0 , 6 , 6
2 , 4.98 , 6.0 , 6 , 6
2 , 4.98 , 6.0 , 6 , 6
2 , 4.98 , 6.0 , 6 , 6
2 , 4.98 , 6.0 , 6 , 6
2 , 4.96 , 6.0 , 6 , 6
2 , 4.96 , 6.0 , 6 , 6
2 , 4.96 , 6.0 , 6 , 6
2 , 4.96 , 6.0 , 6 , 6
2 , 4.96 , 6.0 , 6 , 6
2 , 4.96 , 6.0 , 6 , 6
2 , 4.96 , 6.0 , 6 , 6
2 , 4.96 , 6.0 , 6 , 6
2 , 4.96 , 6.0 , 6 , 6
2 , 4.96 , 6.0 , 6 , 6
2 , 4.96 , 6.0 , 6 , 6
2 , 4.96 , 6.0 , 6 , 6
2 , 4.96 , 6.0 , 6 , 6
2 , 4.96 , 6.0 , 6 , 6
2 , 4.96 , 6.0 , 6 , 6
2 , 4.96 , 6.0 , 6 , 6
2 , 4.96 , 6.0 , 6 , 6
2 , 4.96 , 6.0 , 6 , 6
2 , 4.96 , 6.0 , 6 , 6
2 , 4.94 , 5.0 , 6 , 6
2 , 4.94 , 5.0 , 6 , 6
2 , 4.94 , 5.0 , 6 , 6
2 , 4.94 , 5.0 , 6 , 6
2 , 4.94 , 5.0 , 6 , 6
2 , 4.94 , 5.0 , 6 , 6
2 , 4.94 , 5.0 , 6 , 6
2 , 4.94 , 5.0 , 6 , 6
2 , 4.94 , 5.0 , 6 , 6
2 , 4.94 , 5.0 , 6 , 6
2 , 4.94 , 5.0 , 6 , 6
2 , 4.94 , 5.0 , 6 , 6
2 , 4.94 , 5.0 , 6 , 6
2 , 4.94 , 5.0 , 6 , 6
2 , 4.94 , 5.0 , 6 , 6
2 , 4.94 , 5.0 , 6 , 6
0  Perfect solutions
perfect solution individuals []
